1.000000 0.000000 0.000000 0.000000 0.000000 1.000000 0.000000 0.000000 0.000000 0.000000 1.000000 0.000000
1.000000 0.000539 0.000000 0.015826 -0.000539 1.000000 0.000000 -0.005757 0.000000 0.000000 1.000000 0.000000
1.000000 0.000078 0.000000 0.019691 -0.000078 1.000000 0.000000 -0.013985 0.000000 0.000000 1.000000 0.000000
1.000000 0.000039 0.000000 0.009773 -0.000039 1.000000 0.000000 -0.011008 0.000000 0.000000 1.000000 0.000000
1.000000 0.000406 0.000000 0.018447 -0.000406 1.000000 0.000000 -0.008560 0.000000 0.000000 1.000000 0.000000
1.000000 0.000091 0.000000 0.002042 -0.000091 1.000000 0.000000 -0.011668 0.000000 0.000000 1.000000 0.000000
1.000000 -0.000731 0.000000 -0.009386 0.000731 1.000000 0.000000 -0.005354 0.000000 0.000000 1.000000 0.000000
1.000000 -0.000290 0.000000 0.010366 0.000290 1.000000 0.000000 -0.004204 0.000000 0.000000 1.000000 0.000000
1.000000 0.000429 0.000000 -0.002267 -0.000429 1.000000 0.000000 -0.019160 0.000000 0.000000 1.000000 0.000000
1.000000 0.000150 0.000000 0.006771 -0.000150 1.000000 0.000000 0.010798 0.000000 0.000000 1.000000 0.000000
1.000000 0.000000 0.000000 -0.001742 -0.000000 1.000000 0.000000 -0.009277 0.000000 0.000000 1.000000 0.000000
1.000000 0.000196 0.000000 0.010581 -0.000196 1.000000 0.000000 -0.000840 0.000000 0.000000 1.000000 0.000000
1.000000 -0.000233 0.000000 0.009839 0.000233 1.000000 0.000000 -0.000980 0.000000 0.000000 1.000000 0.000000
1.000000 -0.000676 0.000000 0.006780 0.000676 1.000000 0.000000 -0.005455 0.000000 0.000000 1.000000 0.000000
1.000000 0.000091 0.000000 -0.004129 -0.000091 1.000000 0.000000 -0.015264 0.000000 0.000000 1.000000 0.000000
1.000000 0.000009 0.000000 0.000193 -0.000009 1.000000 0.000000 0.008323 0.000000 0.000000 1.000000 0.000000
1.000000 -0.000123 0.000000 -0.006806 0.000123 1.000000 0.000000 -0.012744 0.000000 0.000000 1.000000 0.000000
1.000000 -0.000815 0.000000 -0.003982 0.000815 1.000000 0.000000 -0.001901 0.000000 0.000000 1.000000 0.000000
1.000000 -0.000759 0.000000 0.002153 0.000759 1.000000 0.000000 -0.007052 0.000000 0.000000 1.000000 0.000000
1.000000 0.000830 0.000000 -0.011683 -0.000830 1.000000 0.000000 -0.007182 0.000000 0.000000 1.000000 0.000000
1.000000 -0.000017 0.000000 -0.005811 0.000017 1.000000 0.000000 0.001688 0.000000 0.000000 1.000000 0.000000
1.000000 -0.000016 0.000000 0.013507 0.000016 1.000000 0.000000 0.012392 0.000000 0.000000 1.000000 0.000000
0.999999 0.001040 0.000000 0.043736 -0.001040 0.999999 0.000000 0.002433 0.000000 0.000000 1.000000 0.000000
1.000000 0.000403 0.000000 0.100541 -0.000403 1.000000 0.000000 -0.002631 0.000000 0.000000 1.000000 0.000000
1.000000 0.000937 0.000000 0.206831 -0.000937 1.000000 0.000000 0.008851 0.000000 0.000000 1.000000 0.000000
0.999998 0.001950 0.000000 0.341219 -0.001950 0.999998 0.000000 0.008191 0.000000 0.000000 1.000000 0.000000
0.999999 0.001142 0.000000 0.516230 -0.001142 0.999999 0.000000 0.025738 0.000000 0.000000 1.000000 0.000000
0.999983 -0.005788 0.000000 0.720180 0.005788 0.999983 0.000000 0.055392 0.000000 0.000000 1.000000 0.000000
0.999921 -0.012558 0.000000 0.960938 0.012558 0.999921 0.000000 0.060329 0.000000 0.000000 1.000000 0.000000
0.999971 -0.007555 0.000000 1.242976 0.007555 0.999971 0.000000 0.061610 0.000000 0.000000 1.000000 0.000000
0.999969 -0.007876 0.000000 1.520496 0.007876 0.999969 0.000000 0.100538 0.000000 0.000000 1.000000 0.000000
0.999988 -0.004835 0.000000 1.819606 0.004835 0.999988 0.000000 0.106198 0.000000 0.000000 1.000000 0.000000
1.000000 0.000013 0.000000 2.096280 -0.000013 1.000000 0.000000 0.078409 0.000000 0.000000 1.000000 0.000000
0.999992 0.003925 0.000000 2.453300 -0.003925 0.999992 0.000000 0.095447 0.000000 0.000000 1.000000 0.000000
0.999964 0.008514 0.000000 2.785506 -0.008514 0.999964 0.000000 0.099285 0.000000 0.000000 1.000000 0.000000
0.999882 0.015387 0.000000 3.129053 -0.015387 0.999882 0.000000 0.055378 0.000000 0.000000 1.000000 0.000000
0.999783 0.020828 0.000000 3.489001 -0.020828 0.999783 0.000000 0.049728 0.000000 0.000000 1.000000 0.000000
0.999631 0.027161 0.000000 3.827992 -0.027161 0.999631 0.000000 -0.005741 0.000000 0.000000 1.000000 0.000000
0.999448 0.033235 0.000000 4.159425 -0.033235 0.999448 0.000000 0.006092 0.000000 0.000000 1.000000 0.000000
0.999232 0.039185 0.000000 4.509491 -0.039185 0.999232 0.000000 0.015789 0.000000 0.000000 1.000000 0.000000
0.999033 0.043963 0.000000 4.846518 -0.043963 0.999033 0.000000 0.026014 0.000000 0.000000 1.000000 0.000000
0.998837 0.048224 0.000000 5.251087 -0.048224 0.998837 0.000000 0.010331 0.000000 0.000000 1.000000 0.000000
0.998520 0.054393 0.000000 5.654329 -0.054393 0.998520 0.000000 -0.004991 0.000000 0.000000 1.000000 0.000000
0.998147 0.060849 0.000000 6.044092 -0.060849 0.998147 0.000000 -0.035936 0.000000 0.000000 1.000000 0.000000
0.997746 0.067110 0.000000 6.412711 -0.067110 0.997746 0.000000 -0.032152 0.000000 0.000000 1.000000 0.000000
0.997569 0.069685 0.000000 6.769755 -0.069685 0.997569 0.000000 -0.047085 0.000000 0.000000 1.000000 0.000000
0.997288 0.073595 0.000000 7.140112 -0.073595 0.997288 0.000000 -0.122388 0.000000 0.000000 1.000000 0.000000
0.996606 0.082314 0.000000 7.508281 -0.082314 0.996606 0.000000 -0.151943 0.000000 0.000000 1.000000 0.000000
0.995928 0.090155 0.000000 7.878624 -0.090155 0.995928 0.000000 -0.195353 0.000000 0.000000 1.000000 0.000000
0.995645 0.093224 0.000000 8.289159 -0.093224 0.995645 0.000000 -0.251842 0.000000 0.000000 1.000000 0.000000
0.995270 0.097143 0.000000 8.675015 -0.097143 0.995270 0.000000 -0.273439 0.000000 0.000000 1.000000 0.000000
0.995836 0.091164 0.000000 9.046000 -0.091164 0.995836 0.000000 -0.267021 0.000000 0.000000 1.000000 0.000000
0.996975 0.077718 0.000000 9.497182 -0.077718 0.996975 0.000000 -0.258355 0.000000 0.000000 1.000000 0.000000
0.997671 0.068204 0.000000 10.009937 -0.068204 0.997671 0.000000 -0.296360 0.000000 0.000000 1.000000 0.000000
0.997278 0.073727 0.000000 10.500371 -0.073727 0.997278 0.000000 -0.364001 0.000000 0.000000 1.000000 0.000000
0.996227 0.086782 0.000000 10.966122 -0.086782 0.996227 0.000000 -0.373775 0.000000 0.000000 1.000000 0.000000
0.993604 0.112919 0.000000 11.486647 -0.112919 0.993604 0.000000 -0.509189 0.000000 0.000000 1.000000 0.000000
0.990111 0.140283 0.000000 11.930664 -0.140283 0.990111 0.000000 -0.565445 0.000000 0.000000 1.000000 0.000000
0.983858 0.178952 0.000000 12.373389 -0.178952 0.983858 0.000000 -0.724469 0.000000 0.000000 1.000000 0.000000
0.975733 0.218962 0.000000 12.776209 -0.218962 0.975733 0.000000 -0.862605 0.000000 0.000000 1.000000 0.000000
0.967494 0.252893 0.000000 13.155341 -0.252893 0.967494 0.000000 -1.021076 0.000000 0.000000 1.000000 0.000000
0.958583 0.284815 0.000000 13.591382 -0.284815 0.958583 0.000000 -1.142771 0.000000 0.000000 1.000000 0.000000
0.949594 0.313481 0.000000 14.030200 -0.313481 0.949594 0.000000 -1.288918 0.000000 0.000000 1.000000 0.000000
0.938241 0.345982 0.000000 14.449389 -0.345982 0.938241 0.000000 -1.413240 0.000000 0.000000 1.000000 0.000000
0.923239 0.384227 0.000000 14.897123 -0.384227 0.923239 0.000000 -1.623329 0.000000 0.000000 1.000000 0.000000
0.905399 0.424561 0.000000 15.349189 -0.424561 0.905399 0.000000 -1.889775 0.000000 0.000000 1.000000 0.000000
0.881597 0.472003 0.000000 15.757948 -0.472003 0.881597 0.000000 -2.174789 0.000000 0.000000 1.000000 0.000000
0.853190 0.521599 0.000000 16.161867 -0.521599 0.853190 0.000000 -2.480303 0.000000 0.000000 1.000000 0.000000
0.825915 0.563794 0.000000 16.631389 -0.563794 0.825915 0.000000 -2.819060 0.000000 0.000000 1.000000 0.000000
0.803154 0.595772 0.000000 16.990454 -0.595772 0.803154 0.000000 -3.071510 0.000000 0.000000 1.000000 0.000000
0.791853 0.610712 0.000000 17.417266 -0.610712 0.791853 0.000000 -3.375305 0.000000 0.000000 1.000000 0.000000
0.787958 0.615729 0.000000 17.824769 -0.615729 0.787958 0.000000 -3.803125 0.000000 0.000000 1.000000 0.000000
0.778885 0.627167 0.000000 18.232256 -0.627167 0.778885 0.000000 -4.161430 0.000000 0.000000 1.000000 0.000000
0.769008 0.639239 0.000000 18.675961 -0.639239 0.769008 0.000000 -4.429735 0.000000 0.000000 1.000000 0.000000
0.763751 0.645510 0.000000 19.100202 -0.645510 0.763751 0.000000 -4.769093 0.000000 0.000000 1.000000 0.000000
0.758780 0.651347 0.000000 19.528691 -0.651347 0.758780 0.000000 -5.148138 0.000000 0.000000 1.000000 0.000000
0.755732 0.654881 0.000000 19.996455 -0.654881 0.755732 0.000000 -5.568032 0.000000 0.000000 1.000000 0.000000
0.761519 0.648143 0.000000 20.443706 -0.648143 0.761519 0.000000 -5.846414 0.000000 0.000000 1.000000 0.000000
0.770100 0.637923 0.000000 20.928149 -0.637923 0.770100 0.000000 -6.191749 0.000000 0.000000 1.000000 0.000000
0.775968 0.630772 0.000000 21.392765 -0.630772 0.775968 0.000000 -6.619886 0.000000 0.000000 1.000000 0.000000
0.776471 0.630153 0.000000 21.830398 -0.630153 0.776471 0.000000 -7.006690 0.000000 0.000000 1.000000 0.000000
0.780095 0.625662 0.000000 22.294272 -0.625662 0.780095 0.000000 -7.372784 0.000000 0.000000 1.000000 0.000000
0.787057 0.616880 0.000000 22.795791 -0.616880 0.787057 0.000000 -7.724632 0.000000 0.000000 1.000000 0.000000
0.791914 0.610632 0.000000 23.229449 -0.610632 0.791914 0.000000 -8.024541 0.000000 0.000000 1.000000 0.000000
0.794072 0.607824 0.000000 23.704855 -0.607824 0.794072 0.000000 -8.332958 0.000000 0.000000 1.000000 0.000000
0.799473 0.600702 0.000000 24.181899 -0.600702 0.799473 0.000000 -8.669348 0.000000 0.000000 1.000000 0.000000
0.806213 0.591625 0.000000 24.614469 -0.591625 0.806213 0.000000 -9.005849 0.000000 0.000000 1.000000 0.000000
0.808963 0.587859 0.000000 25.091277 -0.587859 0.808963 0.000000 -9.358519 0.000000 0.000000 1.000000 0.000000
0.810785 0.585345 0.000000 25.578308 -0.585345 0.810785 0.000000 -9.655096 0.000000 0.000000 1.000000 0.000000
0.814795 0.579749 0.000000 26.099303 -0.579749 0.814795 0.000000 -9.984221 0.000000 0.000000 1.000000 0.000000
0.821702 0.569917 0.000000 26.585363 -0.569917 0.821702 0.000000 -10.327442 0.000000 0.000000 1.000000 0.000000
0.824999 0.565134 0.000000 27.056520 -0.565134 0.824999 0.000000 -10.579166 0.000000 0.000000 1.000000 0.000000
0.828202 0.560429 0.000000 27.578746 -0.560429 0.828202 0.000000 -10.937312 0.000000 0.000000 1.000000 0.000000
0.833016 0.553249 0.000000 28.089131 -0.553249 0.833016 0.000000 -11.288969 0.000000 0.000000 1.000000 0.000000
0.837287 0.546764 0.000000 28.564449 -0.546764 0.837287 0.000000 -11.635218 0.000000 0.000000 1.000000 0.000000
0.840989 0.541052 0.000000 29.071924 -0.541052 0.840989 0.000000 -11.906474 0.000000 0.000000 1.000000 0.000000
0.843624 0.536935 0.000000 29.582872 -0.536935 0.843624 0.000000 -12.190739 0.000000 0.000000 1.000000 0.000000
0.847489 0.530813 0.000000 30.085284 -0.530813 0.847489 0.000000 -12.539791 0.000000 0.000000 1.000000 0.000000
0.851376 0.524556 0.000000 30.596885 -0.524556 0.851376 0.000000 -12.803775 0.000000 0.000000 1.000000 0.000000
0.850900 0.525328 0.000000 31.137144 -0.525328 0.850900 0.000000 -13.075181 0.000000 0.000000 1.000000 0.000000
0.852275 0.523094 0.000000 31.607720 -0.523094 0.852275 0.000000 -13.388108 0.000000 0.000000 1.000000 0.000000
0.854671 0.519169 0.000000 32.118691 -0.519169 0.854671 0.000000 -13.631363 0.000000 0.000000 1.000000 0.000000
0.856494 0.516157 0.000000 32.608350 -0.516157 0.856494 0.000000 -13.860605 0.000000 0.000000 1.000000 0.000000
0.859981 0.510326 0.000000 33.054126 -0.510326 0.859981 0.000000 -14.178482 0.000000 0.000000 1.000000 0.000000
0.862862 0.505440 0.000000 33.491381 -0.505440 0.862862 0.000000 -14.461317 0.000000 0.000000 1.000000 0.000000
0.866710 0.498812 0.000000 33.911292 -0.498812 0.866710 0.000000 -14.707327 0.000000 0.000000 1.000000 0.000000
0.876334 0.481704 0.000000 34.347045 -0.481704 0.876334 0.000000 -14.914359 0.000000 0.000000 1.000000 0.000000
0.889614 0.456713 0.000000 34.785120 -0.456713 0.889614 0.000000 -15.113110 0.000000 0.000000 1.000000 0.000000
0.899322 0.437286 0.000000 35.210605 -0.437286 0.899322 0.000000 -15.287925 0.000000 0.000000 1.000000 0.000000
0.908323 0.418269 0.000000 35.591810 -0.418269 0.908323 0.000000 -15.355570 0.000000 0.000000 1.000000 0.000000
0.920189 0.391474 0.000000 35.935392 -0.391474 0.920189 0.000000 -15.522753 0.000000 0.000000 1.000000 0.000000
0.935864 0.352360 0.000000 36.261306 -0.352360 0.935864 0.000000 -15.596048 0.000000 0.000000 1.000000 0.000000
0.944406 0.328781 0.000000 36.657817 -0.328781 0.944406 0.000000 -15.731015 0.000000 0.000000 1.000000 0.000000
0.953089 0.302691 0.000000 36.966007 -0.302691 0.953089 0.000000 -15.638466 0.000000 0.000000 1.000000 0.000000
0.962245 0.272185 0.000000 37.323166 -0.272185 0.962245 0.000000 -15.685750 0.000000 0.000000 1.000000 0.000000
0.969155 0.246453 0.000000 37.621442 -0.246453 0.969155 0.000000 -15.870338 0.000000 0.000000 1.000000 0.000000
0.973112 0.230332 0.000000 37.865897 -0.230332 0.973112 0.000000 -15.913758 0.000000 0.000000 1.000000 0.000000
0.977377 0.211504 0.000000 37.927019 -0.211504 0.977377 0.000000 -15.954746 0.000000 0.000000 1.000000 0.000000
0.981719 0.190335 0.000000 38.201363 -0.190335 0.981719 0.000000 -16.038780 0.000000 0.000000 1.000000 0.000000
0.985949 0.167044 0.000000 38.557619 -0.167044 0.985949 0.000000 -15.998162 0.000000 0.000000 1.000000 0.000000
0.990159 0.139944 0.000000 38.680570 -0.139944 0.990159 0.000000 -15.904480 0.000000 0.000000 1.000000 0.000000
0.993500 0.113836 0.000000 38.773864 -0.113836 0.993500 0.000000 -15.876146 0.000000 0.000000 1.000000 0.000000
0.996680 0.081414 0.000000 39.103145 -0.081414 0.996680 0.000000 -15.975105 0.000000 0.000000 1.000000 0.000000
0.998729 0.050405 0.000000 39.370524 -0.050405 0.998729 0.000000 -15.972056 0.000000 0.000000 1.000000 0.000000
0.999775 0.021210 0.000000 39.591897 -0.021210 0.999775 0.000000 -15.918439 0.000000 0.000000 1.000000 0.000000
0.999875 -0.015796 0.000000 39.967356 0.015796 0.999875 0.000000 -15.911036 0.000000 0.000000 1.000000 0.000000
0.998928 -0.046290 0.000000 40.186161 0.046290 0.998928 0.000000 -16.054716 0.000000 0.000000 1.000000 0.000000
0.996915 -0.078493 0.000000 40.555159 0.078493 0.996915 0.000000 -15.951043 0.000000 0.000000 1.000000 0.000000
0.993870 -0.110555 0.000000 40.859365 0.110555 0.993870 0.000000 -16.066231 0.000000 0.000000 1.000000 0.000000
0.989662 -0.143419 0.000000 41.234509 0.143419 0.989662 0.000000 -16.056900 0.000000 0.000000 1.000000 0.000000
0.984943 -0.172881 0.000000 41.616914 0.172881 0.984943 0.000000 -16.022800 0.000000 0.000000 1.000000 0.000000
0.978960 -0.204054 0.000000 41.987593 0.204054 0.978960 0.000000 -15.872646 0.000000 0.000000 1.000000 0.000000
0.971908 -0.235363 0.000000 42.245979 0.235363 0.971908 0.000000 -15.651332 0.000000 0.000000 1.000000 0.000000
0.961597 -0.274465 0.000000 42.570506 0.274465 0.961597 0.000000 -15.526642 0.000000 0.000000 1.000000 0.000000
0.948674 -0.316256 0.000000 43.127813 0.316256 0.948674 0.000000 -15.338641 0.000000 0.000000 1.000000 0.000000
0.936162 -0.351568 0.000000 43.454471 0.351568 0.936162 0.000000 -15.078123 0.000000 0.000000 1.000000 0.000000
0.919434 -0.393244 0.000000 43.739457 0.393244 0.919434 0.000000 -14.868194 0.000000 0.000000 1.000000 0.000000
0.897734 -0.440537 0.000000 44.297320 0.440537 0.897734 0.000000 -14.566585 0.000000 0.000000 1.000000 0.000000
0.870612 -0.491970 0.000000 44.799097 0.491970 0.870612 0.000000 -14.388502 0.000000 0.000000 1.000000 0.000000
0.840908 -0.541179 0.000000 45.251288 0.541179 0.840908 0.000000 -14.038743 0.000000 0.000000 1.000000 0.000000
0.806618 -0.591073 0.000000 45.679498 0.591073 0.806618 0.000000 -13.682451 0.000000 0.000000 1.000000 0.000000
0.769868 -0.638203 0.000000 46.036594 0.638203 0.769868 0.000000 -13.289629 0.000000 0.000000 1.000000 0.000000
0.726923 -0.686719 0.000000 46.305331 0.686719 0.726923 0.000000 -12.897272 0.000000 0.000000 1.000000 0.000000
0.678336 -0.734752 0.000000 46.701793 0.734752 0.678336 0.000000 -12.509478 0.000000 0.000000 1.000000 0.000000
0.629289 -0.777172 0.000000 46.956494 0.777172 0.629289 0.000000 -11.975263 0.000000 0.000000 1.000000 0.000000
0.574876 -0.818240 0.000000 47.199948 0.818240 0.574876 0.000000 -11.496263 0.000000 0.000000 1.000000 0.000000
0.511238 -0.859439 0.000000 47.431824 0.859439 0.511238 0.000000 -11.011125 0.000000 0.000000 1.000000 0.000000
0.438808 -0.898581 0.000000 47.551415 0.898581 0.438808 0.000000 -10.496603 0.000000 0.000000 1.000000 0.000000
0.358156 -0.933662 0.000000 47.709342 0.933662 0.358156 0.000000 -9.880598 0.000000 0.000000 1.000000 0.000000
0.283703 -0.958912 0.000000 47.866495 0.958912 0.283703 0.000000 -9.257843 0.000000 0.000000 1.000000 0.000000
0.224586 -0.974454 0.000000 47.948256 0.974454 0.224586 0.000000 -8.664319 0.000000 0.000000 1.000000 0.000000
0.183494 -0.983021 0.000000 47.989165 0.983021 0.183494 0.000000 -8.056328 0.000000 0.000000 1.000000 0.000000
0.146103 -0.989269 0.000000 48.075975 0.989269 0.146103 0.000000 -7.464559 0.000000 0.000000 1.000000 0.000000
0.117345 -0.993091 0.000000 48.031136 0.993091 0.117345 0.000000 -6.750346 0.000000 0.000000 1.000000 0.000000
0.097231 -0.995262 0.000000 48.106627 0.995262 0.097231 0.000000 -6.096071 0.000000 0.000000 1.000000 0.000000
0.089871 -0.995953 0.000000 48.047357 0.995953 0.089871 0.000000 -5.393272 0.000000 0.000000 1.000000 0.000000
0.090273 -0.995917 0.000000 48.167532 0.995917 0.090273 0.000000 -4.688881 0.000000 0.000000 1.000000 0.000000
0.100175 -0.994970 0.000000 48.268512 0.994970 0.100175 0.000000 -3.968433 0.000000 0.000000 1.000000 0.000000
0.118653 -0.992936 0.000000 48.375416 0.992936 0.118653 0.000000 -3.196126 0.000000 0.000000 1.000000 0.000000
0.130996 -0.991383 0.000000 48.450256 0.991383 0.130996 0.000000 -2.470989 0.000000 0.000000 1.000000 0.000000
0.150315 -0.988638 0.000000 48.526205 0.988638 0.150315 0.000000 -1.766403 0.000000 0.000000 1.000000 0.000000
0.163039 -0.986620 0.000000 48.765565 0.986620 0.163039 0.000000 -0.964512 0.000000 0.000000 1.000000 0.000000
0.171610 -0.985165 0.000000 48.803136 0.985165 0.171610 0.000000 -0.258809 0.000000 0.000000 1.000000 0.000000
0.177993 -0.984032 0.000000 48.960452 0.984032 0.177993 0.000000 0.571385 0.000000 0.000000 1.000000 0.000000
0.181287 -0.983430 0.000000 49.058057 0.983430 0.181287 0.000000 1.341234 0.000000 0.000000 1.000000 0.000000
0.183578 -0.983005 0.000000 49.211792 0.983005 0.183578 0.000000 2.088525 0.000000 0.000000 1.000000 0.000000
0.187664 -0.982233 0.000000 49.342231 0.982233 0.187664 0.000000 2.923216 0.000000 0.000000 1.000000 0.000000
0.192678 -0.981262 0.000000 49.473651 0.981262 0.192678 0.000000 3.684353 0.000000 0.000000 1.000000 0.000000
0.200766 -0.979639 0.000000 49.606997 0.979639 0.200766 0.000000 4.352424 0.000000 0.000000 1.000000 0.000000
0.217407 -0.976081 0.000000 49.767692 0.976081 0.217407 0.000000 5.160309 0.000000 0.000000 1.000000 0.000000
0.218526 -0.975831 0.000000 49.880846 0.975831 0.218526 0.000000 5.842647 0.000000 0.000000 1.000000 0.000000
0.210433 -0.977608 0.000000 50.005416 0.977608 0.210433 0.000000 6.456229 0.000000 0.000000 1.000000 0.000000
0.196998 -0.980404 0.000000 50.169739 0.980404 0.196998 0.000000 7.392970 0.000000 0.000000 1.000000 0.000000
0.186492 -0.982457 0.000000 50.308386 0.982457 0.186492 0.000000 8.083913 0.000000 0.000000 1.000000 0.000000
0.173883 -0.984766 0.000000 50.357129 0.984766 0.173883 0.000000 8.828784 0.000000 0.000000 1.000000 0.000000
0.160304 -0.987068 0.000000 50.455125 0.987068 0.160304 0.000000 9.604378 0.000000 0.000000 1.000000 0.000000
0.144952 -0.989439 0.000000 50.572228 0.989439 0.144952 0.000000 10.299793 0.000000 0.000000 1.000000 0.000000
0.129175 -0.991622 0.000000 50.611177 0.991622 0.129175 0.000000 11.255995 0.000000 0.000000 1.000000 0.000000
0.107850 -0.994167 0.000000 50.638510 0.994167 0.107850 0.000000 12.069284 0.000000 0.000000 1.000000 0.000000
0.082875 -0.996560 0.000000 50.781884 0.996560 0.082875 0.000000 12.730454 0.000000 0.000000 1.000000 0.000000
0.072388 -0.997377 0.000000 50.789492 0.997377 0.072388 0.000000 13.583133 0.000000 0.000000 1.000000 0.000000
0.070067 -0.997542 0.000000 50.834085 0.997542 0.070067 0.000000 14.425807 0.000000 0.000000 1.000000 0.000000
0.067759 -0.997702 0.000000 50.864184 0.997702 0.067759 0.000000 15.289923 0.000000 0.000000 1.000000 0.000000
0.063980 -0.997951 0.000000 50.924373 0.997951 0.063980 0.000000 16.109606 0.000000 0.000000 1.000000 0.000000
0.063050 -0.998010 0.000000 50.912408 0.998010 0.063050 0.000000 16.952751 0.000000 0.000000 1.000000 0.000000
0.055493 -0.998459 0.000000 50.946897 0.998459 0.055493 0.000000 17.832335 0.000000 0.000000 1.000000 0.000000
0.046759 -0.998906 0.000000 50.992182 0.998906 0.046759 0.000000 18.697308 0.000000 0.000000 1.000000 0.000000
0.042865 -0.999081 0.000000 51.078483 0.999081 0.042865 0.000000 19.532719 0.000000 0.000000 1.000000 0.000000
0.033858 -0.999427 0.000000 51.012475 0.999427 0.033858 0.000000 20.384636 0.000000 0.000000 1.000000 0.000000
0.025298 -0.999680 0.000000 50.978676 0.999680 0.025298 0.000000 21.257086 0.000000 0.000000 1.000000 0.000000
0.014856 -0.999890 0.000000 50.969856 0.999890 0.014856 0.000000 22.193001 0.000000 0.000000 1.000000 0.000000
0.004341 -0.999991 0.000000 50.987638 0.999991 0.004341 0.000000 23.058466 0.000000 0.000000 1.000000 0.000000
-0.001011 -0.999999 0.000000 50.943345 0.999999 -0.001011 0.000000 24.010230 0.000000 0.000000 1.000000 0.000000
-0.005797 -0.999983 0.000000 50.904448 0.999983 -0.005797 0.000000 24.840384 0.000000 0.000000 1.000000 0.000000
-0.013042 -0.999915 0.000000 50.865630 0.999915 -0.013042 0.000000 25.733942 0.000000 0.000000 1.000000 0.000000
-0.016581 -0.999863 0.000000 50.796175 0.999863 -0.016581 0.000000 26.623077 0.000000 0.000000 1.000000 0.000000
-0.019585 -0.999808 0.000000 50.768940 0.999808 -0.019585 0.000000 27.583004 0.000000 0.000000 1.000000 0.000000
-0.018833 -0.999823 0.000000 50.816843 0.999823 -0.018833 0.000000 28.427783 0.000000 0.000000 1.000000 0.000000
-0.019503 -0.999810 0.000000 50.706605 0.999810 -0.019503 0.000000 29.310419 0.000000 0.000000 1.000000 0.000000
-0.018689 -0.999825 0.000000 50.631384 0.999825 -0.018689 0.000000 30.258429 0.000000 0.000000 1.000000 0.000000
-0.020377 -0.999792 0.000000 50.615379 0.999792 -0.020377 0.000000 31.159746 0.000000 0.000000 1.000000 0.000000
-0.021037 -0.999779 0.000000 50.575465 0.999779 -0.021037 0.000000 32.052817 0.000000 0.000000 1.000000 0.000000
-0.020101 -0.999798 0.000000 50.523413 0.999798 -0.020101 0.000000 32.979612 0.000000 0.000000 1.000000 0.000000
-0.019786 -0.999804 0.000000 50.489322 0.999804 -0.019786 0.000000 33.786241 0.000000 0.000000 1.000000 0.000000
-0.026257 -0.999655 0.000000 50.412705 0.999655 -0.026257 0.000000 34.696911 0.000000 0.000000 1.000000 0.000000
-0.027423 -0.999624 0.000000 50.391808 0.999624 -0.027423 0.000000 35.643365 0.000000 0.000000 1.000000 0.000000
-0.028351 -0.999598 0.000000 50.353728 0.999598 -0.028351 0.000000 36.449762 0.000000 0.000000 1.000000 0.000000
-0.033527 -0.999438 0.000000 50.260311 0.999438 -0.033527 0.000000 37.327962 0.000000 0.000000 1.000000 0.000000
-0.039461 -0.999221 0.000000 50.251441 0.999221 -0.039461 0.000000 38.221351 0.000000 0.000000 1.000000 0.000000
-0.043167 -0.999068 0.000000 50.211133 0.999068 -0.043167 0.000000 39.059031 0.000000 0.000000 1.000000 0.000000
-0.047779 -0.998858 0.000000 50.111664 0.998858 -0.047779 0.000000 39.986200 0.000000 0.000000 1.000000 0.000000
-0.052533 -0.998619 0.000000 50.072195 0.998619 -0.052533 0.000000 40.838265 0.000000 0.000000 1.000000 0.000000
-0.056725 -0.998390 0.000000 49.964536 0.998390 -0.056725 0.000000 41.749134 0.000000 0.000000 1.000000 0.000000
-0.059986 -0.998199 0.000000 49.858817 0.998199 -0.059986 0.000000 42.668529 0.000000 0.000000 1.000000 0.000000
-0.065339 -0.997863 0.000000 49.775845 0.997863 -0.065339 0.000000 43.607167 0.000000 0.000000 1.000000 0.000000
-0.065374 -0.997861 0.000000 49.698720 0.997861 -0.065374 0.000000 44.449709 0.000000 0.000000 1.000000 0.000000
-0.064956 -0.997888 0.000000 49.621474 0.997888 -0.064956 0.000000 45.374987 0.000000 0.000000 1.000000 0.000000
-0.064951 -0.997888 0.000000 49.541219 0.997888 -0.064951 0.000000 46.232216 0.000000 0.000000 1.000000 0.000000
-0.065694 -0.997840 0.000000 49.411564 0.997840 -0.065694 0.000000 47.151319 0.000000 0.000000 1.000000 0.000000
-0.066742 -0.997770 0.000000 49.353566 0.997770 -0.066742 0.000000 47.994001 0.000000 0.000000 1.000000 0.000000
-0.067592 -0.997713 0.000000 49.231629 0.997713 -0.067592 0.000000 48.960499 0.000000 0.000000 1.000000 0.000000
-0.070599 -0.997505 0.000000 49.095553 0.997505 -0.070599 0.000000 49.798626 0.000000 0.000000 1.000000 0.000000
-0.070505 -0.997511 0.000000 49.073601 0.997511 -0.070505 0.000000 50.710158 0.000000 0.000000 1.000000 0.000000
-0.072527 -0.997366 0.000000 49.003402 0.997366 -0.072527 0.000000 51.607047 0.000000 0.000000 1.000000 0.000000
-0.069891 -0.997555 0.000000 48.997296 0.997555 -0.069891 0.000000 52.443739 0.000000 0.000000 1.000000 0.000000
-0.070221 -0.997531 0.000000 48.930138 0.997531 -0.070221 0.000000 53.335162 0.000000 0.000000 1.000000 0.000000
-0.069076 -0.997611 0.000000 48.836869 0.997611 -0.069076 0.000000 54.142647 0.000000 0.000000 1.000000 0.000000
-0.071188 -0.997463 0.000000 48.814481 0.997463 -0.071188 0.000000 54.931654 0.000000 0.000000 1.000000 0.000000
-0.070066 -0.997542 0.000000 48.728507 0.997542 -0.070066 0.000000 55.814728 0.000000 0.000000 1.000000 0.000000
-0.067429 -0.997724 0.000000 48.616285 0.997724 -0.067429 0.000000 56.622637 0.000000 0.000000 1.000000 0.000000
-0.071983 -0.997406 0.000000 48.558063 0.997406 -0.071983 0.000000 57.493097 0.000000 0.000000 1.000000 0.000000
-0.074244 -0.997240 0.000000 48.563876 0.997240 -0.074244 0.000000 58.215228 0.000000 0.000000 1.000000 0.000000
-0.077958 -0.996957 0.000000 48.403554 0.996957 -0.077958 0.000000 58.967565 0.000000 0.000000 1.000000 0.000000
-0.080907 -0.996722 0.000000 48.410297 0.996722 -0.080907 0.000000 59.658781 0.000000 0.000000 1.000000 0.000000
-0.081888 -0.996642 0.000000 48.303938 0.996642 -0.081888 0.000000 60.373854 0.000000 0.000000 1.000000 0.000000
-0.082402 -0.996599 0.000000 48.173340 0.996599 -0.082402 0.000000 61.083426 0.000000 0.000000 1.000000 0.000000
-0.083099 -0.996541 0.000000 48.123902 0.996541 -0.083099 0.000000 61.636689 0.000000 0.000000 1.000000 0.000000
-0.084775 -0.996400 0.000000 48.083793 0.996400 -0.084775 0.000000 62.216185 0.000000 0.000000 1.000000 0.000000
-0.082848 -0.996562 0.000000 48.030281 0.996562 -0.082848 0.000000 62.831385 0.000000 0.000000 1.000000 0.000000
-0.085044 -0.996377 0.000000 47.957662 0.996377 -0.085044 0.000000 63.356533 0.000000 0.000000 1.000000 0.000000
-0.084300 -0.996440 0.000000 47.962642 0.996440 -0.084300 0.000000 63.800881 0.000000 0.000000 1.000000 0.000000
-0.083935 -0.996471 0.000000 47.850204 0.996471 -0.083935 0.000000 64.342886 0.000000 0.000000 1.000000 0.000000
-0.084962 -0.996384 0.000000 47.726411 0.996384 -0.084962 0.000000 64.755068 0.000000 0.000000 1.000000 0.000000
-0.086226 -0.996276 0.000000 47.752739 0.996276 -0.086226 0.000000 65.191072 0.000000 0.000000 1.000000 0.000000
-0.088485 -0.996078 0.000000 47.688866 0.996078 -0.088485 0.000000 65.583610 0.000000 0.000000 1.000000 0.000000
-0.086807 -0.996225 0.000000 47.646073 0.996225 -0.086807 0.000000 65.993616 0.000000 0.000000 1.000000 0.000000
-0.083996 -0.996466 0.000000 47.619461 0.996466 -0.083996 0.000000 66.262716 0.000000 0.000000 1.000000 0.000000
-0.085594 -0.996330 0.000000 47.620852 0.996330 -0.085594 0.000000 66.555596 0.000000 0.000000 1.000000 0.000000
-0.087825 -0.996136 0.000000 47.537542 0.996136 -0.087825 0.000000 66.916388 0.000000 0.000000 1.000000 0.000000
-0.088313 -0.996093 0.000000 47.532869 0.996093 -0.088313 0.000000 67.168462 0.000000 0.000000 1.000000 0.000000
-0.087756 -0.996142 0.000000 47.477131 0.996142 -0.087756 0.000000 67.467259 0.000000 0.000000 1.000000 0.000000
-0.088200 -0.996103 0.000000 47.435230 0.996103 -0.088200 0.000000 67.718596 0.000000 0.000000 1.000000 0.000000
-0.087905 -0.996129 0.000000 47.331240 0.996129 -0.087905 0.000000 67.954919 0.000000 0.000000 1.000000 0.000000
-0.090492 -0.995897 0.000000 47.386346 0.995897 -0.090492 0.000000 68.220149 0.000000 0.000000 1.000000 0.000000
-0.088441 -0.996081 0.000000 47.339528 0.996081 -0.088441 0.000000 68.514660 0.000000 0.000000 1.000000 0.000000
-0.087705 -0.996146 0.000000 47.321471 0.996146 -0.087705 0.000000 68.713466 0.000000 0.000000 1.000000 0.000000
-0.089228 -0.996011 0.000000 47.240072 0.996011 -0.089228 0.000000 68.962775 0.000000 0.000000 1.000000 0.000000
-0.089880 -0.995953 0.000000 47.297947 0.995953 -0.089880 0.000000 69.198329 0.000000 0.000000 1.000000 0.000000
-0.091655 -0.995791 0.000000 47.210950 0.995791 -0.091655 0.000000 69.447752 0.000000 0.000000 1.000000 0.000000
-0.090344 -0.995911 0.000000 47.190751 0.995911 -0.090344 0.000000 69.615237 0.000000 0.000000 1.000000 0.000000
-0.092171 -0.995743 0.000000 47.145266 0.995743 -0.092171 0.000000 69.818061 0.000000 0.000000 1.000000 0.000000
-0.091565 -0.995799 0.000000 47.155673 0.995799 -0.091565 0.000000 69.996296 0.000000 0.000000 1.000000 0.000000
-0.092398 -0.995722 0.000000 47.108365 0.995722 -0.092398 0.000000 70.158295 0.000000 0.000000 1.000000 0.000000
-0.093007 -0.995665 0.000000 47.087496 0.995665 -0.093007 0.000000 70.307468 0.000000 0.000000 1.000000 0.000000
-0.092621 -0.995701 0.000000 47.090615 0.995701 -0.092621 0.000000 70.520826 0.000000 0.000000 1.000000 0.000000
-0.091743 -0.995783 0.000000 47.102310 0.995783 -0.091743 0.000000 70.797139 0.000000 0.000000 1.000000 0.000000
-0.090609 -0.995887 0.000000 47.023857 0.995887 -0.090609 0.000000 71.028809 0.000000 0.000000 1.000000 0.000000
-0.090597 -0.995888 0.000000 47.041349 0.995888 -0.090597 0.000000 71.236942 0.000000 0.000000 1.000000 0.000000
-0.090748 -0.995874 0.000000 46.951582 0.995874 -0.090748 0.000000 71.414544 0.000000 0.000000 1.000000 0.000000
-0.092418 -0.995720 0.000000 46.919152 0.995720 -0.092418 0.000000 71.577492 0.000000 0.000000 1.000000 0.000000
-0.092713 -0.995693 0.000000 46.933904 0.995693 -0.092713 0.000000 71.729972 0.000000 0.000000 1.000000 0.000000
-0.091220 -0.995831 0.000000 46.947016 0.995831 -0.091220 0.000000 71.843455 0.000000 0.000000 1.000000 0.000000
-0.091909 -0.995767 0.000000 46.854966 0.995767 -0.091909 0.000000 71.947482 0.000000 0.000000 1.000000 0.000000
-0.090771 -0.995872 0.000000 46.870187 0.995872 -0.090771 0.000000 72.058284 0.000000 0.000000 1.000000 0.000000
-0.092400 -0.995722 0.000000 46.826345 0.995722 -0.092400 0.000000 72.217858 0.000000 0.000000 1.000000 0.000000
-0.092308 -0.995730 0.000000 46.832856 0.995730 -0.092308 0.000000 72.352253 0.000000 0.000000 1.000000 0.000000
-0.091037 -0.995848 0.000000 46.795767 0.995848 -0.091037 0.000000 72.507893 0.000000 0.000000 1.000000 0.000000
-0.091448 -0.995810 0.000000 46.796967 0.995810 -0.091448 0.000000 72.554552 0.000000 0.000000 1.000000 0.000000
-0.091693 -0.995787 0.000000 46.772162 0.995787 -0.091693 0.000000 72.698877 0.000000 0.000000 1.000000 0.000000
-0.090783 -0.995871 0.000000 46.786526 0.995871 -0.090783 0.000000 72.805497 0.000000 0.000000 1.000000 0.000000
-0.092672 -0.995697 0.000000 46.792993 0.995697 -0.092672 0.000000 72.906117 0.000000 0.000000 1.000000 0.000000
-0.092464 -0.995716 0.000000 46.756784 0.995716 -0.092464 0.000000 72.991956 0.000000 0.000000 1.000000 0.000000
-0.092132 -0.995747 0.000000 46.720104 0.995747 -0.092132 0.000000 73.106954 0.000000 0.000000 1.000000 0.000000
-0.091899 -0.995768 0.000000 46.747823 0.995768 -0.091899 0.000000 73.226261 0.000000 0.000000 1.000000 0.000000
-0.092825 -0.995682 0.000000 46.763858 0.995682 -0.092825 0.000000 73.294121 0.000000 0.000000 1.000000 0.000000
-0.092218 -0.995739 0.000000 46.686249 0.995739 -0.092218 0.000000 73.448333 0.000000 0.000000 1.000000 0.000000
-0.091872 -0.995771 0.000000 46.720822 0.995771 -0.091872 0.000000 73.535126 0.000000 0.000000 1.000000 0.000000
-0.091040 -0.995847 0.000000 46.717232 0.995847 -0.091040 0.000000 73.587572 0.000000 0.000000 1.000000 0.000000
-0.091492 -0.995806 0.000000 46.762152 0.995806 -0.091492 0.000000 73.712616 0.000000 0.000000 1.000000 0.000000
-0.091031 -0.995848 0.000000 46.716909 0.995848 -0.091031 0.000000 73.860583 0.000000 0.000000 1.000000 0.000000
-0.091501 -0.995805 0.000000 46.645527 0.995805 -0.091501 0.000000 74.003199 0.000000 0.000000 1.000000 0.000000
-0.091868 -0.995771 0.000000 46.708130 0.995771 -0.091868 0.000000 74.090660 0.000000 0.000000 1.000000 0.000000
-0.092994 -0.995667 0.000000 46.691762 0.995667 -0.092994 0.000000 74.225357 0.000000 0.000000 1.000000 0.000000
-0.093237 -0.995644 0.000000 46.634281 0.995644 -0.093237 0.000000 74.336259 0.000000 0.000000 1.000000 0.000000
-0.093252 -0.995643 0.000000 46.675469 0.995643 -0.093252 0.000000 74.401095 0.000000 0.000000 1.000000 0.000000
-0.092524 -0.995710 0.000000 46.614477 0.995710 -0.092524 0.000000 74.439327 0.000000 0.000000 1.000000 0.000000
-0.091448 -0.995810 0.000000 46.606949 0.995810 -0.091448 0.000000 74.543367 0.000000 0.000000 1.000000 0.000000
-0.090923 -0.995858 0.000000 46.682110 0.995858 -0.090923 0.000000 74.529592 0.000000 0.000000 1.000000 0.000000
-0.091524 -0.995803 0.000000 46.586755 0.995803 -0.091524 0.000000 74.557071 0.000000 0.000000 1.000000 0.000000
-0.090614 -0.995886 0.000000 46.624040 0.995886 -0.090614 0.000000 74.531481 0.000000 0.000000 1.000000 0.000000
-0.090098 -0.995933 0.000000 46.632261 0.995933 -0.090098 0.000000 74.564722 0.000000 0.000000 1.000000 0.000000
-0.092559 -0.995707 0.000000 46.565800 0.995707 -0.092559 0.000000 74.590362 0.000000 0.000000 1.000000 0.000000
-0.090676 -0.995880 0.000000 46.653994 0.995880 -0.090676 0.000000 74.540153 0.000000 0.000000 1.000000 0.000000
-0.091159 -0.995836 0.000000 46.556076 0.995836 -0.091159 0.000000 74.545515 0.000000 0.000000 1.000000 0.000000
-0.090629 -0.995885 0.000000 46.596724 0.995885 -0.090629 0.000000 74.530241 0.000000 0.000000 1.000000 0.000000
-0.090336 -0.995911 0.000000 46.576308 0.995911 -0.090336 0.000000 74.547297 0.000000 0.000000 1.000000 0.000000
-0.090486 -0.995898 0.000000 46.590796 0.995898 -0.090486 0.000000 74.537183 0.000000 0.000000 1.000000 0.000000
-0.090938 -0.995857 0.000000 46.634689 0.995857 -0.090938 0.000000 74.518305 0.000000 0.000000 1.000000 0.000000
-0.089659 -0.995972 0.000000 46.619673 0.995972 -0.089659 0.000000 74.582159 0.000000 0.000000 1.000000 0.000000
-0.092669 -0.995697 0.000000 46.641998 0.995697 -0.092669 0.000000 74.544763 0.000000 0.000000 1.000000 0.000000
-0.092932 -0.995672 0.000000 46.598935 0.995672 -0.092932 0.000000 74.615824 0.000000 0.000000 1.000000 0.000000
-0.090865 -0.995863 0.000000 46.662380 0.995863 -0.090865 0.000000 74.601691 0.000000 0.000000 1.000000 0.000000
-0.090196 -0.995924 0.000000 46.651219 0.995924 -0.090196 0.000000 74.606609 0.000000 0.000000 1.000000 0.000000
-0.090397 -0.995906 0.000000 46.692924 0.995906 -0.090397 0.000000 74.592066 0.000000 0.000000 1.000000 0.000000
-0.089184 -0.996015 0.000000 46.626359 0.996015 -0.089184 0.000000 74.749851 0.000000 0.000000 1.000000 0.000000
-0.089636 -0.995975 0.000000 46.634987 0.995975 -0.089636 0.000000 74.745211 0.000000 0.000000 1.000000 0.000000
-0.089867 -0.995954 0.000000 46.626888 0.995954 -0.089867 0.000000 74.768478 0.000000 0.000000 1.000000 0.000000
-0.089407 -0.995995 0.000000 46.619568 0.995995 -0.089407 0.000000 74.747368 0.000000 0.000000 1.000000 0.000000
-0.089609 -0.995977 0.000000 46.591313 0.995977 -0.089609 0.000000 74.766971 0.000000 0.000000 1.000000 0.000000
-0.089491 -0.995988 0.000000 46.640764 0.995988 -0.089491 0.000000 74.754879 0.000000 0.000000 1.000000 0.000000
-0.088679 -0.996060 0.000000 46.606884 0.996060 -0.088679 0.000000 74.759601 0.000000 0.000000 1.000000 0.000000
-0.089951 -0.995946 0.000000 46.596779 0.995946 -0.089951 0.000000 74.762910 0.000000 0.000000 1.000000 0.000000
-0.090039 -0.995938 0.000000 46.621870 0.995938 -0.090039 0.000000 74.799159 0.000000 0.000000 1.000000 0.000000
-0.090342 -0.995911 0.000000 46.595134 0.995911 -0.090342 0.000000 74.844853 0.000000 0.000000 1.000000 0.000000
-0.090259 -0.995918 0.000000 46.576240 0.995918 -0.090259 0.000000 74.847254 0.000000 0.000000 1.000000 0.000000
-0.090452 -0.995901 0.000000 46.607089 0.995901 -0.090452 0.000000 74.861532 0.000000 0.000000 1.000000 0.000000
-0.088484 -0.996078 0.000000 46.573388 0.996078 -0.088484 0.000000 74.866365 0.000000 0.000000 1.000000 0.000000
-0.089874 -0.995953 0.000000 46.588785 0.995953 -0.089874 0.000000 74.888789 0.000000 0.000000 1.000000 0.000000
-0.089007 -0.996031 0.000000 46.599680 0.996031 -0.089007 0.000000 74.869825 0.000000 0.000000 1.000000 0.000000
-0.089960 -0.995945 0.000000 46.594766 0.995945 -0.089960 0.000000 74.933785 0.000000 0.000000 1.000000 0.000000
-0.089951 -0.995946 0.000000 46.534963 0.995946 -0.089951 0.000000 74.980903 0.000000 0.000000 1.000000 0.000000
-0.089922 -0.995949 0.000000 46.623127 0.995949 -0.089922 0.000000 74.991996 0.000000 0.000000 1.000000 0.000000
-0.091303 -0.995823 0.000000 46.574759 0.995823 -0.091303 0.000000 75.060675 0.000000 0.000000 1.000000 0.000000
-0.090075 -0.995935 0.000000 46.534302 0.995935 -0.090075 0.000000 75.097681 0.000000 0.000000 1.000000 0.000000
-0.090230 -0.995921 0.000000 46.533026 0.995921 -0.090230 0.000000 75.188711 0.000000 0.000000 1.000000 0.000000
-0.091043 -0.995847 0.000000 46.570764 0.995847 -0.091043 0.000000 75.254570 0.000000 0.000000 1.000000 0.000000
-0.090952 -0.995855 0.000000 46.507592 0.995855 -0.090952 0.000000 75.281954 0.000000 0.000000 1.000000 0.000000
-0.090509 -0.995896 0.000000 46.542127 0.995896 -0.090509 0.000000 75.327112 0.000000 0.000000 1.000000 0.000000
-0.090969 -0.995854 0.000000 46.559422 0.995854 -0.090969 0.000000 75.344918 0.000000 0.000000 1.000000 0.000000
-0.090979 -0.995853 0.000000 46.553651 0.995853 -0.090979 0.000000 75.361571 0.000000 0.000000 1.000000 0.000000
-0.091305 -0.995823 0.000000 46.510613 0.995823 -0.091305 0.000000 75.472157 0.000000 0.000000 1.000000 0.000000
-0.090339 -0.995911 0.000000 46.492039 0.995911 -0.090339 0.000000 75.514748 0.000000 0.000000 1.000000 0.000000
-0.091918 -0.995767 0.000000 46.502003 0.995767 -0.091918 0.000000 75.569852 0.000000 0.000000 1.000000 0.000000
-0.089081 -0.996024 0.000000 46.519106 0.996024 -0.089081 0.000000 75.588951 0.000000 0.000000 1.000000 0.000000
-0.089585 -0.995979 0.000000 46.455447 0.995979 -0.089585 0.000000 75.597009 0.000000 0.000000 1.000000 0.000000
-0.089983 -0.995943 0.000000 46.489177 0.995943 -0.089983 0.000000 75.591675 0.000000 0.000000 1.000000 0.000000
-0.089988 -0.995943 0.000000 46.466702 0.995943 -0.089988 0.000000 75.649899 0.000000 0.000000 1.000000 0.000000
-0.090755 -0.995873 0.000000 46.433050 0.995873 -0.090755 0.000000 75.687322 0.000000 0.000000 1.000000 0.000000
-0.090307 -0.995914 0.000000 46.483858 0.995914 -0.090307 0.000000 75.634138 0.000000 0.000000 1.000000 0.000000
-0.089399 -0.995996 0.000000 46.427828 0.995996 -0.089399 0.000000 75.721850 0.000000 0.000000 1.000000 0.000000
-0.090576 -0.995890 0.000000 46.490803 0.995890 -0.090576 0.000000 75.649233 0.000000 0.000000 1.000000 0.000000
-0.089294 -0.996005 0.000000 46.480710 0.996005 -0.089294 0.000000 75.657849 0.000000 0.000000 1.000000 0.000000
-0.089142 -0.996019 0.000000 46.476872 0.996019 -0.089142 0.000000 75.714718 0.000000 0.000000 1.000000 0.000000
-0.089397 -0.995996 0.000000 46.499476 0.995996 -0.089397 0.000000 75.699539 0.000000 0.000000 1.000000 0.000000
-0.089239 -0.996010 0.000000 46.477271 0.996010 -0.089239 0.000000 75.716967 0.000000 0.000000 1.000000 0.000000
-0.090880 -0.995862 0.000000 46.523427 0.995862 -0.090880 0.000000 75.657244 0.000000 0.000000 1.000000 0.000000
-0.089602 -0.995978 0.000000 46.488226 0.995978 -0.089602 0.000000 75.688697 0.000000 0.000000 1.000000 0.000000
