0.999999 0.001376 0.000000 1.819253 -0.001376 0.999999 0.000000 -0.016498 0.000000 0.000000 1.000000 0.000000
1.000000 0.000732 0.000000 2.196435 -0.000732 1.000000 0.000000 -0.023123 0.000000 0.000000 1.000000 0.000000
1.000000 0.000829 0.000000 2.661630 -0.000829 1.000000 0.000000 -0.001147 0.000000 0.000000 1.000000 0.000000
0.999999 0.001072 0.000000 3.215803 -0.001072 0.999999 0.000000 0.002991 0.000000 0.000000 1.000000 0.000000
0.999999 0.001413 0.000000 3.817029 -0.001413 0.999999 0.000000 0.005553 0.000000 0.000000 1.000000 0.000000
0.999999 0.001274 0.000000 4.380406 -0.001274 0.999999 0.000000 0.015694 0.000000 0.000000 1.000000 0.000000
0.999999 0.001121 0.000000 5.061213 -0.001121 0.999999 0.000000 0.000759 0.000000 0.000000 1.000000 0.000000
1.000000 -0.000435 0.000000 5.758687 0.000435 1.000000 0.000000 -0.042222 0.000000 0.000000 1.000000 0.000000
1.000000 -0.000842 0.000000 6.501477 0.000842 1.000000 0.000000 -0.010914 0.000000 0.000000 1.000000 0.000000
0.999999 -0.001233 0.000000 7.303687 0.001233 0.999999 0.000000 -0.018488 0.000000 0.000000 1.000000 0.000000
0.999997 -0.002513 0.000000 8.112176 0.002513 0.999997 0.000000 -0.046766 0.000000 0.000000 1.000000 0.000000
0.999998 -0.001978 0.000000 9.024903 0.001978 0.999998 0.000000 0.008922 0.000000 0.000000 1.000000 0.000000
0.999995 -0.003226 0.000000 9.904715 0.003226 0.999995 0.000000 -0.000968 0.000000 0.000000 1.000000 0.000000
0.999994 -0.003485 0.000000 10.864717 0.003485 0.999994 0.000000 0.029612 0.000000 0.000000 1.000000 0.000000
0.999985 -0.005476 0.000000 11.795837 0.005476 0.999985 0.000000 0.027132 0.000000 0.000000 1.000000 0.000000
0.999985 -0.005563 0.000000 12.804171 0.005563 0.999985 0.000000 0.008124 0.000000 0.000000 1.000000 0.000000
0.999977 -0.006761 0.000000 13.831111 0.006761 0.999977 0.000000 0.063852 0.000000 0.000000 1.000000 0.000000
0.999977 -0.006739 0.000000 14.872644 0.006739 0.999977 0.000000 0.042430 0.000000 0.000000 1.000000 0.000000
0.999971 -0.007663 0.000000 15.961847 0.007663 0.999971 0.000000 0.066808 0.000000 0.000000 1.000000 0.000000
0.999973 -0.007379 0.000000 17.119903 0.007379 0.999973 0.000000 0.082302 0.000000 0.000000 1.000000 0.000000
0.999969 -0.007822 0.000000 18.217113 0.007822 0.999969 0.000000 0.075223 0.000000 0.000000 1.000000 0.000000
0.999965 -0.008359 0.000000 19.386453 0.008359 0.999965 0.000000 0.092872 0.000000 0.000000 1.000000 0.000000
0.999949 -0.010119 0.000000 20.512969 0.010119 0.999949 0.000000 0.091090 0.000000 0.000000 1.000000 0.000000
0.999960 -0.008921 0.000000 21.789025 0.008921 0.999960 0.000000 0.111314 0.000000 0.000000 1.000000 0.000000
0.999960 -0.008892 0.000000 22.940393 0.008892 0.999960 0.000000 0.142407 0.000000 0.000000 1.000000 0.000000
0.999943 -0.010688 0.000000 24.224399 0.010688 0.999943 0.000000 0.120246 0.000000 0.000000 1.000000 0.000000
0.999870 -0.016100 0.000000 25.403732 0.016100 0.999870 0.000000 0.161230 0.000000 0.000000 1.000000 0.000000
0.999682 -0.025218 0.000000 26.553085 0.025218 0.999682 0.000000 0.200406 0.000000 0.000000 1.000000 0.000000
0.999345 -0.036183 0.000000 27.832394 0.036183 0.999345 0.000000 0.230480 0.000000 0.000000 1.000000 0.000000
0.998807 -0.048824 0.000000 29.044662 0.048824 0.998807 0.000000 0.331741 0.000000 0.000000 1.000000 0.000000
0.998062 -0.062232 0.000000 30.318310 0.062232 0.998062 0.000000 0.429093 0.000000 0.000000 1.000000 0.000000
0.997246 -0.074162 0.000000 31.552719 0.074162 0.997246 0.000000 0.587020 0.000000 0.000000 1.000000 0.000000
0.996305 -0.085890 0.000000 32.769814 0.085890 0.996305 0.000000 0.713137 0.000000 0.000000 1.000000 0.000000
0.995192 -0.097945 0.000000 34.010055 0.097945 0.995192 0.000000 0.820255 0.000000 0.000000 1.000000 0.000000
0.994160 -0.107920 0.000000 35.265481 0.107920 0.994160 0.000000 0.962185 0.000000 0.000000 1.000000 0.000000
0.993229 -0.116174 0.000000 36.558341 0.116174 0.993229 0.000000 1.087685 0.000000 0.000000 1.000000 0.000000
0.992830 -0.119537 0.000000 37.870152 0.119537 0.992830 0.000000 1.238459 0.000000 0.000000 1.000000 0.000000
0.992783 -0.119921 0.000000 39.109998 0.119921 0.992783 0.000000 1.415078 0.000000 0.000000 1.000000 0.000000
0.992972 -0.118349 0.000000 40.365101 0.118349 0.992972 0.000000 1.586221 0.000000 0.000000 1.000000 0.000000
0.993039 -0.117786 0.000000 41.711745 0.117786 0.993039 0.000000 1.747249 0.000000 0.000000 1.000000 0.000000
0.993114 -0.117148 0.000000 43.013983 0.117148 0.993114 0.000000 1.899897 0.000000 0.000000 1.000000 0.000000
0.993538 -0.113496 0.000000 44.419935 0.113496 0.993538 0.000000 2.037799 0.000000 0.000000 1.000000 0.000000
0.993496 -0.113870 0.000000 45.695528 0.113870 0.993496 0.000000 2.216955 0.000000 0.000000 1.000000 0.000000
0.993581 -0.113124 0.000000 47.164476 0.113124 0.993581 0.000000 2.368120 0.000000 0.000000 1.000000 0.000000
0.993212 -0.116322 0.000000 48.512226 0.116322 0.993212 0.000000 2.562842 0.000000 0.000000 1.000000 0.000000
0.992852 -0.119349 0.000000 50.001144 0.119349 0.992852 0.000000 2.703757 0.000000 0.000000 1.000000 0.000000
0.992113 -0.125343 0.000000 51.391413 0.125343 0.992113 0.000000 2.888660 0.000000 0.000000 1.000000 0.000000
0.991392 -0.130926 0.000000 52.883224 0.130926 0.991392 0.000000 3.094599 0.000000 0.000000 1.000000 0.000000
0.990215 -0.139550 0.000000 54.319108 0.139550 0.990215 0.000000 3.293747 0.000000 0.000000 1.000000 0.000000
0.989052 -0.147564 0.000000 55.829682 0.147564 0.989052 0.000000 3.540751 0.000000 0.000000 1.000000 0.000000
0.987946 -0.154802 0.000000 57.318948 0.154802 0.987946 0.000000 3.800950 0.000000 0.000000 1.000000 0.000000
0.986750 -0.162246 0.000000 58.871045 0.162246 0.986750 0.000000 4.057016 0.000000 0.000000 1.000000 0.000000
0.985691 -0.168565 0.000000 60.367203 0.168565 0.985691 0.000000 4.330776 0.000000 0.000000 1.000000 0.000000
0.984399 -0.175952 0.000000 61.893996 0.175952 0.984399 0.000000 4.653983 0.000000 0.000000 1.000000 0.000000
0.983088 -0.183132 0.000000 63.399561 0.183132 0.983088 0.000000 4.905511 0.000000 0.000000 1.000000 0.000000
0.981894 -0.189431 0.000000 64.860731 0.189431 0.981894 0.000000 5.216914 0.000000 0.000000 1.000000 0.000000
0.980790 -0.195068 0.000000 66.384162 0.195068 0.980790 0.000000 5.491717 0.000000 0.000000 1.000000 0.000000
0.980250 -0.197763 0.000000 67.867281 0.197763 0.980250 0.000000 5.784939 0.000000 0.000000 1.000000 0.000000
0.980268 -0.197671 0.000000 69.364362 0.197671 0.980268 0.000000 6.100767 0.000000 0.000000 1.000000 0.000000
0.980654 -0.195750 0.000000 70.829428 0.195750 0.980654 0.000000 6.414625 0.000000 0.000000 1.000000 0.000000
0.980832 -0.194855 0.000000 72.268764 0.194855 0.980832 0.000000 6.698418 0.000000 0.000000 1.000000 0.000000
0.981357 -0.192193 0.000000 73.701540 0.192193 0.981357 0.000000 7.017717 0.000000 0.000000 1.000000 0.000000
0.981758 -0.190133 0.000000 75.088076 0.190133 0.981758 0.000000 7.272231 0.000000 0.000000 1.000000 0.000000
0.982379 -0.186901 0.000000 76.389364 0.186901 0.982379 0.000000 7.495438 0.000000 0.000000 1.000000 0.000000
0.982953 -0.183859 0.000000 77.608481 0.183859 0.982953 0.000000 7.761999 0.000000 0.000000 1.000000 0.000000
0.983391 -0.181501 0.000000 78.769463 0.181501 0.983391 0.000000 7.924605 0.000000 0.000000 1.000000 0.000000
0.983723 -0.179691 0.000000 79.883826 0.179691 0.983723 0.000000 8.135128 0.000000 0.000000 1.000000 0.000000
0.983896 -0.178740 0.000000 80.878478 0.178740 0.983896 0.000000 8.314043 0.000000 0.000000 1.000000 0.000000
0.984278 -0.176628 0.000000 81.840508 0.176628 0.984278 0.000000 8.485040 0.000000 0.000000 1.000000 0.000000
0.984325 -0.176364 0.000000 82.638111 0.176364 0.984325 0.000000 8.624310 0.000000 0.000000 1.000000 0.000000
0.984299 -0.176507 0.000000 83.391789 0.176507 0.984299 0.000000 8.757522 0.000000 0.000000 1.000000 0.000000
0.984123 -0.177489 0.000000 84.031694 0.177489 0.984123 0.000000 8.866408 0.000000 0.000000 1.000000 0.000000
0.984026 -0.178025 0.000000 84.571649 0.178025 0.984026 0.000000 8.969972 0.000000 0.000000 1.000000 0.000000
0.983835 -0.179076 0.000000 85.067682 0.179076 0.983835 0.000000 9.072694 0.000000 0.000000 1.000000 0.000000
0.983637 -0.180160 0.000000 85.473961 0.180160 0.983637 0.000000 9.159105 0.000000 0.000000 1.000000 0.000000
0.983341 -0.181772 0.000000 85.820735 0.181772 0.983341 0.000000 9.215130 0.000000 0.000000 1.000000 0.000000
0.983244 -0.182293 0.000000 86.142686 0.182293 0.983244 0.000000 9.280448 0.000000 0.000000 1.000000 0.000000
0.982880 -0.184245 0.000000 86.505259 0.184245 0.982880 0.000000 9.361508 0.000000 0.000000 1.000000 0.000000
0.982592 -0.185777 0.000000 86.883044 0.185777 0.982592 0.000000 9.412855 0.000000 0.000000 1.000000 0.000000
0.982254 -0.187554 0.000000 87.210909 0.187554 0.982254 0.000000 9.488348 0.000000 0.000000 1.000000 0.000000
0.981499 -0.191470 0.000000 87.580825 0.191470 0.981499 0.000000 9.616179 0.000000 0.000000 1.000000 0.000000
0.980153 -0.198242 0.000000 88.010486 0.198242 0.980153 0.000000 9.686251 0.000000 0.000000 1.000000 0.000000
0.978681 -0.205385 0.000000 88.439139 0.205385 0.978681 0.000000 9.762855 0.000000 0.000000 1.000000 0.000000
0.977115 -0.212712 0.000000 88.931674 0.212712 0.977115 0.000000 9.891278 0.000000 0.000000 1.000000 0.000000
0.975031 -0.222067 0.000000 89.502089 0.222067 0.975031 0.000000 10.014909 0.000000 0.000000 1.000000 0.000000
0.972843 -0.231464 0.000000 90.111644 0.231464 0.972843 0.000000 10.206524 0.000000 0.000000 1.000000 0.000000
0.970075 -0.242807 0.000000 90.739437 0.242807 0.970075 0.000000 10.386012 0.000000 0.000000 1.000000 0.000000
0.966654 -0.256087 0.000000 91.457363 0.256087 0.966654 0.000000 10.597003 0.000000 0.000000 1.000000 0.000000
0.962349 -0.271815 0.000000 92.213066 0.271815 0.962349 0.000000 10.855063 0.000000 0.000000 1.000000 0.000000
0.957319 -0.289033 0.000000 92.999710 0.289033 0.957319 0.000000 11.095528 0.000000 0.000000 1.000000 0.000000
0.950857 -0.309630 0.000000 93.839997 0.309630 0.950857 0.000000 11.368276 0.000000 0.000000 1.000000 0.000000
0.943921 -0.330172 0.000000 94.704391 0.330172 0.943921 0.000000 11.739865 0.000000 0.000000 1.000000 0.000000
0.930767 -0.365612 0.000000 96.624099 0.365612 0.930767 0.000000 12.636830 0.000000 0.000000 1.000000 0.000000
0.914592 -0.404378 0.000000 97.742937 0.404378 0.914592 0.000000 13.062044 0.000000 0.000000 1.000000 0.000000
0.901082 -0.433649 0.000000 98.655704 0.433649 0.901082 0.000000 13.510345 0.000000 0.000000 1.000000 0.000000
0.887395 -0.461010 0.000000 99.634296 0.461010 0.887395 0.000000 14.082952 0.000000 0.000000 1.000000 0.000000
0.871103 -0.491101 0.000000 100.685334 0.491101 0.871103 0.000000 14.736826 0.000000 0.000000 1.000000 0.000000
0.852291 -0.523069 0.000000 101.769070 0.523069 0.852291 0.000000 15.419086 0.000000 0.000000 1.000000 0.000000
0.831162 -0.556030 0.000000 102.868647 0.556030 0.831162 0.000000 16.203993 0.000000 0.000000 1.000000 0.000000
0.809006 -0.587800 0.000000 103.947202 0.587800 0.809006 0.000000 17.041061 0.000000 0.000000 1.000000 0.000000
0.785193 -0.619251 0.000000 104.993625 0.619251 0.785193 0.000000 17.991024 0.000000 0.000000 1.000000 0.000000
0.760743 -0.649053 0.000000 106.100167 0.649053 0.760743 0.000000 18.905307 0.000000 0.000000 1.000000 0.000000
0.741328 -0.671143 0.000000 107.237962 0.671143 0.741328 0.000000 19.988749 0.000000 0.000000 1.000000 0.000000
0.724790 -0.688970 0.000000 108.320070 0.688970 0.724790 0.000000 21.031882 0.000000 0.000000 1.000000 0.000000
0.710761 -0.703433 0.000000 109.415517 0.703433 0.710761 0.000000 22.156626 0.000000 0.000000 1.000000 0.000000
0.702917 -0.711272 0.000000 110.592794 0.711272 0.702917 0.000000 23.303096 0.000000 0.000000 1.000000 0.000000
0.698852 -0.715267 0.000000 111.755316 0.715267 0.698852 0.000000 24.465552 0.000000 0.000000 1.000000 0.000000
0.698598 -0.715514 0.000000 112.910708 0.715514 0.698598 0.000000 25.687266 0.000000 0.000000 1.000000 0.000000
0.703213 -0.710979 0.000000 114.065173 0.710979 0.703213 0.000000 26.916620 0.000000 0.000000 1.000000 0.000000
0.708336 -0.705875 0.000000 115.278181 0.705875 0.708336 0.000000 28.109531 0.000000 0.000000 1.000000 0.000000
0.712207 -0.701970 0.000000 116.539961 0.701970 0.712207 0.000000 29.379767 0.000000 0.000000 1.000000 0.000000
0.716036 -0.698063 0.000000 117.869610 0.698063 0.716036 0.000000 30.686900 0.000000 0.000000 1.000000 0.000000
0.719895 -0.694083 0.000000 119.188466 0.694083 0.719895 0.000000 31.984530 0.000000 0.000000 1.000000 0.000000
0.722878 -0.690976 0.000000 120.532345 0.690976 0.722878 0.000000 33.248147 0.000000 0.000000 1.000000 0.000000
0.725730 -0.687979 0.000000 121.927184 0.687979 0.725730 0.000000 34.609502 0.000000 0.000000 1.000000 0.000000
0.729186 -0.684315 0.000000 123.330010 0.684315 0.729186 0.000000 35.930003 0.000000 0.000000 1.000000 0.000000
0.732635 -0.680621 0.000000 124.749230 0.680621 0.732635 0.000000 37.250988 0.000000 0.000000 1.000000 0.000000
0.735938 -0.677049 0.000000 126.270802 0.677049 0.735938 0.000000 38.615398 0.000000 0.000000 1.000000 0.000000
0.739065 -0.673634 0.000000 127.741686 0.673634 0.739065 0.000000 40.007439 0.000000 0.000000 1.000000 0.000000
0.743653 -0.668566 0.000000 129.284966 0.668566 0.743653 0.000000 41.331445 0.000000 0.000000 1.000000 0.000000
0.748712 -0.662895 0.000000 130.773450 0.662895 0.748712 0.000000 42.679007 0.000000 0.000000 1.000000 0.000000
0.756685 -0.653780 0.000000 132.375708 0.653780 0.756685 0.000000 44.028897 0.000000 0.000000 1.000000 0.000000
0.764194 -0.644986 0.000000 133.926379 0.644986 0.764194 0.000000 45.346713 0.000000 0.000000 1.000000 0.000000
0.775182 -0.631738 0.000000 135.535537 0.631738 0.775182 0.000000 46.677985 0.000000 0.000000 1.000000 0.000000
0.785296 -0.619121 0.000000 137.158220 0.619121 0.785296 0.000000 47.947747 0.000000 0.000000 1.000000 0.000000
0.795420 -0.606059 0.000000 138.811196 0.606059 0.795420 0.000000 49.209224 0.000000 0.000000 1.000000 0.000000
0.805391 -0.592744 0.000000 140.545109 0.592744 0.805391 0.000000 50.476883 0.000000 0.000000 1.000000 0.000000
0.814897 -0.579606 0.000000 142.315750 0.579606 0.814897 0.000000 51.680164 0.000000 0.000000 1.000000 0.000000
0.825154 -0.564908 0.000000 144.044185 0.564908 0.825154 0.000000 52.890822 0.000000 0.000000 1.000000 0.000000
0.836192 -0.548437 0.000000 145.849897 0.548437 0.836192 0.000000 54.034170 0.000000 0.000000 1.000000 0.000000
0.848385 -0.529380 0.000000 147.624332 0.529380 0.848385 0.000000 55.203114 0.000000 0.000000 1.000000 0.000000
0.861474 -0.507802 0.000000 149.469680 0.507802 0.861474 0.000000 56.263680 0.000000 0.000000 1.000000 0.000000
0.874737 -0.484598 0.000000 151.320469 0.484598 0.874737 0.000000 57.268512 0.000000 0.000000 1.000000 0.000000
0.887560 -0.460693 0.000000 153.160597 0.460693 0.887560 0.000000 58.210894 0.000000 0.000000 1.000000 0.000000
0.899711 -0.436486 0.000000 155.085463 0.436486 0.899711 0.000000 59.139209 0.000000 0.000000 1.000000 0.000000
0.910534 -0.413435 0.000000 157.024991 0.413435 0.910534 0.000000 59.994593 0.000000 0.000000 1.000000 0.000000
0.921030 -0.389492 0.000000 158.965351 0.389492 0.921030 0.000000 60.824452 0.000000 0.000000 1.000000 0.000000
0.929666 -0.368403 0.000000 160.915951 0.368403 0.929666 0.000000 61.557477 0.000000 0.000000 1.000000 0.000000
0.937104 -0.349049 0.000000 162.940586 0.349049 0.937104 0.000000 62.325158 0.000000 0.000000 1.000000 0.000000
0.943745 -0.330674 0.000000 164.949332 0.330674 0.943745 0.000000 63.041487 0.000000 0.000000 1.000000 0.000000
0.950400 -0.311032 0.000000 166.973199 0.311032 0.950400 0.000000 63.678887 0.000000 0.000000 1.000000 0.000000
0.957803 -0.287427 0.000000 169.031532 0.287427 0.957803 0.000000 64.284694 0.000000 0.000000 1.000000 0.000000
0.964808 -0.262955 0.000000 171.096917 0.262955 0.964808 0.000000 64.847256 0.000000 0.000000 1.000000 0.000000
0.970300 -0.241905 0.000000 173.165804 0.241905 0.970300 0.000000 65.357226 0.000000 0.000000 1.000000 0.000000
0.975316 -0.220814 0.000000 175.255516 0.220814 0.975316 0.000000 65.830380 0.000000 0.000000 1.000000 0.000000
0.979530 -0.201298 0.000000 177.339406 0.201298 0.979530 0.000000 66.257110 0.000000 0.000000 1.000000 0.000000
0.982728 -0.185058 0.000000 179.463007 0.185058 0.982728 0.000000 66.646650 0.000000 0.000000 1.000000 0.000000
0.985512 -0.169603 0.000000 181.604544 0.169603 0.985512 0.000000 67.039640 0.000000 0.000000 1.000000 0.000000
0.988116 -0.153710 0.000000 183.784930 0.153710 0.988116 0.000000 67.374637 0.000000 0.000000 1.000000 0.000000
0.990382 -0.138364 0.000000 185.959023 0.138364 0.990382 0.000000 67.673312 0.000000 0.000000 1.000000 0.000000
0.992394 -0.123106 0.000000 188.128877 0.123106 0.992394 0.000000 67.924979 0.000000 0.000000 1.000000 0.000000
0.994064 -0.108798 0.000000 190.311922 0.108798 0.994064 0.000000 68.171089 0.000000 0.000000 1.000000 0.000000
0.995455 -0.095228 0.000000 192.505019 0.095228 0.995455 0.000000 68.378658 0.000000 0.000000 1.000000 0.000000
0.996491 -0.083700 0.000000 194.685301 0.083700 0.996491 0.000000 68.518669 0.000000 0.000000 1.000000 0.000000
0.997538 -0.070125 0.000000 196.833481 0.070125 0.997538 0.000000 68.682275 0.000000 0.000000 1.000000 0.000000
0.998477 -0.055172 0.000000 198.973967 0.055172 0.998477 0.000000 68.760748 0.000000 0.000000 1.000000 0.000000
0.999294 -0.037561 0.000000 201.125508 0.037561 0.999294 0.000000 68.837418 0.000000 0.000000 1.000000 0.000000
0.999840 -0.017910 0.000000 203.265962 0.017910 0.999840 0.000000 68.894659 0.000000 0.000000 1.000000 0.000000
1.000000 0.000389 0.000000 205.380396 -0.000389 1.000000 0.000000 68.897267 0.000000 0.000000 1.000000 0.000000
0.999845 0.017603 0.000000 207.459945 -0.017603 0.999845 0.000000 68.837730 0.000000 0.000000 1.000000 0.000000
0.999437 0.033562 0.000000 209.591263 -0.033562 0.999437 0.000000 68.765875 0.000000 0.000000 1.000000 0.000000
0.998770 0.049578 0.000000 211.748595 -0.049578 0.998770 0.000000 68.654128 0.000000 0.000000 1.000000 0.000000
0.997797 0.066348 0.000000 213.909810 -0.066348 0.997797 0.000000 68.507931 0.000000 0.000000 1.000000 0.000000
0.996627 0.082060 0.000000 216.028138 -0.082060 0.996627 0.000000 68.329051 0.000000 0.000000 1.000000 0.000000
0.995164 0.098232 0.000000 218.238059 -0.098232 0.995164 0.000000 68.102938 0.000000 0.000000 1.000000 0.000000
0.993827 0.110940 0.000000 220.385265 -0.110940 0.993827 0.000000 67.846553 0.000000 0.000000 1.000000 0.000000
0.992415 0.122934 0.000000 222.584701 -0.122934 0.992415 0.000000 67.565057 0.000000 0.000000 1.000000 0.000000
0.990944 0.134275 0.000000 224.734249 -0.134275 0.990944 0.000000 67.259127 0.000000 0.000000 1.000000 0.000000
0.989024 0.147755 0.000000 226.907650 -0.147755 0.989024 0.000000 66.962305 0.000000 0.000000 1.000000 0.000000
0.986589 0.163225 0.000000 229.042266 -0.163225 0.986589 0.000000 66.587581 0.000000 0.000000 1.000000 0.000000
0.984044 0.177925 0.000000 231.210157 -0.177925 0.984044 0.000000 66.194808 0.000000 0.000000 1.000000 0.000000
0.981051 0.193747 0.000000 233.360420 -0.193747 0.981051 0.000000 65.808797 0.000000 0.000000 1.000000 0.000000
0.977352 0.211618 0.000000 235.510036 -0.211618 0.977352 0.000000 65.322784 0.000000 0.000000 1.000000 0.000000
0.973059 0.230556 0.000000 237.631803 -0.230556 0.973059 0.000000 64.858819 0.000000 0.000000 1.000000 0.000000
0.969036 0.246919 0.000000 239.695800 -0.246919 0.969036 0.000000 64.303752 0.000000 0.000000 1.000000 0.000000
0.965740 0.259512 0.000000 241.810653 -0.259512 0.965740 0.000000 63.727436 0.000000 0.000000 1.000000 0.000000
0.960894 0.276917 0.000000 243.992413 -0.276917 0.960894 0.000000 63.130369 0.000000 0.000000 1.000000 0.000000
0.954801 0.297245 0.000000 246.061279 -0.297245 0.954801 0.000000 62.454356 0.000000 0.000000 1.000000 0.000000
0.946426 0.322920 0.000000 248.156036 -0.322920 0.946426 0.000000 61.753054 0.000000 0.000000 1.000000 0.000000
0.936750 0.349999 0.000000 250.111417 -0.349999 0.936750 0.000000 60.966123 0.000000 0.000000 1.000000 0.000000
0.926427 0.376475 0.000000 252.197233 -0.376475 0.926427 0.000000 60.148104 0.000000 0.000000 1.000000 0.000000
0.914963 0.403539 0.000000 254.159427 -0.403539 0.914963 0.000000 59.255907 0.000000 0.000000 1.000000 0.000000
0.902691 0.430290 0.000000 256.156682 -0.430290 0.902691 0.000000 58.332851 0.000000 0.000000 1.000000 0.000000
0.888757 0.458379 0.000000 258.109368 -0.458379 0.888757 0.000000 57.275415 0.000000 0.000000 1.000000 0.000000
0.874348 0.485299 0.000000 260.002021 -0.485299 0.874348 0.000000 56.189593 0.000000 0.000000 1.000000 0.000000
0.860726 0.509068 0.000000 261.854707 -0.509068 0.860726 0.000000 55.078786 0.000000 0.000000 1.000000 0.000000
0.848977 0.528429 0.000000 263.719152 -0.528429 0.848977 0.000000 53.939424 0.000000 0.000000 1.000000 0.000000
0.838682 0.544622 0.000000 265.561784 -0.544622 0.838682 0.000000 52.780891 0.000000 0.000000 1.000000 0.000000
0.829092 0.559113 0.000000 267.295156 -0.559113 0.829092 0.000000 51.564873 0.000000 0.000000 1.000000 0.000000
0.819189 0.573523 0.000000 269.087342 -0.573523 0.819189 0.000000 50.364015 0.000000 0.000000 1.000000 0.000000
0.808545 0.588435 0.000000 270.748640 -0.588435 0.808545 0.000000 49.119358 0.000000 0.000000 1.000000 0.000000
0.798044 0.602599 0.000000 272.442128 -0.602599 0.798044 0.000000 47.860199 0.000000 0.000000 1.000000 0.000000
0.786729 0.617299 0.000000 274.085060 -0.617299 0.786729 0.000000 46.549801 0.000000 0.000000 1.000000 0.000000
0.774061 0.633111 0.000000 275.624517 -0.633111 0.774061 0.000000 45.251704 0.000000 0.000000 1.000000 0.000000
0.760646 0.649167 0.000000 277.149300 -0.649167 0.760646 0.000000 43.891611 0.000000 0.000000 1.000000 0.000000
0.746819 0.665027 0.000000 278.659646 -0.665027 0.746819 0.000000 42.570241 0.000000 0.000000 1.000000 0.000000
0.733663 0.679513 0.000000 280.161969 -0.679513 0.733663 0.000000 41.170097 0.000000 0.000000 1.000000 0.000000
0.721145 0.692784 0.000000 281.592614 -0.692784 0.721145 0.000000 39.731465 0.000000 0.000000 1.000000 0.000000
0.710910 0.703283 0.000000 283.037185 -0.703283 0.710910 0.000000 38.303655 0.000000 0.000000 1.000000 0.000000
0.702352 0.711830 0.000000 284.475802 -0.711830 0.702352 0.000000 36.841123 0.000000 0.000000 1.000000 0.000000
0.693452 0.720503 0.000000 285.876954 -0.720503 0.693452 0.000000 35.390169 0.000000 0.000000 1.000000 0.000000
0.685314 0.728247 0.000000 287.271287 -0.728247 0.685314 0.000000 33.933482 0.000000 0.000000 1.000000 0.000000
0.679727 0.733465 0.000000 288.656264 -0.733465 0.679727 0.000000 32.466674 0.000000 0.000000 1.000000 0.000000
0.675865 0.737025 0.000000 290.015134 -0.737025 0.675865 0.000000 30.976758 0.000000 0.000000 1.000000 0.000000
0.674176 0.738571 0.000000 291.393706 -0.738571 0.674176 0.000000 29.568527 0.000000 0.000000 1.000000 0.000000
0.674209 0.738541 0.000000 292.711733 -0.738541 0.674209 0.000000 28.095601 0.000000 0.000000 1.000000 0.000000
0.677651 0.735384 0.000000 294.038863 -0.735384 0.677651 0.000000 26.687460 0.000000 0.000000 1.000000 0.000000
0.684644 0.728878 0.000000 295.368948 -0.728878 0.684644 0.000000 25.265065 0.000000 0.000000 1.000000 0.000000
0.695287 0.718732 0.000000 296.686815 -0.718732 0.695287 0.000000 23.878029 0.000000 0.000000 1.000000 0.000000
0.708266 0.705945 0.000000 298.056114 -0.705945 0.708266 0.000000 22.575966 0.000000 0.000000 1.000000 0.000000
0.722332 0.691547 0.000000 299.450457 -0.691547 0.722332 0.000000 21.235362 0.000000 0.000000 1.000000 0.000000
0.737711 0.675116 0.000000 300.817950 -0.675116 0.737711 0.000000 20.011242 0.000000 0.000000 1.000000 0.000000
0.754216 0.656626 0.000000 302.243871 -0.656626 0.754216 0.000000 18.764086 0.000000 0.000000 1.000000 0.000000
0.770155 0.637856 0.000000 303.722570 -0.637856 0.770155 0.000000 17.593292 0.000000 0.000000 1.000000 0.000000
0.787437 0.616395 0.000000 305.160100 -0.616395 0.787437 0.000000 16.493731 0.000000 0.000000 1.000000 0.000000
0.805031 0.593233 0.000000 306.699026 -0.593233 0.805031 0.000000 15.397432 0.000000 0.000000 1.000000 0.000000
0.825205 0.564834 0.000000 308.230775 -0.564834 0.825205 0.000000 14.394833 0.000000 0.000000 1.000000 0.000000
0.845670 0.533706 0.000000 309.837838 -0.533706 0.845670 0.000000 13.410989 0.000000 0.000000 1.000000 0.000000
0.865784 0.500418 0.000000 311.453211 -0.500418 0.865784 0.000000 12.513295 0.000000 0.000000 1.000000 0.000000
0.887156 0.461469 0.000000 313.081445 -0.461469 0.887156 0.000000 11.666058 0.000000 0.000000 1.000000 0.000000
0.908174 0.418593 0.000000 314.825120 -0.418593 0.908174 0.000000 10.908653 0.000000 0.000000 1.000000 0.000000
0.928230 0.372007 0.000000 316.587045 -0.372007 0.928230 0.000000 10.256775 0.000000 0.000000 1.000000 0.000000
0.946402 0.322992 0.000000 318.388482 -0.322992 0.946402 0.000000 9.622090 0.000000 0.000000 1.000000 0.000000
0.962485 0.271335 0.000000 320.228706 -0.271335 0.962485 0.000000 9.149451 0.000000 0.000000 1.000000 0.000000
0.974731 0.223384 0.000000 322.216777 -0.223384 0.974731 0.000000 8.707927 0.000000 0.000000 1.000000 0.000000
0.982417 0.186702 0.000000 324.168459 -0.186702 0.982417 0.000000 8.325893 0.000000 0.000000 1.000000 0.000000
0.987674 0.156524 0.000000 326.054420 -0.156524 0.987674 0.000000 8.086811 0.000000 0.000000 1.000000 0.000000
0.991458 0.130425 0.000000 327.973514 -0.130425 0.991458 0.000000 7.860569 0.000000 0.000000 1.000000 0.000000
0.994569 0.104075 0.000000 329.934076 -0.104075 0.994569 0.000000 7.703890 0.000000 0.000000 1.000000 0.000000
0.996568 0.082772 0.000000 331.921010 -0.082772 0.996568 0.000000 7.535352 0.000000 0.000000 1.000000 0.000000
0.997778 0.066621 0.000000 333.926185 -0.066621 0.997778 0.000000 7.398447 0.000000 0.000000 1.000000 0.000000
0.998569 0.053470 0.000000 335.968750 -0.053470 0.998569 0.000000 7.318204 0.000000 0.000000 1.000000 0.000000
0.998985 0.045045 0.000000 338.022250 -0.045045 0.998985 0.000000 7.210828 0.000000 0.000000 1.000000 0.000000
0.999064 0.043266 0.000000 340.016734 -0.043266 0.999064 0.000000 7.157793 0.000000 0.000000 1.000000 0.000000
0.999034 0.043949 0.000000 342.082470 -0.043949 0.999034 0.000000 7.063345 0.000000 0.000000 1.000000 0.000000
0.998865 0.047627 0.000000 344.148875 -0.047627 0.998865 0.000000 6.960397 0.000000 0.000000 1.000000 0.000000
0.998667 0.051608 0.000000 346.230271 -0.051608 0.998667 0.000000 6.872615 0.000000 0.000000 1.000000 0.000000
0.998416 0.056267 0.000000 348.274839 -0.056267 0.998416 0.000000 6.756390 0.000000 0.000000 1.000000 0.000000
0.998193 0.060084 0.000000 350.414712 -0.060084 0.998193 0.000000 6.618697 0.000000 0.000000 1.000000 0.000000
0.998007 0.063106 0.000000 352.548649 -0.063106 0.998007 0.000000 6.516369 0.000000 0.000000 1.000000 0.000000
0.997827 0.065887 0.000000 354.607174 -0.065887 0.997827 0.000000 6.362386 0.000000 0.000000 1.000000 0.000000
0.997600 0.069235 0.000000 356.753785 -0.069235 0.997600 0.000000 6.164041 0.000000 0.000000 1.000000 0.000000
0.997383 0.072293 0.000000 358.939252 -0.072293 0.997383 0.000000 6.015451 0.000000 0.000000 1.000000 0.000000
0.997243 0.074202 0.000000 361.079066 -0.074202 0.997243 0.000000 5.856788 0.000000 0.000000 1.000000 0.000000
0.997071 0.076485 0.000000 363.211053 -0.076485 0.997071 0.000000 5.724452 0.000000 0.000000 1.000000 0.000000
0.997170 0.075178 0.000000 365.416391 -0.075178 0.997170 0.000000 5.570762 0.000000 0.000000 1.000000 0.000000
0.997392 0.072174 0.000000 367.624011 -0.072174 0.997392 0.000000 5.349805 0.000000 0.000000 1.000000 0.000000
0.997523 0.070347 0.000000 369.834495 -0.070347 0.997523 0.000000 5.184681 0.000000 0.000000 1.000000 0.000000
0.997785 0.066528 0.000000 372.057172 -0.066528 0.997785 0.000000 5.006597 0.000000 0.000000 1.000000 0.000000
0.997995 0.063293 0.000000 374.282750 -0.063293 0.997995 0.000000 4.893147 0.000000 0.000000 1.000000 0.000000
0.998202 0.059936 0.000000 376.516247 -0.059936 0.998202 0.000000 4.761191 0.000000 0.000000 1.000000 0.000000
0.998576 0.053352 0.000000 378.762218 -0.053352 0.998576 0.000000 4.590796 0.000000 0.000000 1.000000 0.000000
0.998981 0.045124 0.000000 381.013342 -0.045124 0.998981 0.000000 4.519386 0.000000 0.000000 1.000000 0.000000
0.999279 0.037971 0.000000 383.316002 -0.037971 0.999279 0.000000 4.379604 0.000000 0.000000 1.000000 0.000000
0.999471 0.032510 0.000000 385.587254 -0.032510 0.999471 0.000000 4.328829 0.000000 0.000000 1.000000 0.000000
0.999656 0.026225 0.000000 387.940016 -0.026225 0.999656 0.000000 4.234703 0.000000 0.000000 1.000000 0.000000
0.999743 0.022682 0.000000 390.241008 -0.022682 0.999743 0.000000 4.183677 0.000000 0.000000 1.000000 0.000000
0.999838 0.018008 0.000000 392.504589 -0.018008 0.999838 0.000000 4.140885 0.000000 0.000000 1.000000 0.000000
0.999901 0.014099 0.000000 394.784282 -0.014099 0.999901 0.000000 4.136480 0.000000 0.000000 1.000000 0.000000
0.999956 0.009419 0.000000 397.030871 -0.009419 0.999956 0.000000 4.060933 0.000000 0.000000 1.000000 0.000000
0.999974 0.007227 0.000000 399.286371 -0.007227 0.999974 0.000000 4.028032 0.000000 0.000000 1.000000 0.000000
0.999979 0.006437 0.000000 401.524162 -0.006437 0.999979 0.000000 4.049481 0.000000 0.000000 1.000000 0.000000
0.999972 0.007474 0.000000 403.747733 -0.007474 0.999972 0.000000 4.001284 0.000000 0.000000 1.000000 0.000000
0.999966 0.008297 0.000000 405.943098 -0.008297 0.999966 0.000000 3.986391 0.000000 0.000000 1.000000 0.000000
0.999969 0.007916 0.000000 408.144804 -0.007916 0.999969 0.000000 3.949518 0.000000 0.000000 1.000000 0.000000
0.999970 0.007734 0.000000 410.336219 -0.007734 0.999970 0.000000 3.974935 0.000000 0.000000 1.000000 0.000000
0.999972 0.007500 0.000000 412.576307 -0.007500 0.999972 0.000000 3.937379 0.000000 0.000000 1.000000 0.000000
0.999962 0.008720 0.000000 414.770338 -0.008720 0.999962 0.000000 3.966089 0.000000 0.000000 1.000000 0.000000
0.999953 0.009684 0.000000 416.969885 -0.009684 0.999953 0.000000 3.872193 0.000000 0.000000 1.000000 0.000000
0.999931 0.011785 0.000000 419.120243 -0.011785 0.999931 0.000000 3.841571 0.000000 0.000000 1.000000 0.000000
0.999913 0.013215 0.000000 421.384231 -0.013215 0.999913 0.000000 3.901562 0.000000 0.000000 1.000000 0.000000
0.999927 0.012072 0.000000 423.552290 -0.012072 0.999927 0.000000 3.861444 0.000000 0.000000 1.000000 0.000000
0.999938 0.011132 0.000000 425.708696 -0.011132 0.999938 0.000000 3.808811 0.000000 0.000000 1.000000 0.000000
0.999947 0.010311 0.000000 427.828330 -0.010311 0.999947 0.000000 3.734319 0.000000 0.000000 1.000000 0.000000
0.999955 0.009514 0.000000 429.989981 -0.009514 0.999955 0.000000 3.736957 0.000000 0.000000 1.000000 0.000000
0.999956 0.009414 0.000000 432.063865 -0.009414 0.999956 0.000000 3.708274 0.000000 0.000000 1.000000 0.000000
0.999992 0.003988 0.000000 434.173767 -0.003988 0.999992 0.000000 3.705963 0.000000 0.000000 1.000000 0.000000
1.000000 0.000827 0.000000 436.283105 -0.000827 1.000000 0.000000 3.688371 0.000000 0.000000 1.000000 0.000000
0.999997 -0.002445 0.000000 438.338450 0.002445 0.999997 0.000000 3.641750 0.000000 0.000000 1.000000 0.000000
0.999988 -0.004887 0.000000 440.391128 0.004887 0.999988 0.000000 3.690753 0.000000 0.000000 1.000000 0.000000
0.999976 -0.006933 0.000000 442.409430 0.006933 0.999976 0.000000 3.665530 0.000000 0.000000 1.000000 0.000000
0.999961 -0.008864 0.000000 444.410184 0.008864 0.999961 0.000000 3.718335 0.000000 0.000000 1.000000 0.000000
0.999941 -0.010852 0.000000 446.369835 0.010852 0.999941 0.000000 3.755443 0.000000 0.000000 1.000000 0.000000
0.999936 -0.011292 0.000000 448.400100 0.011292 0.999936 0.000000 3.828490 0.000000 0.000000 1.000000 0.000000
0.999927 -0.012094 0.000000 450.333220 0.012094 0.999927 0.000000 3.831274 0.000000 0.000000 1.000000 0.000000
0.999908 -0.013552 0.000000 452.275710 0.013552 0.999908 0.000000 3.824906 0.000000 0.000000 1.000000 0.000000
0.999920 -0.012619 0.000000 454.210367 0.012619 0.999920 0.000000 3.866216 0.000000 0.000000 1.000000 0.000000
0.999949 -0.010133 0.000000 456.088580 0.010133 0.999949 0.000000 3.915732 0.000000 0.000000 1.000000 0.000000
0.999958 -0.009138 0.000000 457.991782 0.009138 0.999958 0.000000 3.951871 0.000000 0.000000 1.000000 0.000000
0.999968 -0.007944 0.000000 459.803153 0.007944 0.999968 0.000000 3.969388 0.000000 0.000000 1.000000 0.000000
0.999969 -0.007838 0.000000 461.592233 0.007838 0.999969 0.000000 4.003118 0.000000 0.000000 1.000000 0.000000
0.999994 -0.003341 0.000000 463.271851 0.003341 0.999994 0.000000 3.928065 0.000000 0.000000 1.000000 0.000000
0.999998 -0.002151 0.000000 464.975563 0.002151 0.999998 0.000000 3.975739 0.000000 0.000000 1.000000 0.000000
1.000000 0.000897 0.000000 466.512754 -0.000897 1.000000 0.000000 3.955361 0.000000 0.000000 1.000000 0.000000
0.999957 0.009239 0.000000 468.038589 -0.009239 0.999957 0.000000 3.947932 0.000000 0.000000 1.000000 0.000000
0.999843 0.017723 0.000000 469.493343 -0.017723 0.999843 0.000000 3.913277 0.000000 0.000000 1.000000 0.000000
0.999483 0.032159 0.000000 470.899022 -0.032159 0.999483 0.000000 3.851548 0.000000 0.000000 1.000000 0.000000
0.998526 0.054274 0.000000 472.253482 -0.054274 0.998526 0.000000 3.712300 0.000000 0.000000 1.000000 0.000000
0.995795 0.091607 0.000000 473.601485 -0.091607 0.995795 0.000000 3.584037 0.000000 0.000000 1.000000 0.000000
0.989774 0.142641 0.000000 474.760195 -0.142641 0.989774 0.000000 3.327110 0.000000 0.000000 1.000000 0.000000
0.979265 0.202582 0.000000 475.924689 -0.202582 0.979265 0.000000 3.029919 0.000000 0.000000 1.000000 0.000000
0.964418 0.264383 0.000000 477.061577 -0.264383 0.964418 0.000000 2.569364 0.000000 0.000000 1.000000 0.000000
0.946064 0.323980 0.000000 478.205236 -0.323980 0.946064 0.000000 2.135660 0.000000 0.000000 1.000000 0.000000
0.920281 0.391259 0.000000 479.284689 -0.391259 0.920281 0.000000 1.673783 0.000000 0.000000 1.000000 0.000000
0.889590 0.456761 0.000000 480.288862 -0.456761 0.889590 0.000000 1.104593 0.000000 0.000000 1.000000 0.000000
0.851433 0.524463 0.000000 481.291865 -0.524463 0.851433 0.000000 0.377166 0.000000 0.000000 1.000000 0.000000
0.806191 0.591655 0.000000 482.173577 -0.591655 0.806191 0.000000 -0.400583 0.000000 0.000000 1.000000 0.000000
0.751059 0.660235 0.000000 483.040453 -0.660235 0.751059 0.000000 -1.241078 0.000000 0.000000 1.000000 0.000000
0.686713 0.726928 0.000000 483.776542 -0.726928 0.686713 0.000000 -2.192704 0.000000 0.000000 1.000000 0.000000
0.613011 0.790074 0.000000 484.401852 -0.790074 0.613011 0.000000 -3.152818 0.000000 0.000000 1.000000 0.000000
0.529209 0.848492 0.000000 484.984973 -0.848492 0.529209 0.000000 -4.199257 0.000000 0.000000 1.000000 0.000000
0.441017 0.897499 0.000000 485.434020 -0.897499 0.441017 0.000000 -5.329256 0.000000 0.000000 1.000000 0.000000
0.350194 0.936677 0.000000 485.770486 -0.936677 0.350194 0.000000 -6.502918 0.000000 0.000000 1.000000 0.000000
0.272242 0.962229 0.000000 485.984885 -0.962229 0.272242 0.000000 -7.714991 0.000000 0.000000 1.000000 0.000000
0.217491 0.976062 0.000000 486.131621 -0.976062 0.217491 0.000000 -8.985950 0.000000 0.000000 1.000000 0.000000
0.178693 0.983905 0.000000 486.418691 -0.983905 0.178693 0.000000 -10.274298 0.000000 0.000000 1.000000 0.000000
0.152042 0.988374 0.000000 486.603128 -0.988374 0.152042 0.000000 -11.602111 0.000000 0.000000 1.000000 0.000000
0.132080 0.991239 0.000000 486.817400 -0.991239 0.132080 0.000000 -13.028558 0.000000 0.000000 1.000000 0.000000
0.112971 0.993598 0.000000 486.963983 -0.993598 0.112971 0.000000 -14.458664 0.000000 0.000000 1.000000 0.000000
0.095415 0.995438 0.000000 487.096979 -0.995438 0.095415 0.000000 -15.912210 0.000000 0.000000 1.000000 0.000000
0.081561 0.996668 0.000000 487.172909 -0.996668 0.081561 0.000000 -17.363625 0.000000 0.000000 1.000000 0.000000
0.070043 0.997544 0.000000 487.273594 -0.997544 0.070043 0.000000 -18.886792 0.000000 0.000000 1.000000 0.000000
0.057902 0.998322 0.000000 487.331916 -0.998322 0.057902 0.000000 -20.529917 0.000000 0.000000 1.000000 0.000000
0.047161 0.998887 0.000000 487.402488 -0.998887 0.047161 0.000000 -22.124789 0.000000 0.000000 1.000000 0.000000
0.036998 0.999315 0.000000 487.424101 -0.999315 0.036998 0.000000 -23.800717 0.000000 0.000000 1.000000 0.000000
0.024601 0.999697 0.000000 487.507253 -0.999697 0.024601 0.000000 -25.483609 0.000000 0.000000 1.000000 0.000000
0.013647 0.999907 0.000000 487.498157 -0.999907 0.013647 0.000000 -27.138944 0.000000 0.000000 1.000000 0.000000
0.001393 0.999999 0.000000 487.520424 -0.999999 0.001393 0.000000 -28.972388 0.000000 0.000000 1.000000 0.000000
-0.007742 0.999970 0.000000 487.465132 -0.999970 -0.007742 0.000000 -30.715825 0.000000 0.000000 1.000000 0.000000
-0.015709 0.999877 0.000000 487.414141 -0.999877 -0.015709 0.000000 -32.531848 0.000000 0.000000 1.000000 0.000000
-0.021381 0.999771 0.000000 487.373975 -0.999771 -0.021381 0.000000 -34.408798 0.000000 0.000000 1.000000 0.000000
-0.025488 0.999675 0.000000 487.330372 -0.999675 -0.025488 0.000000 -36.303032 0.000000 0.000000 1.000000 0.000000
-0.028392 0.999597 0.000000 487.330561 -0.999597 -0.028392 0.000000 -38.217418 0.000000 0.000000 1.000000 0.000000
-0.027556 0.999620 0.000000 487.219849 -0.999620 -0.027556 0.000000 -40.179601 0.000000 0.000000 1.000000 0.000000
-0.028329 0.999599 0.000000 487.176001 -0.999599 -0.028329 0.000000 -42.211962 0.000000 0.000000 1.000000 0.000000
-0.028764 0.999586 0.000000 487.148476 -0.999586 -0.028764 0.000000 -44.226811 0.000000 0.000000 1.000000 0.000000
-0.029543 0.999563 0.000000 487.070984 -0.999563 -0.029543 0.000000 -46.220027 0.000000 0.000000 1.000000 0.000000
-0.033775 0.999429 0.000000 487.021672 -0.999429 -0.033775 0.000000 -48.183007 0.000000 0.000000 1.000000 0.000000
-0.039270 0.999229 0.000000 486.960542 -0.999229 -0.039270 0.000000 -50.206823 0.000000 0.000000 1.000000 0.000000
-0.044023 0.999031 0.000000 486.858471 -0.999031 -0.044023 0.000000 -52.165305 0.000000 0.000000 1.000000 0.000000
-0.044326 0.999017 0.000000 486.751601 -0.999017 -0.044326 0.000000 -54.194310 0.000000 0.000000 1.000000 0.000000
-0.043021 0.999074 0.000000 486.680978 -0.999074 -0.043021 0.000000 -56.241844 0.000000 0.000000 1.000000 0.000000
-0.040768 0.999169 0.000000 486.613788 -0.999169 -0.040768 0.000000 -58.341960 0.000000 0.000000 1.000000 0.000000
-0.040557 0.999177 0.000000 486.505407 -0.999177 -0.040557 0.000000 -60.397724 0.000000 0.000000 1.000000 0.000000
-0.040165 0.999193 0.000000 486.389558 -0.999193 -0.040165 0.000000 -62.470805 0.000000 0.000000 1.000000 0.000000
-0.040794 0.999168 0.000000 486.284425 -0.999168 -0.040794 0.000000 -64.614411 0.000000 0.000000 1.000000 0.000000
-0.042995 0.999075 0.000000 486.170777 -0.999075 -0.042995 0.000000 -66.771813 0.000000 0.000000 1.000000 0.000000
-0.043989 0.999032 0.000000 486.113151 -0.999032 -0.043989 0.000000 -68.928712 0.000000 0.000000 1.000000 0.000000
-0.044591 0.999005 0.000000 485.965064 -0.999005 -0.044591 0.000000 -71.098683 0.000000 0.000000 1.000000 0.000000
-0.046420 0.998922 0.000000 485.885928 -0.998922 -0.046420 0.000000 -73.309500 0.000000 0.000000 1.000000 0.000000
-0.047239 0.998884 0.000000 485.743799 -0.998884 -0.047239 0.000000 -75.460732 0.000000 0.000000 1.000000 0.000000
-0.049798 0.998759 0.000000 485.630575 -0.998759 -0.049798 0.000000 -77.684853 0.000000 0.000000 1.000000 0.000000
-0.053491 0.998568 0.000000 485.520356 -0.998568 -0.053491 0.000000 -79.941266 0.000000 0.000000 1.000000 0.000000
-0.057803 0.998328 0.000000 485.383865 -0.998328 -0.057803 0.000000 -82.133119 0.000000 0.000000 1.000000 0.000000
-0.063785 0.997964 0.000000 485.260424 -0.997964 -0.063785 0.000000 -84.412327 0.000000 0.000000 1.000000 0.000000
-0.071500 0.997441 0.000000 485.072690 -0.997441 -0.071500 0.000000 -86.664314 0.000000 0.000000 1.000000 0.000000
-0.081606 0.996665 0.000000 484.849600 -0.996665 -0.081606 0.000000 -89.049086 0.000000 0.000000 1.000000 0.000000
-0.089946 0.995947 0.000000 484.611630 -0.995947 -0.089946 0.000000 -91.286056 0.000000 0.000000 1.000000 0.000000
