1.000000 0.000000 0.000000 0.000000 0.000000 1.000000 0.000000 0.000000 0.000000 0.000000 1.000000 0.000000
1.000000 0.000089 0.000000 0.005802 -0.000089 1.000000 0.000000 -0.000755 0.000000 0.000000 1.000000 0.000000
1.000000 0.000206 0.000000 -0.006561 -0.000206 1.000000 0.000000 -0.008157 0.000000 0.000000 1.000000 0.000000
1.000000 0.000019 0.000000 -0.000902 -0.000019 1.000000 0.000000 -0.010160 0.000000 0.000000 1.000000 0.000000
1.000000 0.000081 0.000000 -0.004299 -0.000081 1.000000 0.000000 -0.003971 0.000000 0.000000 1.000000 0.000000
1.000000 0.000015 0.000000 -0.007566 -0.000015 1.000000 0.000000 -0.008310 0.000000 0.000000 1.000000 0.000000
1.000000 -0.000051 0.000000 -0.003724 0.000051 1.000000 0.000000 -0.007010 0.000000 0.000000 1.000000 0.000000
1.000000 0.000063 0.000000 -0.011492 -0.000063 1.000000 0.000000 -0.010222 0.000000 0.000000 1.000000 0.000000
1.000000 -0.000015 0.000000 -0.004182 0.000015 1.000000 0.000000 -0.009768 0.000000 0.000000 1.000000 0.000000
1.000000 0.000022 0.000000 0.000291 -0.000022 1.000000 0.000000 -0.005918 0.000000 0.000000 1.000000 0.000000
1.000000 -0.000072 0.000000 0.000150 0.000072 1.000000 0.000000 -0.003496 0.000000 0.000000 1.000000 0.000000
1.000000 0.000086 0.000000 -0.003421 -0.000086 1.000000 0.000000 0.000487 0.000000 0.000000 1.000000 0.000000
1.000000 -0.000041 0.000000 -0.009288 0.000041 1.000000 0.000000 0.001607 0.000000 0.000000 1.000000 0.000000
1.000000 -0.000142 0.000000 -0.005649 0.000142 1.000000 0.000000 -0.001188 0.000000 0.000000 1.000000 0.000000
1.000000 -0.000115 0.000000 -0.008672 0.000115 1.000000 0.000000 -0.008118 0.000000 0.000000 1.000000 0.000000
1.000000 -0.000069 0.000000 -0.011094 0.000069 1.000000 0.000000 -0.004092 0.000000 0.000000 1.000000 0.000000
1.000000 -0.000049 0.000000 -0.008593 0.000049 1.000000 0.000000 -0.009771 0.000000 0.000000 1.000000 0.000000
1.000000 -0.000096 0.000000 -0.005803 0.000096 1.000000 0.000000 -0.007632 0.000000 0.000000 1.000000 0.000000
1.000000 -0.000124 0.000000 -0.013511 0.000124 1.000000 0.000000 -0.011421 0.000000 0.000000 1.000000 0.000000
1.000000 0.000065 0.000000 -0.008138 -0.000065 1.000000 0.000000 -0.010880 0.000000 0.000000 1.000000 0.000000
1.000000 0.000082 0.000000 -0.009277 -0.000082 1.000000 0.000000 -0.006892 0.000000 0.000000 1.000000 0.000000
1.000000 -0.000016 0.000000 -0.002697 0.000016 1.000000 0.000000 -0.005829 0.000000 0.000000 1.000000 0.000000
1.000000 -0.000006 0.000000 -0.009462 0.000006 1.000000 0.000000 -0.004084 0.000000 0.000000 1.000000 0.000000
1.000000 -0.000010 0.000000 -0.007540 0.000010 1.000000 0.000000 0.000962 0.000000 0.000000 1.000000 0.000000
1.000000 -0.000269 0.000000 -0.000813 0.000269 1.000000 0.000000 -0.009119 0.000000 0.000000 1.000000 0.000000
1.000000 0.000026 0.000000 -0.008664 -0.000026 1.000000 0.000000 -0.001098 0.000000 0.000000 1.000000 0.000000
1.000000 -0.000060 0.000000 -0.001801 0.000060 1.000000 0.000000 0.003018 0.000000 0.000000 1.000000 0.000000
1.000000 -0.000100 0.000000 -0.001656 0.000100 1.000000 0.000000 -0.004864 0.000000 0.000000 1.000000 0.000000
1.000000 -0.000013 0.000000 -0.008128 0.000013 1.000000 0.000000 -0.004167 0.000000 0.000000 1.000000 0.000000
1.000000 -0.000137 0.000000 -0.010508 0.000137 1.000000 0.000000 -0.002609 0.000000 0.000000 1.000000 0.000000
1.000000 -0.000036 0.000000 -0.003763 0.000036 1.000000 0.000000 -0.004988 0.000000 0.000000 1.000000 0.000000
1.000000 -0.000044 0.000000 0.002034 0.000044 1.000000 0.000000 -0.001117 0.000000 0.000000 1.000000 0.000000
1.000000 -0.000131 0.000000 0.000975 0.000131 1.000000 0.000000 -0.005922 0.000000 0.000000 1.000000 0.000000
1.000000 -0.000132 0.000000 -0.002621 0.000132 1.000000 0.000000 -0.004334 0.000000 0.000000 1.000000 0.000000
1.000000 -0.000098 0.000000 -0.004591 0.000098 1.000000 0.000000 -0.008671 0.000000 0.000000 1.000000 0.000000
1.000000 -0.000138 0.000000 0.002157 0.000138 1.000000 0.000000 -0.009354 0.000000 0.000000 1.000000 0.000000
1.000000 -0.000103 0.000000 0.000849 0.000103 1.000000 0.000000 -0.013610 0.000000 0.000000 1.000000 0.000000
1.000000 -0.000191 0.000000 0.001282 0.000191 1.000000 0.000000 -0.006365 0.000000 0.000000 1.000000 0.000000
1.000000 -0.000062 0.000000 -0.001436 0.000062 1.000000 0.000000 -0.003136 0.000000 0.000000 1.000000 0.000000
1.000000 -0.000051 0.000000 -0.006175 0.000051 1.000000 0.000000 -0.004745 0.000000 0.000000 1.000000 0.000000
1.000000 0.000078 0.000000 0.000297 -0.000078 1.000000 0.000000 0.001616 0.000000 0.000000 1.000000 0.000000
1.000000 0.000133 0.000000 -0.003028 -0.000133 1.000000 0.000000 0.000902 0.000000 0.000000 1.000000 0.000000
1.000000 -0.000099 0.000000 -0.010413 0.000099 1.000000 0.000000 -0.005483 0.000000 0.000000 1.000000 0.000000
1.000000 -0.000052 0.000000 -0.008204 0.000052 1.000000 0.000000 -0.002968 0.000000 0.000000 1.000000 0.000000
1.000000 -0.000007 0.000000 -0.003299 0.000007 1.000000 0.000000 0.001082 0.000000 0.000000 1.000000 0.000000
1.000000 0.000073 0.000000 0.002923 -0.000073 1.000000 0.000000 -0.000790 0.000000 0.000000 1.000000 0.000000
1.000000 -0.000138 0.000000 0.007486 0.000138 1.000000 0.000000 0.002803 0.000000 0.000000 1.000000 0.000000
1.000000 -0.000020 0.000000 0.005141 0.000020 1.000000 0.000000 0.000526 0.000000 0.000000 1.000000 0.000000
1.000000 0.000169 0.000000 0.001018 -0.000169 1.000000 0.000000 -0.004663 0.000000 0.000000 1.000000 0.000000
1.000000 0.000075 0.000000 0.001109 -0.000075 1.000000 0.000000 0.000608 0.000000 0.000000 1.000000 0.000000
1.000000 0.000109 0.000000 0.000755 -0.000109 1.000000 0.000000 0.007798 0.000000 0.000000 1.000000 0.000000
1.000000 -0.000076 0.000000 -0.008859 0.000076 1.000000 0.000000 0.004069 0.000000 0.000000 1.000000 0.000000
1.000000 -0.000033 0.000000 -0.018489 0.000033 1.000000 0.000000 0.003555 0.000000 0.000000 1.000000 0.000000
1.000000 -0.000145 0.000000 -0.006077 0.000145 1.000000 0.000000 -0.006501 0.000000 0.000000 1.000000 0.000000
1.000000 0.000044 0.000000 0.003176 -0.000044 1.000000 0.000000 -0.007169 0.000000 0.000000 1.000000 0.000000
1.000000 0.000054 0.000000 0.006459 -0.000054 1.000000 0.000000 -0.005103 0.000000 0.000000 1.000000 0.000000
1.000000 -0.000080 0.000000 -0.007127 0.000080 1.000000 0.000000 -0.003475 0.000000 0.000000 1.000000 0.000000
1.000000 -0.000118 0.000000 -0.008736 0.000118 1.000000 0.000000 -0.001844 0.000000 0.000000 1.000000 0.000000
1.000000 -0.000181 0.000000 -0.002865 0.000181 1.000000 0.000000 -0.006017 0.000000 0.000000 1.000000 0.000000
1.000000 -0.000080 0.000000 -0.006175 0.000080 1.000000 0.000000 0.001985 0.000000 0.000000 1.000000 0.000000
1.000000 -0.000240 0.000000 -0.011417 0.000240 1.000000 0.000000 -0.001378 0.000000 0.000000 1.000000 0.000000
1.000000 -0.000225 0.000000 -0.000715 0.000225 1.000000 0.000000 -0.002161 0.000000 0.000000 1.000000 0.000000
1.000000 -0.000262 0.000000 -0.004315 0.000262 1.000000 0.000000 -0.010754 0.000000 0.000000 1.000000 0.000000
1.000000 -0.000048 0.000000 -0.004753 0.000048 1.000000 0.000000 -0.006552 0.000000 0.000000 1.000000 0.000000
1.000000 -0.000034 0.000000 -0.002822 0.000034 1.000000 0.000000 -0.012421 0.000000 0.000000 1.000000 0.000000
1.000000 -0.000001 0.000000 -0.001696 0.000001 1.000000 0.000000 0.001080 0.000000 0.000000 1.000000 0.000000
1.000000 -0.000001 0.000000 0.003287 0.000001 1.000000 0.000000 -0.001067 0.000000 0.000000 1.000000 0.000000
1.000000 0.000051 0.000000 -0.005565 -0.000051 1.000000 0.000000 0.004626 0.000000 0.000000 1.000000 0.000000
1.000000 -0.000052 0.000000 0.000484 0.000052 1.000000 0.000000 -0.005091 0.000000 0.000000 1.000000 0.000000
1.000000 -0.000084 0.000000 -0.000753 0.000084 1.000000 0.000000 0.003710 0.000000 0.000000 1.000000 0.000000
1.000000 -0.000076 0.000000 -0.002303 0.000076 1.000000 0.000000 -0.000004 0.000000 0.000000 1.000000 0.000000
1.000000 0.000037 0.000000 -0.002990 -0.000037 1.000000 0.000000 0.002726 0.000000 0.000000 1.000000 0.000000
1.000000 -0.000048 0.000000 -0.006440 0.000048 1.000000 0.000000 -0.009226 0.000000 0.000000 1.000000 0.000000
1.000000 0.000018 0.000000 -0.012255 -0.000018 1.000000 0.000000 -0.000741 0.000000 0.000000 1.000000 0.000000
1.000000 -0.000120 0.000000 -0.006837 0.000120 1.000000 0.000000 0.001956 0.000000 0.000000 1.000000 0.000000
1.000000 -0.000195 0.000000 -0.009707 0.000195 1.000000 0.000000 0.000693 0.000000 0.000000 1.000000 0.000000
1.000000 -0.000082 0.000000 -0.014153 0.000082 1.000000 0.000000 -0.001390 0.000000 0.000000 1.000000 0.000000
1.000000 0.000091 0.000000 -0.009692 -0.000091 1.000000 0.000000 0.005929 0.000000 0.000000 1.000000 0.000000
1.000000 -0.000156 0.000000 -0.003631 0.000156 1.000000 0.000000 -0.000723 0.000000 0.000000 1.000000 0.000000
1.000000 -0.000079 0.000000 -0.005922 0.000079 1.000000 0.000000 0.003538 0.000000 0.000000 1.000000 0.000000
1.000000 -0.000073 0.000000 0.004776 0.000073 1.000000 0.000000 -0.007239 0.000000 0.000000 1.000000 0.000000
1.000000 0.000023 0.000000 -0.011235 -0.000023 1.000000 0.000000 -0.003841 0.000000 0.000000 1.000000 0.000000
1.000000 0.000118 0.000000 -0.001046 -0.000118 1.000000 0.000000 -0.005387 0.000000 0.000000 1.000000 0.000000
1.000000 0.000013 0.000000 -0.000992 -0.000013 1.000000 0.000000 -0.000558 0.000000 0.000000 1.000000 0.000000
1.000000 -0.000023 0.000000 -0.002826 0.000023 1.000000 0.000000 -0.002175 0.000000 0.000000 1.000000 0.000000
1.000000 -0.000199 0.000000 -0.005397 0.000199 1.000000 0.000000 -0.005747 0.000000 0.000000 1.000000 0.000000
1.000000 -0.000237 0.000000 -0.002681 0.000237 1.000000 0.000000 -0.007276 0.000000 0.000000 1.000000 0.000000
1.000000 -0.000152 0.000000 -0.000297 0.000152 1.000000 0.000000 0.003889 0.000000 0.000000 1.000000 0.000000
1.000000 -0.000033 0.000000 -0.001277 0.000033 1.000000 0.000000 0.004379 0.000000 0.000000 1.000000 0.000000
1.000000 0.000109 0.000000 -0.000956 -0.000109 1.000000 0.000000 -0.000756 0.000000 0.000000 1.000000 0.000000
1.000000 0.000157 0.000000 -0.006699 -0.000157 1.000000 0.000000 -0.000557 0.000000 0.000000 1.000000 0.000000
1.000000 0.000195 0.000000 -0.007253 -0.000195 1.000000 0.000000 0.003311 0.000000 0.000000 1.000000 0.000000
1.000000 0.000002 0.000000 0.000758 -0.000002 1.000000 0.000000 -0.002121 0.000000 0.000000 1.000000 0.000000
1.000000 -0.000034 0.000000 -0.011527 0.000034 1.000000 0.000000 0.004363 0.000000 0.000000 1.000000 0.000000
1.000000 0.000002 0.000000 -0.008465 -0.000002 1.000000 0.000000 0.001514 0.000000 0.000000 1.000000 0.000000
1.000000 -0.000046 0.000000 0.007563 0.000046 1.000000 0.000000 0.012753 0.000000 0.000000 1.000000 0.000000
1.000000 0.000166 0.000000 0.002639 -0.000166 1.000000 0.000000 -0.000294 0.000000 0.000000 1.000000 0.000000
1.000000 0.000188 0.000000 -0.000919 -0.000188 1.000000 0.000000 0.008208 0.000000 0.000000 1.000000 0.000000
1.000000 0.000031 0.000000 -0.007806 -0.000031 1.000000 0.000000 -0.001531 0.000000 0.000000 1.000000 0.000000
1.000000 -0.000100 0.000000 -0.007179 0.000100 1.000000 0.000000 -0.011551 0.000000 0.000000 1.000000 0.000000
1.000000 -0.000144 0.000000 -0.011270 0.000144 1.000000 0.000000 -0.008015 0.000000 0.000000 1.000000 0.000000
1.000000 -0.000160 0.000000 -0.008113 0.000160 1.000000 0.000000 -0.018713 0.000000 0.000000 1.000000 0.000000
1.000000 -0.000074 0.000000 -0.014363 0.000074 1.000000 0.000000 -0.005366 0.000000 0.000000 1.000000 0.000000
1.000000 -0.000289 0.000000 -0.009645 0.000289 1.000000 0.000000 -0.005913 0.000000 0.000000 1.000000 0.000000
1.000000 -0.000234 0.000000 -0.017550 0.000234 1.000000 0.000000 -0.001041 0.000000 0.000000 1.000000 0.000000
1.000000 -0.000449 0.000000 -0.006911 0.000449 1.000000 0.000000 0.003623 0.000000 0.000000 1.000000 0.000000
1.000000 -0.000065 0.000000 -0.004774 0.000065 1.000000 0.000000 0.010008 0.000000 0.000000 1.000000 0.000000
1.000000 0.000019 0.000000 0.002033 -0.000019 1.000000 0.000000 -0.006002 0.000000 0.000000 1.000000 0.000000
1.000000 -0.000127 0.000000 -0.000943 0.000127 1.000000 0.000000 -0.003100 0.000000 0.000000 1.000000 0.000000
1.000000 0.000047 0.000000 -0.006579 -0.000047 1.000000 0.000000 -0.002808 0.000000 0.000000 1.000000 0.000000
1.000000 -0.000068 0.000000 0.001874 0.000068 1.000000 0.000000 -0.003227 0.000000 0.000000 1.000000 0.000000
1.000000 -0.000094 0.000000 -0.000130 0.000094 1.000000 0.000000 -0.001461 0.000000 0.000000 1.000000 0.000000
1.000000 -0.000077 0.000000 -0.004027 0.000077 1.000000 0.000000 -0.001514 0.000000 0.000000 1.000000 0.000000
1.000000 -0.000160 0.000000 -0.008376 0.000160 1.000000 0.000000 -0.002158 0.000000 0.000000 1.000000 0.000000
1.000000 -0.000042 0.000000 -0.002951 0.000042 1.000000 0.000000 0.003527 0.000000 0.000000 1.000000 0.000000
1.000000 0.000098 0.000000 0.009324 -0.000098 1.000000 0.000000 -0.005577 0.000000 0.000000 1.000000 0.000000
1.000000 0.000021 0.000000 0.002120 -0.000021 1.000000 0.000000 -0.000696 0.000000 0.000000 1.000000 0.000000
1.000000 -0.000006 0.000000 -0.003767 0.000006 1.000000 0.000000 -0.002243 0.000000 0.000000 1.000000 0.000000
1.000000 0.000036 0.000000 0.001516 -0.000036 1.000000 0.000000 0.001925 0.000000 0.000000 1.000000 0.000000
1.000000 -0.000182 0.000000 0.005256 0.000182 1.000000 0.000000 -0.006197 0.000000 0.000000 1.000000 0.000000
1.000000 0.000004 0.000000 0.004307 -0.000004 1.000000 0.000000 -0.004648 0.000000 0.000000 1.000000 0.000000
1.000000 -0.000108 0.000000 -0.005472 0.000108 1.000000 0.000000 -0.014641 0.000000 0.000000 1.000000 0.000000
1.000000 0.000015 0.000000 -0.012515 -0.000015 1.000000 0.000000 0.005368 0.000000 0.000000 1.000000 0.000000
1.000000 0.000049 0.000000 -0.011902 -0.000049 1.000000 0.000000 0.006607 0.000000 0.000000 1.000000 0.000000
1.000000 -0.000073 0.000000 -0.000579 0.000073 1.000000 0.000000 0.001726 0.000000 0.000000 1.000000 0.000000
1.000000 -0.000088 0.000000 -0.003871 0.000088 1.000000 0.000000 -0.002312 0.000000 0.000000 1.000000 0.000000
1.000000 -0.000036 0.000000 -0.000158 0.000036 1.000000 0.000000 -0.003735 0.000000 0.000000 1.000000 0.000000
1.000000 -0.000028 0.000000 -0.000650 0.000028 1.000000 0.000000 -0.002606 0.000000 0.000000 1.000000 0.000000
1.000000 -0.000106 0.000000 -0.002848 0.000106 1.000000 0.000000 -0.001822 0.000000 0.000000 1.000000 0.000000
1.000000 -0.000173 0.000000 -0.009458 0.000173 1.000000 0.000000 -0.011183 0.000000 0.000000 1.000000 0.000000
1.000000 -0.000225 0.000000 -0.006583 0.000225 1.000000 0.000000 -0.015247 0.000000 0.000000 1.000000 0.000000
1.000000 -0.000037 0.000000 0.004883 0.000037 1.000000 0.000000 -0.004767 0.000000 0.000000 1.000000 0.000000
1.000000 -0.000145 0.000000 0.004404 0.000145 1.000000 0.000000 -0.004110 0.000000 0.000000 1.000000 0.000000
1.000000 0.000057 0.000000 -0.010291 -0.000057 1.000000 0.000000 -0.000556 0.000000 0.000000 1.000000 0.000000
1.000000 0.000158 0.000000 -0.005654 -0.000158 1.000000 0.000000 -0.002003 0.000000 0.000000 1.000000 0.000000
1.000000 -0.000022 0.000000 -0.014601 0.000022 1.000000 0.000000 -0.001067 0.000000 0.000000 1.000000 0.000000
1.000000 -0.000274 0.000000 -0.005305 0.000274 1.000000 0.000000 -0.004388 0.000000 0.000000 1.000000 0.000000
1.000000 -0.000436 0.000000 -0.009220 0.000436 1.000000 0.000000 -0.009542 0.000000 0.000000 1.000000 0.000000
1.000000 -0.000530 0.000000 0.016587 0.000530 1.000000 0.000000 -0.016994 0.000000 0.000000 1.000000 0.000000
1.000000 -0.000922 0.000000 0.081773 0.000922 1.000000 0.000000 -0.020600 0.000000 0.000000 1.000000 0.000000
0.999997 -0.002360 0.000000 0.184419 0.002360 0.999997 0.000000 -0.046053 0.000000 0.000000 1.000000 0.000000
0.999962 -0.008738 0.000000 0.367088 0.008738 0.999962 0.000000 0.005682 0.000000 0.000000 1.000000 0.000000
0.999840 -0.017914 0.000000 0.714461 0.017914 0.999840 0.000000 0.071652 0.000000 0.000000 1.000000 0.000000
0.999531 -0.030611 0.000000 1.156289 0.030611 0.999531 0.000000 0.079397 0.000000 0.000000 1.000000 0.000000
0.998870 -0.047518 0.000000 1.717918 0.047518 0.998870 0.000000 0.100290 0.000000 0.000000 1.000000 0.000000
0.998003 -0.063163 0.000000 2.341783 0.063163 0.998003 0.000000 0.137157 0.000000 0.000000 1.000000 0.000000
0.996941 -0.078153 0.000000 3.156715 0.078153 0.996941 0.000000 0.220922 0.000000 0.000000 1.000000 0.000000
0.995607 -0.093632 0.000000 4.141415 0.093632 0.995607 0.000000 0.333381 0.000000 0.000000 1.000000 0.000000
0.994449 -0.105219 0.000000 5.072802 0.105219 0.994449 0.000000 0.403202 0.000000 0.000000 1.000000 0.000000
0.993890 -0.110372 0.000000 6.291472 0.110372 0.993890 0.000000 0.528402 0.000000 0.000000 1.000000 0.000000
0.993647 -0.112542 0.000000 7.496096 0.112542 0.993647 0.000000 0.674293 0.000000 0.000000 1.000000 0.000000
0.993941 -0.109914 0.000000 8.897760 0.109914 0.993941 0.000000 0.835942 0.000000 0.000000 1.000000 0.000000
0.994246 -0.107119 0.000000 10.337019 0.107119 0.994246 0.000000 0.992294 0.000000 0.000000 1.000000 0.000000
0.994519 -0.104554 0.000000 11.933543 0.104554 0.994519 0.000000 1.145672 0.000000 0.000000 1.000000 0.000000
0.994882 -0.101041 0.000000 13.775144 0.101041 0.994882 0.000000 1.379964 0.000000 0.000000 1.000000 0.000000
0.995314 -0.096695 0.000000 15.532933 0.096695 0.995314 0.000000 1.535492 0.000000 0.000000 1.000000 0.000000
0.995643 -0.093251 0.000000 17.458708 0.093251 0.995643 0.000000 1.676097 0.000000 0.000000 1.000000 0.000000
0.996124 -0.087957 0.000000 19.460744 0.087957 0.996124 0.000000 1.849443 0.000000 0.000000 1.000000 0.000000
0.996614 -0.082226 0.000000 21.521817 0.082226 0.996614 0.000000 2.032967 0.000000 0.000000 1.000000 0.000000
0.997115 -0.075900 0.000000 23.702565 0.075900 0.997115 0.000000 2.201986 0.000000 0.000000 1.000000 0.000000
0.997605 -0.069164 0.000000 25.821920 0.069164 0.997605 0.000000 2.371468 0.000000 0.000000 1.000000 0.000000
0.998006 -0.063125 0.000000 28.082705 0.063125 0.998006 0.000000 2.484927 0.000000 0.000000 1.000000 0.000000
0.998228 -0.059510 0.000000 30.338710 0.059510 0.998228 0.000000 2.632735 0.000000 0.000000 1.000000 0.000000
0.998302 -0.058249 0.000000 32.685100 0.058249 0.998302 0.000000 2.716441 0.000000 0.000000 1.000000 0.000000
0.998369 -0.057085 0.000000 35.005343 0.057085 0.998369 0.000000 2.861271 0.000000 0.000000 1.000000 0.000000
0.998485 -0.055032 0.000000 37.417366 0.055032 0.998485 0.000000 2.994161 0.000000 0.000000 1.000000 0.000000
0.998620 -0.052516 0.000000 39.789670 0.052516 0.998620 0.000000 3.070191 0.000000 0.000000 1.000000 0.000000
0.998851 -0.047929 0.000000 42.184407 0.047929 0.998851 0.000000 3.190045 0.000000 0.000000 1.000000 0.000000
0.999109 -0.042202 0.000000 44.479890 0.042202 0.999109 0.000000 3.243535 0.000000 0.000000 1.000000 0.000000
0.999386 -0.035046 0.000000 46.807579 0.035046 0.999386 0.000000 3.330058 0.000000 0.000000 1.000000 0.000000
0.999581 -0.028949 0.000000 49.054173 0.028949 0.999581 0.000000 3.378519 0.000000 0.000000 1.000000 0.000000
0.999687 -0.025021 0.000000 51.273850 0.025021 0.999687 0.000000 3.427161 0.000000 0.000000 1.000000 0.000000
0.999648 -0.026524 0.000000 53.532013 0.026524 0.999648 0.000000 3.480933 0.000000 0.000000 1.000000 0.000000
0.999596 -0.028412 0.000000 55.841688 0.028412 0.999596 0.000000 3.576312 0.000000 0.000000 1.000000 0.000000
0.999542 -0.030252 0.000000 58.123915 0.030252 0.999542 0.000000 3.638570 0.000000 0.000000 1.000000 0.000000
0.999387 -0.035013 0.000000 60.447386 0.035013 0.999387 0.000000 3.714344 0.000000 0.000000 1.000000 0.000000
0.999132 -0.041649 0.000000 62.716743 0.041649 0.999132 0.000000 3.787100 0.000000 0.000000 1.000000 0.000000
0.998846 -0.048018 0.000000 64.975684 0.048018 0.998846 0.000000 3.856385 0.000000 0.000000 1.000000 0.000000
0.998533 -0.054154 0.000000 67.159715 0.054154 0.998533 0.000000 3.974285 0.000000 0.000000 1.000000 0.000000
0.998161 -0.060623 0.000000 69.466172 0.060623 0.998161 0.000000 4.071052 0.000000 0.000000 1.000000 0.000000
0.997686 -0.067983 0.000000 71.780259 0.067983 0.997686 0.000000 4.258420 0.000000 0.000000 1.000000 0.000000
0.997043 -0.076848 0.000000 74.076988 0.076848 0.997043 0.000000 4.443294 0.000000 0.000000 1.000000 0.000000
0.996352 -0.085338 0.000000 76.332592 0.085338 0.996352 0.000000 4.554333 0.000000 0.000000 1.000000 0.000000
0.995670 -0.092961 0.000000 78.669547 0.092961 0.995670 0.000000 4.732686 0.000000 0.000000 1.000000 0.000000
0.995199 -0.097875 0.000000 80.995040 0.097875 0.995199 0.000000 4.939227 0.000000 0.000000 1.000000 0.000000
0.995364 -0.096180 0.000000 83.322564 0.096180 0.995364 0.000000 5.170472 0.000000 0.000000 1.000000 0.000000
0.995925 -0.090185 0.000000 85.732167 0.090185 0.995925 0.000000 5.379372 0.000000 0.000000 1.000000 0.000000
0.997219 -0.074528 0.000000 88.234406 0.074528 0.997219 0.000000 5.590115 0.000000 0.000000 1.000000 0.000000
0.998273 -0.058747 0.000000 90.644895 0.058747 0.998273 0.000000 5.766997 0.000000 0.000000 1.000000 0.000000
0.999051 -0.043549 0.000000 93.193469 0.043549 0.999051 0.000000 5.850536 0.000000 0.000000 1.000000 0.000000
0.999412 -0.034276 0.000000 95.744360 0.034276 0.999412 0.000000 5.922438 0.000000 0.000000 1.000000 0.000000
0.999574 -0.029177 0.000000 98.393007 0.029177 0.999574 0.000000 5.976135 0.000000 0.000000 1.000000 0.000000
0.999525 -0.030825 0.000000 101.044901 0.030825 0.999525 0.000000 6.061168 0.000000 0.000000 1.000000 0.000000
0.999509 -0.031336 0.000000 103.660716 0.031336 0.999509 0.000000 6.149291 0.000000 0.000000 1.000000 0.000000
0.999474 -0.032442 0.000000 106.381482 0.032442 0.999474 0.000000 6.214667 0.000000 0.000000 1.000000 0.000000
0.999417 -0.034139 0.000000 109.137501 0.034139 0.999417 0.000000 6.275393 0.000000 0.000000 1.000000 0.000000
0.999336 -0.036426 0.000000 111.852646 0.036426 0.999336 0.000000 6.387527 0.000000 0.000000 1.000000 0.000000
0.999219 -0.039519 0.000000 114.604049 0.039519 0.999219 0.000000 6.471155 0.000000 0.000000 1.000000 0.000000
0.999096 -0.042503 0.000000 117.337995 0.042503 0.999096 0.000000 6.545258 0.000000 0.000000 1.000000 0.000000
0.998964 -0.045512 0.000000 120.049606 0.045512 0.998964 0.000000 6.641869 0.000000 0.000000 1.000000 0.000000
0.998889 -0.047127 0.000000 122.721898 0.047127 0.998889 0.000000 6.771083 0.000000 0.000000 1.000000 0.000000
0.998814 -0.048683 0.000000 125.383802 0.048683 0.998814 0.000000 6.934468 0.000000 0.000000 1.000000 0.000000
0.998724 -0.050499 0.000000 128.086793 0.050499 0.998724 0.000000 7.061604 0.000000 0.000000 1.000000 0.000000
0.998624 -0.052450 0.000000 130.710747 0.052450 0.998624 0.000000 7.215967 0.000000 0.000000 1.000000 0.000000
0.998479 -0.055125 0.000000 133.395922 0.055125 0.998479 0.000000 7.329912 0.000000 0.000000 1.000000 0.000000
0.998432 -0.055977 0.000000 136.068694 0.055977 0.998432 0.000000 7.506202 0.000000 0.000000 1.000000 0.000000
0.998353 -0.057364 0.000000 138.769261 0.057364 0.998353 0.000000 7.660977 0.000000 0.000000 1.000000 0.000000
0.998234 -0.059408 0.000000 141.400291 0.059408 0.998234 0.000000 7.820815 0.000000 0.000000 1.000000 0.000000
0.998100 -0.061614 0.000000 144.138562 0.061614 0.998100 0.000000 8.009863 0.000000 0.000000 1.000000 0.000000
0.997982 -0.063491 0.000000 146.812524 0.063491 0.997982 0.000000 8.180305 0.000000 0.000000 1.000000 0.000000
0.997848 -0.065565 0.000000 149.463441 0.065565 0.997848 0.000000 8.287923 0.000000 0.000000 1.000000 0.000000
0.997716 -0.067548 0.000000 152.214549 0.067548 0.997716 0.000000 8.466600 0.000000 0.000000 1.000000 0.000000
0.997521 -0.070374 0.000000 154.848443 0.070374 0.997521 0.000000 8.619850 0.000000 0.000000 1.000000 0.000000
0.997311 -0.073292 0.000000 157.527123 0.073292 0.997311 0.000000 8.810340 0.000000 0.000000 1.000000 0.000000
0.997192 -0.074887 0.000000 160.173143 0.074887 0.997192 0.000000 9.004836 0.000000 0.000000 1.000000 0.000000
0.997067 -0.076531 0.000000 162.843947 0.076531 0.997067 0.000000 9.196234 0.000000 0.000000 1.000000 0.000000
0.996944 -0.078120 0.000000 165.468840 0.078120 0.996944 0.000000 9.440182 0.000000 0.000000 1.000000 0.000000
0.996746 -0.080604 0.000000 168.125346 0.080604 0.996746 0.000000 9.611841 0.000000 0.000000 1.000000 0.000000
0.996623 -0.082108 0.000000 170.782173 0.082108 0.996623 0.000000 9.824804 0.000000 0.000000 1.000000 0.000000
0.996445 -0.084251 0.000000 173.362931 0.084251 0.996445 0.000000 10.042279 0.000000 0.000000 1.000000 0.000000
0.996211 -0.086972 0.000000 175.988389 0.086972 0.996211 0.000000 10.269888 0.000000 0.000000 1.000000 0.000000
0.996024 -0.089090 0.000000 178.564162 0.089090 0.996024 0.000000 10.503030 0.000000 0.000000 1.000000 0.000000
0.995959 -0.089813 0.000000 181.158239 0.089813 0.995959 0.000000 10.783845 0.000000 0.000000 1.000000 0.000000
0.995724 -0.092380 0.000000 183.780870 0.092380 0.995724 0.000000 11.016490 0.000000 0.000000 1.000000 0.000000
0.995565 -0.094080 0.000000 186.297439 0.094080 0.995565 0.000000 11.247736 0.000000 0.000000 1.000000 0.000000
0.995468 -0.095100 0.000000 188.892100 0.095100 0.995468 0.000000 11.485855 0.000000 0.000000 1.000000 0.000000
0.995286 -0.096980 0.000000 191.451511 0.096980 0.995286 0.000000 11.694029 0.000000 0.000000 1.000000 0.000000
0.994667 -0.103135 0.000000 193.919325 0.103135 0.994667 0.000000 11.928927 0.000000 0.000000 1.000000 0.000000
0.993971 -0.109642 0.000000 196.471372 0.109642 0.993971 0.000000 12.193279 0.000000 0.000000 1.000000 0.000000
0.992949 -0.118544 0.000000 198.850486 0.118544 0.992949 0.000000 12.456198 0.000000 0.000000 1.000000 0.000000
0.991480 -0.130257 0.000000 201.332956 0.130257 0.991480 0.000000 12.720205 0.000000 0.000000 1.000000 0.000000
0.989748 -0.142823 0.000000 203.730542 0.142823 0.989748 0.000000 13.093848 0.000000 0.000000 1.000000 0.000000
0.988460 -0.151479 0.000000 206.098040 0.151479 0.988460 0.000000 13.443644 0.000000 0.000000 1.000000 0.000000
0.987412 -0.158170 0.000000 208.356659 0.158170 0.987412 0.000000 13.759771 0.000000 0.000000 1.000000 0.000000
0.986175 -0.165706 0.000000 210.530761 0.165706 0.986175 0.000000 14.130152 0.000000 0.000000 1.000000 0.000000
0.985019 -0.172448 0.000000 212.822177 0.172448 0.985019 0.000000 14.599915 0.000000 0.000000 1.000000 0.000000
0.984139 -0.177398 0.000000 215.088875 0.177398 0.984139 0.000000 15.004575 0.000000 0.000000 1.000000 0.000000
0.983591 -0.180414 0.000000 217.235915 0.180414 0.983591 0.000000 15.383815 0.000000 0.000000 1.000000 0.000000
0.983122 -0.182953 0.000000 219.468767 0.182953 0.983122 0.000000 15.774288 0.000000 0.000000 1.000000 0.000000
0.982673 -0.185350 0.000000 221.642417 0.185350 0.982673 0.000000 16.212460 0.000000 0.000000 1.000000 0.000000
0.981759 -0.190132 0.000000 223.836671 0.190132 0.981759 0.000000 16.549647 0.000000 0.000000 1.000000 0.000000
0.980937 -0.194324 0.000000 225.982063 0.194324 0.980937 0.000000 17.015824 0.000000 0.000000 1.000000 0.000000
0.979358 -0.202131 0.000000 228.156395 0.202131 0.979358 0.000000 17.443944 0.000000 0.000000 1.000000 0.000000
0.977756 -0.209744 0.000000 230.198488 0.209744 0.977756 0.000000 17.920187 0.000000 0.000000 1.000000 0.000000
0.976356 -0.216169 0.000000 232.288271 0.216169 0.976356 0.000000 18.419792 0.000000 0.000000 1.000000 0.000000
0.975059 -0.221948 0.000000 234.355961 0.221948 0.975059 0.000000 18.871971 0.000000 0.000000 1.000000 0.000000
0.974299 -0.225258 0.000000 236.442628 0.225258 0.974299 0.000000 19.373488 0.000000 0.000000 1.000000 0.000000
0.973914 -0.226919 0.000000 238.476986 0.226919 0.973914 0.000000 19.836755 0.000000 0.000000 1.000000 0.000000
0.974003 -0.226534 0.000000 240.477078 0.226534 0.974003 0.000000 20.321055 0.000000 0.000000 1.000000 0.000000
0.974629 -0.223825 0.000000 242.492269 0.223825 0.974629 0.000000 20.782155 0.000000 0.000000 1.000000 0.000000
0.976568 -0.215209 0.000000 244.490257 0.215209 0.976568 0.000000 21.297489 0.000000 0.000000 1.000000 0.000000
0.979388 -0.201986 0.000000 246.583144 0.201986 0.979388 0.000000 21.658732 0.000000 0.000000 1.000000 0.000000
0.982376 -0.186916 0.000000 248.582627 0.186916 0.982376 0.000000 22.081199 0.000000 0.000000 1.000000 0.000000
0.984165 -0.177253 0.000000 250.716338 0.177253 0.984165 0.000000 22.485615 0.000000 0.000000 1.000000 0.000000
0.986317 -0.164861 0.000000 252.821956 0.164861 0.986317 0.000000 22.810437 0.000000 0.000000 1.000000 0.000000
0.987484 -0.157720 0.000000 254.911417 0.157720 0.987484 0.000000 23.076596 0.000000 0.000000 1.000000 0.000000
0.988166 -0.153389 0.000000 257.001433 0.153389 0.988166 0.000000 23.415050 0.000000 0.000000 1.000000 0.000000
0.988728 -0.149724 0.000000 259.191365 0.149724 0.988728 0.000000 23.718151 0.000000 0.000000 1.000000 0.000000
0.988907 -0.148538 0.000000 261.365352 0.148538 0.988907 0.000000 24.019745 0.000000 0.000000 1.000000 0.000000
0.988793 -0.149290 0.000000 263.483840 0.149290 0.988793 0.000000 24.379406 0.000000 0.000000 1.000000 0.000000
0.988793 -0.149295 0.000000 265.735414 0.149295 0.988793 0.000000 24.686861 0.000000 0.000000 1.000000 0.000000
0.988666 -0.150135 0.000000 267.983688 0.150135 0.988666 0.000000 25.044798 0.000000 0.000000 1.000000 0.000000
0.988560 -0.150828 0.000000 270.273275 0.150828 0.988560 0.000000 25.361882 0.000000 0.000000 1.000000 0.000000
0.988496 -0.151248 0.000000 272.547739 0.151248 0.988496 0.000000 25.657867 0.000000 0.000000 1.000000 0.000000
0.988431 -0.151669 0.000000 274.851652 0.151669 0.988431 0.000000 26.020126 0.000000 0.000000 1.000000 0.000000
0.988105 -0.153778 0.000000 277.143745 0.153778 0.988105 0.000000 26.385318 0.000000 0.000000 1.000000 0.000000
0.988374 -0.152041 0.000000 279.421197 0.152041 0.988374 0.000000 26.736091 0.000000 0.000000 1.000000 0.000000
0.988828 -0.149062 0.000000 281.733559 0.149062 0.988828 0.000000 27.012921 0.000000 0.000000 1.000000 0.000000
0.989147 -0.146929 0.000000 283.993701 0.146929 0.989147 0.000000 27.360982 0.000000 0.000000 1.000000 0.000000
0.989473 -0.144720 0.000000 286.240308 0.144720 0.989473 0.000000 27.685166 0.000000 0.000000 1.000000 0.000000
0.989995 -0.141104 0.000000 288.491293 0.141104 0.989995 0.000000 28.026719 0.000000 0.000000 1.000000 0.000000
0.990409 -0.138165 0.000000 290.718001 0.138165 0.990409 0.000000 28.293117 0.000000 0.000000 1.000000 0.000000
0.990768 -0.135570 0.000000 292.921329 0.135570 0.990768 0.000000 28.614237 0.000000 0.000000 1.000000 0.000000
0.991257 -0.131946 0.000000 295.105403 0.131946 0.991257 0.000000 28.887638 0.000000 0.000000 1.000000 0.000000
0.991788 -0.127894 0.000000 297.353813 0.127894 0.991788 0.000000 29.129710 0.000000 0.000000 1.000000 0.000000
0.992162 -0.124957 0.000000 299.522311 0.124957 0.992162 0.000000 29.307992 0.000000 0.000000 1.000000 0.000000
0.992550 -0.121838 0.000000 301.669828 0.121838 0.992550 0.000000 29.606042 0.000000 0.000000 1.000000 0.000000
0.992880 -0.119115 0.000000 303.868132 0.119115 0.992880 0.000000 29.886505 0.000000 0.000000 1.000000 0.000000
0.993030 -0.117866 0.000000 306.002723 0.117866 0.993030 0.000000 30.155024 0.000000 0.000000 1.000000 0.000000
0.993375 -0.114920 0.000000 308.148427 0.114920 0.993375 0.000000 30.351730 0.000000 0.000000 1.000000 0.000000
0.993853 -0.110710 0.000000 310.272292 0.110710 0.993853 0.000000 30.545028 0.000000 0.000000 1.000000 0.000000
0.993879 -0.110478 0.000000 312.447468 0.110478 0.993879 0.000000 30.853131 0.000000 0.000000 1.000000 0.000000
0.994096 -0.108507 0.000000 314.575786 0.108507 0.994096 0.000000 31.058383 0.000000 0.000000 1.000000 0.000000
0.994324 -0.106396 0.000000 316.733909 0.106396 0.994324 0.000000 31.250185 0.000000 0.000000 1.000000 0.000000
0.994586 -0.103919 0.000000 318.897423 0.103919 0.994586 0.000000 31.453914 0.000000 0.000000 1.000000 0.000000
0.994859 -0.101272 0.000000 321.070099 0.101272 0.994859 0.000000 31.614103 0.000000 0.000000 1.000000 0.000000
0.994972 -0.100149 0.000000 323.243454 0.100149 0.994972 0.000000 31.852809 0.000000 0.000000 1.000000 0.000000
0.995222 -0.097642 0.000000 325.435961 0.097642 0.995222 0.000000 32.032468 0.000000 0.000000 1.000000 0.000000
0.995377 -0.096048 0.000000 327.635298 0.096048 0.995377 0.000000 32.228580 0.000000 0.000000 1.000000 0.000000
0.995433 -0.095465 0.000000 329.779422 0.095465 0.995433 0.000000 32.410067 0.000000 0.000000 1.000000 0.000000
0.995371 -0.096108 0.000000 332.030148 0.096108 0.995371 0.000000 32.588063 0.000000 0.000000 1.000000 0.000000
0.995472 -0.095056 0.000000 334.281366 0.095056 0.995472 0.000000 32.842505 0.000000 0.000000 1.000000 0.000000
0.995461 -0.095174 0.000000 336.571994 0.095174 0.995461 0.000000 33.055363 0.000000 0.000000 1.000000 0.000000
0.995469 -0.095091 0.000000 338.851033 0.095091 0.995469 0.000000 33.230570 0.000000 0.000000 1.000000 0.000000
0.995396 -0.095849 0.000000 341.164532 0.095849 0.995396 0.000000 33.390006 0.000000 0.000000 1.000000 0.000000
0.995473 -0.095049 0.000000 343.447811 0.095049 0.995473 0.000000 33.616422 0.000000 0.000000 1.000000 0.000000
0.995441 -0.095375 0.000000 345.797064 0.095375 0.995441 0.000000 33.837377 0.000000 0.000000 1.000000 0.000000
0.995692 -0.092718 0.000000 348.085756 0.092718 0.995692 0.000000 34.024882 0.000000 0.000000 1.000000 0.000000
0.995832 -0.091203 0.000000 350.405990 0.091203 0.995832 0.000000 34.234707 0.000000 0.000000 1.000000 0.000000
0.995960 -0.089802 0.000000 352.766740 0.089802 0.995960 0.000000 34.444345 0.000000 0.000000 1.000000 0.000000
0.996439 -0.084319 0.000000 355.119568 0.084319 0.996439 0.000000 34.626390 0.000000 0.000000 1.000000 0.000000
0.996956 -0.077962 0.000000 357.442310 0.077962 0.996956 0.000000 34.798313 0.000000 0.000000 1.000000 0.000000
0.997662 -0.068340 0.000000 359.888995 0.068340 0.997662 0.000000 34.980636 0.000000 0.000000 1.000000 0.000000
0.998321 -0.057928 0.000000 362.288299 0.057928 0.998321 0.000000 35.129665 0.000000 0.000000 1.000000 0.000000
0.998918 -0.046516 0.000000 364.724257 0.046516 0.998918 0.000000 35.229075 0.000000 0.000000 1.000000 0.000000
0.999292 -0.037620 0.000000 367.126449 0.037620 0.999292 0.000000 35.301050 0.000000 0.000000 1.000000 0.000000
0.999536 -0.030469 0.000000 369.623205 0.030469 0.999536 0.000000 35.378548 0.000000 0.000000 1.000000 0.000000
0.999723 -0.023530 0.000000 372.008667 0.023530 0.999723 0.000000 35.428815 0.000000 0.000000 1.000000 0.000000
0.999821 -0.018924 0.000000 374.488816 0.018924 0.999821 0.000000 35.469819 0.000000 0.000000 1.000000 0.000000
0.999864 -0.016487 0.000000 376.928580 0.016487 0.999864 0.000000 35.483902 0.000000 0.000000 1.000000 0.000000
0.999889 -0.014931 0.000000 379.346245 0.014931 0.999889 0.000000 35.518829 0.000000 0.000000 1.000000 0.000000
0.999878 -0.015612 0.000000 381.861590 0.015612 0.999878 0.000000 35.520764 0.000000 0.000000 1.000000 0.000000
0.999849 -0.017376 0.000000 384.362638 0.017376 0.999849 0.000000 35.565298 0.000000 0.000000 1.000000 0.000000
0.999788 -0.020593 0.000000 386.854015 0.020593 0.999788 0.000000 35.624066 0.000000 0.000000 1.000000 0.000000
0.999632 -0.027121 0.000000 389.422928 0.027121 0.999632 0.000000 35.699576 0.000000 0.000000 1.000000 0.000000
0.999324 -0.036762 0.000000 391.875549 0.036762 0.999324 0.000000 35.754635 0.000000 0.000000 1.000000 0.000000
0.998972 -0.045334 0.000000 394.335651 0.045334 0.998972 0.000000 35.854963 0.000000 0.000000 1.000000 0.000000
0.998548 -0.053870 0.000000 396.846865 0.053870 0.998548 0.000000 35.998506 0.000000 0.000000 1.000000 0.000000
0.998146 -0.060859 0.000000 399.329866 0.060859 0.998146 0.000000 36.123006 0.000000 0.000000 1.000000 0.000000
0.997829 -0.065855 0.000000 401.767032 0.065855 0.997829 0.000000 36.246151 0.000000 0.000000 1.000000 0.000000
0.997611 -0.069079 0.000000 404.184434 0.069079 0.997611 0.000000 36.387395 0.000000 0.000000 1.000000 0.000000
0.997569 -0.069681 0.000000 406.571558 0.069681 0.997569 0.000000 36.526250 0.000000 0.000000 1.000000 0.000000
0.997641 -0.068646 0.000000 408.975395 0.068646 0.997641 0.000000 36.713569 0.000000 0.000000 1.000000 0.000000
0.997689 -0.067953 0.000000 411.351046 0.067953 0.997689 0.000000 36.849426 0.000000 0.000000 1.000000 0.000000
0.997622 -0.068929 0.000000 413.591154 0.068929 0.997622 0.000000 36.986753 0.000000 0.000000 1.000000 0.000000
0.997322 -0.073133 0.000000 415.813273 0.073133 0.997322 0.000000 37.125714 0.000000 0.000000 1.000000 0.000000
0.997008 -0.077294 0.000000 417.976988 0.077294 0.997008 0.000000 37.248587 0.000000 0.000000 1.000000 0.000000
0.996533 -0.083199 0.000000 420.039728 0.083199 0.996533 0.000000 37.432922 0.000000 0.000000 1.000000 0.000000
0.996091 -0.088331 0.000000 422.091887 0.088331 0.996091 0.000000 37.546164 0.000000 0.000000 1.000000 0.000000
0.995586 -0.093857 0.000000 424.101975 0.093857 0.995586 0.000000 37.743610 0.000000 0.000000 1.000000 0.000000
0.995235 -0.097504 0.000000 426.052352 0.097504 0.995235 0.000000 37.927376 0.000000 0.000000 1.000000 0.000000
0.994934 -0.100532 0.000000 427.996439 0.100532 0.994934 0.000000 38.095144 0.000000 0.000000 1.000000 0.000000
0.994853 -0.101332 0.000000 429.782205 0.101332 0.994853 0.000000 38.286712 0.000000 0.000000 1.000000 0.000000
0.995207 -0.097790 0.000000 431.545278 0.097790 0.995207 0.000000 38.470668 0.000000 0.000000 1.000000 0.000000
0.995755 -0.092045 0.000000 433.262457 0.092045 0.995755 0.000000 38.593401 0.000000 0.000000 1.000000 0.000000
0.996496 -0.083641 0.000000 434.893571 0.083641 0.996496 0.000000 38.713087 0.000000 0.000000 1.000000 0.000000
0.997645 -0.068586 0.000000 436.369719 0.068586 0.997645 0.000000 38.814370 0.000000 0.000000 1.000000 0.000000
0.999028 -0.044084 0.000000 437.789476 0.044084 0.999028 0.000000 38.909116 0.000000 0.000000 1.000000 0.000000
0.999997 -0.002414 0.000000 439.100731 0.002414 0.999997 0.000000 38.878800 0.000000 0.000000 1.000000 0.000000
0.998339 0.057619 0.000000 440.385716 -0.057619 0.998339 0.000000 38.751135 0.000000 0.000000 1.000000 0.000000
0.992442 0.122713 0.000000 441.632659 -0.122713 0.992442 0.000000 38.521389 0.000000 0.000000 1.000000 0.000000
0.982263 0.187506 0.000000 442.748769 -0.187506 0.982263 0.000000 38.229144 0.000000 0.000000 1.000000 0.000000
0.967046 0.254603 0.000000 443.737402 -0.254603 0.967046 0.000000 37.931881 0.000000 0.000000 1.000000 0.000000
0.946654 0.322253 0.000000 444.693672 -0.322253 0.946654 0.000000 37.539535 0.000000 0.000000 1.000000 0.000000
0.922002 0.387186 0.000000 445.587572 -0.387186 0.922002 0.000000 37.098067 0.000000 0.000000 1.000000 0.000000
0.892895 0.450265 0.000000 446.350595 -0.450265 0.892895 0.000000 36.656096 0.000000 0.000000 1.000000 0.000000
0.858286 0.513171 0.000000 446.990602 -0.513171 0.858286 0.000000 36.177511 0.000000 0.000000 1.000000 0.000000
0.818963 0.573847 0.000000 447.701319 -0.573847 0.818963 0.000000 35.668296 0.000000 0.000000 1.000000 0.000000
0.768981 0.639272 0.000000 448.282947 -0.639272 0.768981 0.000000 35.116547 0.000000 0.000000 1.000000 0.000000
0.709216 0.704991 0.000000 448.785221 -0.704991 0.709216 0.000000 34.457188 0.000000 0.000000 1.000000 0.000000
0.640728 0.767768 0.000000 449.314445 -0.767768 0.640728 0.000000 33.778931 0.000000 0.000000 1.000000 0.000000
0.563534 0.826093 0.000000 449.700172 -0.826093 0.563534 0.000000 33.090157 0.000000 0.000000 1.000000 0.000000
0.478063 0.878326 0.000000 450.008524 -0.878326 0.478063 0.000000 32.369024 0.000000 0.000000 1.000000 0.000000
0.383737 0.923443 0.000000 450.213141 -0.923443 0.383737 0.000000 31.588818 0.000000 0.000000 1.000000 0.000000
0.277878 0.960616 0.000000 450.375724 -0.960616 0.277878 0.000000 30.782418 0.000000 0.000000 1.000000 0.000000
0.162328 0.986737 0.000000 450.444286 -0.986737 0.162328 0.000000 29.870671 0.000000 0.000000 1.000000 0.000000
0.040749 0.999169 0.000000 450.410667 -0.999169 0.040749 0.000000 29.001891 0.000000 0.000000 1.000000 0.000000
-0.083306 0.996524 0.000000 450.267442 -0.996524 -0.083306 0.000000 28.028131 0.000000 0.000000 1.000000 0.000000
-0.206034 0.978545 0.000000 450.006167 -0.978545 -0.206034 0.000000 27.029047 0.000000 0.000000 1.000000 0.000000
-0.322720 0.946494 0.000000 449.569644 -0.946494 -0.322720 0.000000 26.103730 0.000000 0.000000 1.000000 0.000000
