0.999981 -0.006092 0.000000 0.967194 0.006092 0.999981 0.000000 0.024076 0.000000 0.000000 1.000000 0.000000
0.999961 -0.008829 0.000000 1.298577 0.008829 0.999961 0.000000 0.048245 0.000000 0.000000 1.000000 0.000000
0.999952 -0.009824 0.000000 1.718887 0.009824 0.999952 0.000000 0.056659 0.000000 0.000000 1.000000 0.000000
0.999951 -0.009938 0.000000 2.105071 0.009938 0.999951 0.000000 0.068931 0.000000 0.000000 1.000000 0.000000
0.999936 -0.011319 0.000000 2.572737 0.011319 0.999936 0.000000 0.094040 0.000000 0.000000 1.000000 0.000000
0.999898 -0.014267 0.000000 3.140476 0.014267 0.999898 0.000000 0.055321 0.000000 0.000000 1.000000 0.000000
0.999882 -0.015337 0.000000 3.751533 0.015337 0.999882 0.000000 0.140326 0.000000 0.000000 1.000000 0.000000
0.999867 -0.016315 0.000000 4.394122 0.016315 0.999867 0.000000 0.165648 0.000000 0.000000 1.000000 0.000000
0.999823 -0.018832 0.000000 5.104554 0.018832 0.999823 0.000000 0.110751 0.000000 0.000000 1.000000 0.000000
0.999809 -0.019554 0.000000 5.875375 0.019554 0.999809 0.000000 0.160631 0.000000 0.000000 1.000000 0.000000
0.999771 -0.021393 0.000000 6.720334 0.021393 0.999771 0.000000 0.182667 0.000000 0.000000 1.000000 0.000000
0.999716 -0.023811 0.000000 7.634790 0.023811 0.999716 0.000000 0.200486 0.000000 0.000000 1.000000 0.000000
0.999674 -0.025527 0.000000 8.566092 0.025527 0.999674 0.000000 0.247693 0.000000 0.000000 1.000000 0.000000
0.999575 -0.029147 0.000000 9.627859 0.029147 0.999575 0.000000 0.249366 0.000000 0.000000 1.000000 0.000000
0.999446 -0.033293 0.000000 10.697092 0.033293 0.999446 0.000000 0.271245 0.000000 0.000000 1.000000 0.000000
0.999282 -0.037901 0.000000 11.884108 0.037901 0.999282 0.000000 0.328633 0.000000 0.000000 1.000000 0.000000
0.999075 -0.043006 0.000000 13.062737 0.043006 0.999075 0.000000 0.401862 0.000000 0.000000 1.000000 0.000000
0.998854 -0.047852 0.000000 14.369286 0.047852 0.998854 0.000000 0.494794 0.000000 0.000000 1.000000 0.000000
0.998560 -0.053653 0.000000 15.695060 0.053653 0.998560 0.000000 0.535293 0.000000 0.000000 1.000000 0.000000
0.998266 -0.058867 0.000000 17.063374 0.058867 0.998266 0.000000 0.557274 0.000000 0.000000 1.000000 0.000000
0.997897 -0.064826 0.000000 18.533146 0.064826 0.997897 0.000000 0.694779 0.000000 0.000000 1.000000 0.000000
0.997350 -0.072756 0.000000 20.007505 0.072756 0.997350 0.000000 0.768856 0.000000 0.000000 1.000000 0.000000
0.997012 -0.077244 0.000000 21.591151 0.077244 0.997012 0.000000 0.877602 0.000000 0.000000 1.000000 0.000000
0.996659 -0.081676 0.000000 23.145108 0.081676 0.996659 0.000000 1.038660 0.000000 0.000000 1.000000 0.000000
0.996472 -0.083931 0.000000 24.796371 0.083931 0.996472 0.000000 1.134950 0.000000 0.000000 1.000000 0.000000
0.996155 -0.087614 0.000000 26.458665 0.087614 0.996155 0.000000 1.309413 0.000000 0.000000 1.000000 0.000000
0.996092 -0.088324 0.000000 28.228808 0.088324 0.996092 0.000000 1.453445 0.000000 0.000000 1.000000 0.000000
0.995879 -0.090696 0.000000 29.978403 0.090696 0.995879 0.000000 1.640012 0.000000 0.000000 1.000000 0.000000
0.996019 -0.089137 0.000000 31.853201 0.089137 0.996019 0.000000 1.742758 0.000000 0.000000 1.000000 0.000000
0.996396 -0.084825 0.000000 33.734355 0.084825 0.996396 0.000000 1.958512 0.000000 0.000000 1.000000 0.000000
0.996914 -0.078498 0.000000 35.633683 0.078498 0.996914 0.000000 2.040901 0.000000 0.000000 1.000000 0.000000
0.997346 -0.072803 0.000000 37.631024 0.072803 0.997346 0.000000 2.201876 0.000000 0.000000 1.000000 0.000000
0.997792 -0.066410 0.000000 39.602977 0.066410 0.997792 0.000000 2.257793 0.000000 0.000000 1.000000 0.000000
0.998267 -0.058845 0.000000 41.670170 0.058845 0.998267 0.000000 2.377664 0.000000 0.000000 1.000000 0.000000
0.998728 -0.050416 0.000000 43.772953 0.050416 0.998728 0.000000 2.460641 0.000000 0.000000 1.000000 0.000000
0.999063 -0.043286 0.000000 45.932471 0.043286 0.999063 0.000000 2.542097 0.000000 0.000000 1.000000 0.000000
0.999355 -0.035900 0.000000 48.112437 0.035900 0.999355 0.000000 2.604941 0.000000 0.000000 1.000000 0.000000
0.999620 -0.027568 0.000000 50.311983 0.027568 0.999620 0.000000 2.645432 0.000000 0.000000 1.000000 0.000000
0.999818 -0.019055 0.000000 52.614175 0.019055 0.999818 0.000000 2.659070 0.000000 0.000000 1.000000 0.000000
0.999936 -0.011333 0.000000 54.902744 0.011333 0.999936 0.000000 2.661500 0.000000 0.000000 1.000000 0.000000
0.999954 -0.009637 0.000000 57.178579 0.009637 0.999954 0.000000 2.666085 0.000000 0.000000 1.000000 0.000000
0.999952 -0.009803 0.000000 59.548649 0.009803 0.999952 0.000000 2.697045 0.000000 0.000000 1.000000 0.000000
0.999936 -0.011340 0.000000 61.996885 0.011340 0.999936 0.000000 2.745706 0.000000 0.000000 1.000000 0.000000
0.999912 -0.013240 0.000000 64.442555 0.013240 0.999912 0.000000 2.745303 0.000000 0.000000 1.000000 0.000000
0.999892 -0.014728 0.000000 66.929163 0.014728 0.999892 0.000000 2.791749 0.000000 0.000000 1.000000 0.000000
0.999901 -0.014053 0.000000 69.419432 0.014053 0.999901 0.000000 2.861144 0.000000 0.000000 1.000000 0.000000
0.999912 -0.013259 0.000000 72.004203 0.013259 0.999912 0.000000 2.881532 0.000000 0.000000 1.000000 0.000000
0.999917 -0.012886 0.000000 74.574617 0.012886 0.999917 0.000000 2.887863 0.000000 0.000000 1.000000 0.000000
0.999936 -0.011304 0.000000 77.140235 0.011304 0.999936 0.000000 2.868706 0.000000 0.000000 1.000000 0.000000
0.999943 -0.010636 0.000000 79.792454 0.010636 0.999943 0.000000 2.882814 0.000000 0.000000 1.000000 0.000000
0.999958 -0.009163 0.000000 82.458508 0.009163 0.999958 0.000000 2.878503 0.000000 0.000000 1.000000 0.000000
0.999958 -0.009192 0.000000 85.142905 0.009192 0.999958 0.000000 2.889287 0.000000 0.000000 1.000000 0.000000
0.999965 -0.008336 0.000000 87.871953 0.008336 0.999965 0.000000 2.932733 0.000000 0.000000 1.000000 0.000000
0.999973 -0.007342 0.000000 90.638511 0.007342 0.999973 0.000000 3.033740 0.000000 0.000000 1.000000 0.000000
0.999995 -0.003169 0.000000 93.356946 0.003169 0.999995 0.000000 2.989049 0.000000 0.000000 1.000000 0.000000
0.999995 -0.003079 0.000000 96.075509 0.003079 0.999995 0.000000 2.934172 0.000000 0.000000 1.000000 0.000000
0.999996 0.002710 0.000000 98.732175 -0.002710 0.999996 0.000000 2.994074 0.000000 0.000000 1.000000 0.000000
0.999992 0.004101 0.000000 101.372009 -0.004101 0.999992 0.000000 2.968460 0.000000 0.000000 1.000000 0.000000
0.999985 0.005538 0.000000 103.982281 -0.005538 0.999985 0.000000 2.953526 0.000000 0.000000 1.000000 0.000000
0.999990 0.004479 0.000000 106.602292 -0.004479 0.999990 0.000000 2.971002 0.000000 0.000000 1.000000 0.000000
0.999993 0.003660 0.000000 109.198553 -0.003660 0.999993 0.000000 2.950137 0.000000 0.000000 1.000000 0.000000
1.000000 -0.000812 0.000000 111.732625 0.000812 1.000000 0.000000 2.932602 0.000000 0.000000 1.000000 0.000000
0.999957 -0.009220 0.000000 114.240630 0.009220 0.999957 0.000000 2.922348 0.000000 0.000000 1.000000 0.000000
0.999773 -0.021284 0.000000 116.821111 0.021284 0.999773 0.000000 2.967777 0.000000 0.000000 1.000000 0.000000
0.999418 -0.034113 0.000000 119.327037 0.034113 0.999418 0.000000 3.005556 0.000000 0.000000 1.000000 0.000000
0.998978 -0.045196 0.000000 121.877524 0.045196 0.998978 0.000000 3.161164 0.000000 0.000000 1.000000 0.000000
0.998283 -0.058580 0.000000 124.385400 0.058580 0.998283 0.000000 3.317927 0.000000 0.000000 1.000000 0.000000
0.997767 -0.066795 0.000000 126.948262 0.066795 0.997767 0.000000 3.437300 0.000000 0.000000 1.000000 0.000000
0.997149 -0.075460 0.000000 129.457748 0.075460 0.997149 0.000000 3.556404 0.000000 0.000000 1.000000 0.000000
0.997026 -0.077072 0.000000 131.988761 0.077072 0.997026 0.000000 3.803156 0.000000 0.000000 1.000000 0.000000
0.996821 -0.079676 0.000000 134.480070 0.079676 0.996821 0.000000 3.955830 0.000000 0.000000 1.000000 0.000000
0.996927 -0.078336 0.000000 137.048196 0.078336 0.996927 0.000000 4.097567 0.000000 0.000000 1.000000 0.000000
0.996805 -0.079875 0.000000 139.610419 0.079875 0.996805 0.000000 4.252794 0.000000 0.000000 1.000000 0.000000
0.997235 -0.074317 0.000000 142.174376 0.074317 0.997235 0.000000 4.544001 0.000000 0.000000 1.000000 0.000000
0.997686 -0.067997 0.000000 144.682002 0.067997 0.997686 0.000000 4.649297 0.000000 0.000000 1.000000 0.000000
0.998143 -0.060921 0.000000 147.194269 0.060921 0.998143 0.000000 4.826872 0.000000 0.000000 1.000000 0.000000
0.998525 -0.054297 0.000000 149.693593 0.054297 0.998525 0.000000 4.980449 0.000000 0.000000 1.000000 0.000000
0.998801 -0.048954 0.000000 152.126788 0.048954 0.998801 0.000000 5.061335 0.000000 0.000000 1.000000 0.000000
0.999055 -0.043464 0.000000 154.630142 0.043464 0.999055 0.000000 5.170422 0.000000 0.000000 1.000000 0.000000
0.999261 -0.038425 0.000000 157.057761 0.038425 0.999261 0.000000 5.317915 0.000000 0.000000 1.000000 0.000000
0.999424 -0.033929 0.000000 159.440040 0.033929 0.999424 0.000000 5.435609 0.000000 0.000000 1.000000 0.000000
0.999515 -0.031143 0.000000 161.810459 0.031143 0.999515 0.000000 5.458541 0.000000 0.000000 1.000000 0.000000
0.999663 -0.025949 0.000000 164.137002 0.025949 0.999663 0.000000 5.533244 0.000000 0.000000 1.000000 0.000000
0.999769 -0.021474 0.000000 166.549457 0.021474 0.999769 0.000000 5.611999 0.000000 0.000000 1.000000 0.000000
0.999839 -0.017938 0.000000 168.855371 0.017938 0.999839 0.000000 5.634600 0.000000 0.000000 1.000000 0.000000
0.999905 -0.013750 0.000000 171.190365 0.013750 0.999905 0.000000 5.563680 0.000000 0.000000 1.000000 0.000000
0.999950 -0.009957 0.000000 173.456209 0.009957 0.999950 0.000000 5.565737 0.000000 0.000000 1.000000 0.000000
0.999972 -0.007525 0.000000 175.763280 0.007525 0.999972 0.000000 5.621518 0.000000 0.000000 1.000000 0.000000
0.999981 -0.006242 0.000000 178.034160 0.006242 0.999981 0.000000 5.617635 0.000000 0.000000 1.000000 0.000000
0.999987 -0.005010 0.000000 180.286690 0.005010 0.999987 0.000000 5.595422 0.000000 0.000000 1.000000 0.000000
0.999988 -0.004834 0.000000 182.527615 0.004834 0.999988 0.000000 5.574617 0.000000 0.000000 1.000000 0.000000
0.999995 -0.003290 0.000000 184.732483 0.003290 0.999995 0.000000 5.610256 0.000000 0.000000 1.000000 0.000000
0.999999 -0.001426 0.000000 186.935593 0.001426 0.999999 0.000000 5.637832 0.000000 0.000000 1.000000 0.000000
1.000000 -0.000847 0.000000 189.112686 0.000847 1.000000 0.000000 5.567164 0.000000 0.000000 1.000000 0.000000
0.999998 -0.001840 0.000000 191.237948 0.001840 0.999998 0.000000 5.609933 0.000000 0.000000 1.000000 0.000000
0.999995 -0.003225 0.000000 193.372257 0.003225 0.999995 0.000000 5.607125 0.000000 0.000000 1.000000 0.000000
0.999990 -0.004421 0.000000 195.474072 0.004421 0.999990 0.000000 5.586841 0.000000 0.000000 1.000000 0.000000
0.999986 -0.005310 0.000000 197.508203 0.005310 0.999986 0.000000 5.566447 0.000000 0.000000 1.000000 0.000000
0.999986 -0.005299 0.000000 199.581616 0.005299 0.999986 0.000000 5.631794 0.000000 0.000000 1.000000 0.000000
0.999983 -0.005845 0.000000 201.602224 0.005845 0.999983 0.000000 5.611252 0.000000 0.000000 1.000000 0.000000
0.999991 -0.004345 0.000000 203.652561 0.004345 0.999991 0.000000 5.626177 0.000000 0.000000 1.000000 0.000000
0.999996 -0.002883 0.000000 205.639821 0.002883 0.999996 0.000000 5.662526 0.000000 0.000000 1.000000 0.000000
0.999985 -0.005425 0.000000 207.612781 0.005425 0.999985 0.000000 5.655769 0.000000 0.000000 1.000000 0.000000
0.999983 -0.005867 0.000000 209.536256 0.005867 0.999983 0.000000 5.662438 0.000000 0.000000 1.000000 0.000000
0.999981 -0.006138 0.000000 211.426273 0.006138 0.999981 0.000000 5.670743 0.000000 0.000000 1.000000 0.000000
0.999984 -0.005615 0.000000 213.270695 0.005615 0.999984 0.000000 5.615987 0.000000 0.000000 1.000000 0.000000
0.999990 -0.004371 0.000000 215.096235 0.004371 0.999990 0.000000 5.702127 0.000000 0.000000 1.000000 0.000000
0.999992 -0.003916 0.000000 216.868485 0.003916 0.999992 0.000000 5.716786 0.000000 0.000000 1.000000 0.000000
0.999996 -0.002858 0.000000 218.581207 0.002858 0.999996 0.000000 5.621623 0.000000 0.000000 1.000000 0.000000
0.999999 -0.001065 0.000000 220.258417 0.001065 0.999999 0.000000 5.699535 0.000000 0.000000 1.000000 0.000000
0.999999 0.001007 0.000000 221.900261 -0.001007 0.999999 0.000000 5.686766 0.000000 0.000000 1.000000 0.000000
0.999998 0.002110 0.000000 223.505636 -0.002110 0.999998 0.000000 5.635368 0.000000 0.000000 1.000000 0.000000
0.999994 0.003522 0.000000 225.014522 -0.003522 0.999994 0.000000 5.681006 0.000000 0.000000 1.000000 0.000000
0.999985 0.005514 0.000000 226.489894 -0.005514 0.999985 0.000000 5.625296 0.000000 0.000000 1.000000 0.000000
0.999977 0.006799 0.000000 227.833900 -0.006799 0.999977 0.000000 5.654030 0.000000 0.000000 1.000000 0.000000
0.999984 0.005685 0.000000 229.206125 -0.005685 0.999984 0.000000 5.602352 0.000000 0.000000 1.000000 0.000000
0.999966 0.008254 0.000000 230.415209 -0.008254 0.999966 0.000000 5.597217 0.000000 0.000000 1.000000 0.000000
0.999980 0.006357 0.000000 231.642595 -0.006357 0.999980 0.000000 5.629015 0.000000 0.000000 1.000000 0.000000
0.999992 0.003985 0.000000 232.826293 -0.003985 0.999992 0.000000 5.484741 0.000000 0.000000 1.000000 0.000000
0.999994 0.003534 0.000000 233.835346 -0.003534 0.999994 0.000000 5.475046 0.000000 0.000000 1.000000 0.000000
0.999992 0.003906 0.000000 234.764293 -0.003906 0.999992 0.000000 5.462623 0.000000 0.000000 1.000000 0.000000
0.999983 0.005804 0.000000 235.597192 -0.005804 0.999983 0.000000 5.500633 0.000000 0.000000 1.000000 0.000000
0.999995 0.003271 0.000000 236.318997 -0.003271 0.999995 0.000000 5.436487 0.000000 0.000000 1.000000 0.000000
0.999983 0.005779 0.000000 236.921944 -0.005779 0.999983 0.000000 5.431644 0.000000 0.000000 1.000000 0.000000
0.999982 0.006011 0.000000 237.480800 -0.006011 0.999982 0.000000 5.501492 0.000000 0.000000 1.000000 0.000000
0.999981 0.006154 0.000000 238.035746 -0.006154 0.999981 0.000000 5.405915 0.000000 0.000000 1.000000 0.000000
0.999980 0.006330 0.000000 238.463821 -0.006330 0.999980 0.000000 5.430703 0.000000 0.000000 1.000000 0.000000
0.999983 0.005875 0.000000 238.830351 -0.005875 0.999983 0.000000 5.436638 0.000000 0.000000 1.000000 0.000000
0.999973 0.007363 0.000000 239.060645 -0.007363 0.999973 0.000000 5.378027 0.000000 0.000000 1.000000 0.000000
0.999971 0.007665 0.000000 239.252751 -0.007665 0.999971 0.000000 5.393662 0.000000 0.000000 1.000000 0.000000
0.999986 0.005357 0.000000 239.426838 -0.005357 0.999986 0.000000 5.383793 0.000000 0.000000 1.000000 0.000000
0.999977 0.006708 0.000000 239.550815 -0.006708 0.999977 0.000000 5.373414 0.000000 0.000000 1.000000 0.000000
0.999979 0.006544 0.000000 239.528392 -0.006544 0.999979 0.000000 5.371429 0.000000 0.000000 1.000000 0.000000
0.999975 0.007004 0.000000 239.549278 -0.007004 0.999975 0.000000 5.385053 0.000000 0.000000 1.000000 0.000000
0.999977 0.006804 0.000000 239.540763 -0.006804 0.999977 0.000000 5.424628 0.000000 0.000000 1.000000 0.000000
0.999974 0.007217 0.000000 239.569476 -0.007217 0.999974 0.000000 5.417459 0.000000 0.000000 1.000000 0.000000
0.999975 0.007114 0.000000 239.550745 -0.007114 0.999975 0.000000 5.414917 0.000000 0.000000 1.000000 0.000000
0.999978 0.006657 0.000000 239.572989 -0.006657 0.999978 0.000000 5.405030 0.000000 0.000000 1.000000 0.000000
0.999978 0.006703 0.000000 239.546081 -0.006703 0.999978 0.000000 5.414904 0.000000 0.000000 1.000000 0.000000
0.999980 0.006365 0.000000 239.588280 -0.006365 0.999980 0.000000 5.398189 0.000000 0.000000 1.000000 0.000000
0.999974 0.007247 0.000000 239.555365 -0.007247 0.999974 0.000000 5.392639 0.000000 0.000000 1.000000 0.000000
0.999976 0.006911 0.000000 239.546155 -0.006911 0.999976 0.000000 5.417422 0.000000 0.000000 1.000000 0.000000
0.999977 0.006811 0.000000 239.502521 -0.006811 0.999977 0.000000 5.454594 0.000000 0.000000 1.000000 0.000000
0.999977 0.006811 0.000000 239.562533 -0.006811 0.999977 0.000000 5.417175 0.000000 0.000000 1.000000 0.000000
0.999976 0.006978 0.000000 239.499409 -0.006978 0.999976 0.000000 5.424392 0.000000 0.000000 1.000000 0.000000
0.999977 0.006831 0.000000 239.523008 -0.006831 0.999977 0.000000 5.439055 0.000000 0.000000 1.000000 0.000000
0.999974 0.007176 0.000000 239.512685 -0.007176 0.999974 0.000000 5.409250 0.000000 0.000000 1.000000 0.000000
0.999975 0.007127 0.000000 239.523448 -0.007127 0.999975 0.000000 5.421567 0.000000 0.000000 1.000000 0.000000
0.999974 0.007196 0.000000 239.541913 -0.007196 0.999974 0.000000 5.401903 0.000000 0.000000 1.000000 0.000000
0.999979 0.006543 0.000000 239.567071 -0.006543 0.999979 0.000000 5.387552 0.000000 0.000000 1.000000 0.000000
0.999977 0.006852 0.000000 239.517323 -0.006852 0.999977 0.000000 5.430355 0.000000 0.000000 1.000000 0.000000
0.999973 0.007300 0.000000 239.516038 -0.007300 0.999973 0.000000 5.383966 0.000000 0.000000 1.000000 0.000000
0.999973 0.007411 0.000000 239.533745 -0.007411 0.999973 0.000000 5.394736 0.000000 0.000000 1.000000 0.000000
0.999970 0.007695 0.000000 239.545117 -0.007695 0.999970 0.000000 5.382429 0.000000 0.000000 1.000000 0.000000
0.999974 0.007199 0.000000 239.547627 -0.007199 0.999974 0.000000 5.412091 0.000000 0.000000 1.000000 0.000000
0.999974 0.007256 0.000000 239.547416 -0.007256 0.999974 0.000000 5.376320 0.000000 0.000000 1.000000 0.000000
0.999974 0.007211 0.000000 239.517929 -0.007211 0.999974 0.000000 5.377590 0.000000 0.000000 1.000000 0.000000
0.999975 0.007055 0.000000 239.535375 -0.007055 0.999975 0.000000 5.388563 0.000000 0.000000 1.000000 0.000000
0.999970 0.007697 0.000000 239.544057 -0.007697 0.999970 0.000000 5.370501 0.000000 0.000000 1.000000 0.000000
0.999975 0.007128 0.000000 239.504424 -0.007128 0.999975 0.000000 5.405913 0.000000 0.000000 1.000000 0.000000
0.999974 0.007265 0.000000 239.497391 -0.007265 0.999974 0.000000 5.451506 0.000000 0.000000 1.000000 0.000000
0.999975 0.007067 0.000000 239.491664 -0.007067 0.999975 0.000000 5.394759 0.000000 0.000000 1.000000 0.000000
0.999971 0.007622 0.000000 239.520171 -0.007622 0.999971 0.000000 5.400703 0.000000 0.000000 1.000000 0.000000
0.999977 0.006758 0.000000 239.497361 -0.006758 0.999977 0.000000 5.432353 0.000000 0.000000 1.000000 0.000000
0.999980 0.006336 0.000000 239.514775 -0.006336 0.999980 0.000000 5.421510 0.000000 0.000000 1.000000 0.000000
0.999977 0.006730 0.000000 239.541077 -0.006730 0.999977 0.000000 5.380515 0.000000 0.000000 1.000000 0.000000
0.999978 0.006605 0.000000 239.514047 -0.006605 0.999978 0.000000 5.399084 0.000000 0.000000 1.000000 0.000000
0.999972 0.007477 0.000000 239.512761 -0.007477 0.999972 0.000000 5.381923 0.000000 0.000000 1.000000 0.000000
0.999972 0.007522 0.000000 239.500055 -0.007522 0.999972 0.000000 5.392436 0.000000 0.000000 1.000000 0.000000
0.999978 0.006680 0.000000 239.522658 -0.006680 0.999978 0.000000 5.387811 0.000000 0.000000 1.000000 0.000000
0.999980 0.006271 0.000000 239.483413 -0.006271 0.999980 0.000000 5.427257 0.000000 0.000000 1.000000 0.000000
0.999970 0.007746 0.000000 239.506714 -0.007746 0.999970 0.000000 5.384773 0.000000 0.000000 1.000000 0.000000
0.999970 0.007713 0.000000 239.552150 -0.007713 0.999970 0.000000 5.381705 0.000000 0.000000 1.000000 0.000000
0.999971 0.007575 0.000000 239.569611 -0.007575 0.999971 0.000000 5.351882 0.000000 0.000000 1.000000 0.000000
0.999970 0.007704 0.000000 239.532549 -0.007704 0.999970 0.000000 5.383730 0.000000 0.000000 1.000000 0.000000
0.999977 0.006827 0.000000 239.500976 -0.006827 0.999977 0.000000 5.410293 0.000000 0.000000 1.000000 0.000000
0.999979 0.006447 0.000000 239.500668 -0.006447 0.999979 0.000000 5.423886 0.000000 0.000000 1.000000 0.000000
0.999973 0.007324 0.000000 239.493825 -0.007324 0.999973 0.000000 5.431567 0.000000 0.000000 1.000000 0.000000
0.999975 0.007010 0.000000 239.517978 -0.007010 0.999975 0.000000 5.419525 0.000000 0.000000 1.000000 0.000000
0.999973 0.007311 0.000000 239.537266 -0.007311 0.999973 0.000000 5.387874 0.000000 0.000000 1.000000 0.000000
0.999974 0.007190 0.000000 239.525847 -0.007190 0.999974 0.000000 5.404792 0.000000 0.000000 1.000000 0.000000
0.999976 0.006894 0.000000 239.559489 -0.006894 0.999976 0.000000 5.352568 0.000000 0.000000 1.000000 0.000000
0.999972 0.007430 0.000000 239.533499 -0.007430 0.999972 0.000000 5.382258 0.000000 0.000000 1.000000 0.000000
0.999978 0.006678 0.000000 239.578162 -0.006678 0.999978 0.000000 5.369281 0.000000 0.000000 1.000000 0.000000
0.999974 0.007252 0.000000 239.542404 -0.007252 0.999974 0.000000 5.377066 0.000000 0.000000 1.000000 0.000000
0.999978 0.006571 0.000000 239.560834 -0.006571 0.999978 0.000000 5.394118 0.000000 0.000000 1.000000 0.000000
0.999974 0.007209 0.000000 239.567530 -0.007209 0.999974 0.000000 5.344922 0.000000 0.000000 1.000000 0.000000
0.999979 0.006452 0.000000 239.503308 -0.006452 0.999979 0.000000 5.425891 0.000000 0.000000 1.000000 0.000000
0.999975 0.007081 0.000000 239.534942 -0.007081 0.999975 0.000000 5.392726 0.000000 0.000000 1.000000 0.000000
0.999973 0.007305 0.000000 239.524222 -0.007305 0.999973 0.000000 5.395665 0.000000 0.000000 1.000000 0.000000
0.999976 0.006862 0.000000 239.538414 -0.006862 0.999976 0.000000 5.400552 0.000000 0.000000 1.000000 0.000000
0.999975 0.007073 0.000000 239.514524 -0.007073 0.999975 0.000000 5.397808 0.000000 0.000000 1.000000 0.000000
0.999977 0.006761 0.000000 239.507839 -0.006761 0.999977 0.000000 5.401405 0.000000 0.000000 1.000000 0.000000
0.999975 0.007064 0.000000 239.527723 -0.007064 0.999975 0.000000 5.412348 0.000000 0.000000 1.000000 0.000000
0.999977 0.006789 0.000000 239.502663 -0.006789 0.999977 0.000000 5.405529 0.000000 0.000000 1.000000 0.000000
0.999975 0.007040 0.000000 239.514965 -0.007040 0.999975 0.000000 5.428388 0.000000 0.000000 1.000000 0.000000
0.999979 0.006484 0.000000 239.502275 -0.006484 0.999979 0.000000 5.416304 0.000000 0.000000 1.000000 0.000000
0.999978 0.006664 0.000000 239.502309 -0.006664 0.999978 0.000000 5.421953 0.000000 0.000000 1.000000 0.000000
0.999976 0.006930 0.000000 239.513056 -0.006930 0.999976 0.000000 5.431837 0.000000 0.000000 1.000000 0.000000
0.999973 0.007284 0.000000 239.493707 -0.007284 0.999973 0.000000 5.432318 0.000000 0.000000 1.000000 0.000000
0.999975 0.007093 0.000000 239.517234 -0.007093 0.999975 0.000000 5.426412 0.000000 0.000000 1.000000 0.000000
0.999977 0.006853 0.000000 239.537770 -0.006853 0.999977 0.000000 5.422423 0.000000 0.000000 1.000000 0.000000
0.999975 0.007020 0.000000 239.520824 -0.007020 0.999975 0.000000 5.434579 0.000000 0.000000 1.000000 0.000000
0.999975 0.007016 0.000000 239.533597 -0.007016 0.999975 0.000000 5.409307 0.000000 0.000000 1.000000 0.000000
0.999977 0.006792 0.000000 239.518076 -0.006792 0.999977 0.000000 5.411019 0.000000 0.000000 1.000000 0.000000
0.999979 0.006520 0.000000 239.530677 -0.006520 0.999979 0.000000 5.393856 0.000000 0.000000 1.000000 0.000000
0.999977 0.006736 0.000000 239.519661 -0.006736 0.999977 0.000000 5.420187 0.000000 0.000000 1.000000 0.000000
0.999979 0.006526 0.000000 239.530064 -0.006526 0.999979 0.000000 5.391655 0.000000 0.000000 1.000000 0.000000
0.999979 0.006541 0.000000 239.539720 -0.006541 0.999979 0.000000 5.397448 0.000000 0.000000 1.000000 0.000000
0.999975 0.007125 0.000000 239.493212 -0.007125 0.999975 0.000000 5.416488 0.000000 0.000000 1.000000 0.000000
0.999979 0.006496 0.000000 239.517843 -0.006496 0.999979 0.000000 5.410660 0.000000 0.000000 1.000000 0.000000
0.999975 0.007077 0.000000 239.535944 -0.007077 0.999975 0.000000 5.384411 0.000000 0.000000 1.000000 0.000000
0.999978 0.006643 0.000000 239.509389 -0.006643 0.999978 0.000000 5.417376 0.000000 0.000000 1.000000 0.000000
0.999974 0.007170 0.000000 239.530854 -0.007170 0.999974 0.000000 5.398741 0.000000 0.000000 1.000000 0.000000
0.999981 0.006178 0.000000 239.527348 -0.006178 0.999981 0.000000 5.401566 0.000000 0.000000 1.000000 0.000000
0.999977 0.006855 0.000000 239.544340 -0.006855 0.999977 0.000000 5.386044 0.000000 0.000000 1.000000 0.000000
0.999979 0.006469 0.000000 239.501051 -0.006469 0.999979 0.000000 5.377127 0.000000 0.000000 1.000000 0.000000
0.999976 0.006990 0.000000 239.515399 -0.006990 0.999976 0.000000 5.403132 0.000000 0.000000 1.000000 0.000000
0.999976 0.006893 0.000000 239.499786 -0.006893 0.999976 0.000000 5.419050 0.000000 0.000000 1.000000 0.000000
0.999978 0.006589 0.000000 239.499888 -0.006589 0.999978 0.000000 5.408144 0.000000 0.000000 1.000000 0.000000
0.999971 0.007603 0.000000 239.528451 -0.007603 0.999971 0.000000 5.404438 0.000000 0.000000 1.000000 0.000000
0.999972 0.007543 0.000000 239.562541 -0.007543 0.999972 0.000000 5.394342 0.000000 0.000000 1.000000 0.000000
0.999976 0.006971 0.000000 239.548693 -0.006971 0.999976 0.000000 5.376107 0.000000 0.000000 1.000000 0.000000
0.999977 0.006853 0.000000 239.530883 -0.006853 0.999977 0.000000 5.404083 0.000000 0.000000 1.000000 0.000000
0.999976 0.006935 0.000000 239.554289 -0.006935 0.999976 0.000000 5.392245 0.000000 0.000000 1.000000 0.000000
0.999972 0.007429 0.000000 239.557894 -0.007429 0.999972 0.000000 5.383855 0.000000 0.000000 1.000000 0.000000
0.999975 0.007071 0.000000 239.534484 -0.007071 0.999975 0.000000 5.395948 0.000000 0.000000 1.000000 0.000000
0.999971 0.007612 0.000000 239.525744 -0.007612 0.999971 0.000000 5.398090 0.000000 0.000000 1.000000 0.000000
0.999972 0.007536 0.000000 239.531201 -0.007536 0.999972 0.000000 5.401086 0.000000 0.000000 1.000000 0.000000
0.999969 0.007925 0.000000 239.519200 -0.007925 0.999969 0.000000 5.403399 0.000000 0.000000 1.000000 0.000000
0.999972 0.007438 0.000000 239.547190 -0.007438 0.999972 0.000000 5.400218 0.000000 0.000000 1.000000 0.000000
0.999974 0.007262 0.000000 239.486615 -0.007262 0.999974 0.000000 5.405241 0.000000 0.000000 1.000000 0.000000
0.999974 0.007240 0.000000 239.572700 -0.007240 0.999974 0.000000 5.395372 0.000000 0.000000 1.000000 0.000000
0.999970 0.007789 0.000000 239.542014 -0.007789 0.999970 0.000000 5.380536 0.000000 0.000000 1.000000 0.000000
0.999976 0.006892 0.000000 239.558875 -0.006892 0.999976 0.000000 5.377255 0.000000 0.000000 1.000000 0.000000
0.999973 0.007381 0.000000 239.525920 -0.007381 0.999973 0.000000 5.393784 0.000000 0.000000 1.000000 0.000000
0.999972 0.007478 0.000000 239.581437 -0.007478 0.999972 0.000000 5.361718 0.000000 0.000000 1.000000 0.000000
0.999973 0.007289 0.000000 239.560768 -0.007289 0.999973 0.000000 5.385850 0.000000 0.000000 1.000000 0.000000
0.999973 0.007365 0.000000 239.549247 -0.007365 0.999973 0.000000 5.374339 0.000000 0.000000 1.000000 0.000000
0.999975 0.007039 0.000000 239.553470 -0.007039 0.999975 0.000000 5.372644 0.000000 0.000000 1.000000 0.000000
0.999979 0.006525 0.000000 239.564134 -0.006525 0.999979 0.000000 5.393175 0.000000 0.000000 1.000000 0.000000
0.999975 0.007056 0.000000 239.522791 -0.007056 0.999975 0.000000 5.379000 0.000000 0.000000 1.000000 0.000000
0.999975 0.007100 0.000000 239.552784 -0.007100 0.999975 0.000000 5.413101 0.000000 0.000000 1.000000 0.000000
0.999976 0.006874 0.000000 239.578582 -0.006874 0.999976 0.000000 5.384094 0.000000 0.000000 1.000000 0.000000
0.999971 0.007561 0.000000 239.528702 -0.007561 0.999971 0.000000 5.368733 0.000000 0.000000 1.000000 0.000000
0.999977 0.006797 0.000000 239.551824 -0.006797 0.999977 0.000000 5.386012 0.000000 0.000000 1.000000 0.000000
0.999970 0.007722 0.000000 239.551354 -0.007722 0.999970 0.000000 5.386151 0.000000 0.000000 1.000000 0.000000
0.999970 0.007747 0.000000 239.524578 -0.007747 0.999970 0.000000 5.426659 0.000000 0.000000 1.000000 0.000000
0.999972 0.007492 0.000000 239.575079 -0.007492 0.999972 0.000000 5.377659 0.000000 0.000000 1.000000 0.000000
0.999974 0.007249 0.000000 239.573173 -0.007249 0.999974 0.000000 5.382021 0.000000 0.000000 1.000000 0.000000
0.999973 0.007387 0.000000 239.537131 -0.007387 0.999973 0.000000 5.386171 0.000000 0.000000 1.000000 0.000000
0.999975 0.007129 0.000000 239.557958 -0.007129 0.999975 0.000000 5.376781 0.000000 0.000000 1.000000 0.000000
0.999975 0.007113 0.000000 239.521227 -0.007113 0.999975 0.000000 5.384472 0.000000 0.000000 1.000000 0.000000
0.999975 0.007135 0.000000 239.546850 -0.007135 0.999975 0.000000 5.370162 0.000000 0.000000 1.000000 0.000000
0.999972 0.007522 0.000000 239.557608 -0.007522 0.999972 0.000000 5.379692 0.000000 0.000000 1.000000 0.000000
0.999972 0.007545 0.000000 239.584988 -0.007545 0.999972 0.000000 5.374644 0.000000 0.000000 1.000000 0.000000
0.999976 0.006884 0.000000 239.623780 -0.006884 0.999976 0.000000 5.374008 0.000000 0.000000 1.000000 0.000000
0.999976 0.006895 0.000000 239.670340 -0.006895 0.999976 0.000000 5.371179 0.000000 0.000000 1.000000 0.000000
0.999978 0.006598 0.000000 239.780096 -0.006598 0.999978 0.000000 5.366823 0.000000 0.000000 1.000000 0.000000
0.999975 0.007011 0.000000 239.791753 -0.007011 0.999975 0.000000 5.391410 0.000000 0.000000 1.000000 0.000000
0.999972 0.007544 0.000000 239.908107 -0.007544 0.999972 0.000000 5.412257 0.000000 0.000000 1.000000 0.000000
0.999975 0.007111 0.000000 239.988310 -0.007111 0.999975 0.000000 5.428746 0.000000 0.000000 1.000000 0.000000
0.999973 0.007375 0.000000 240.157663 -0.007375 0.999973 0.000000 5.408971 0.000000 0.000000 1.000000 0.000000
0.999973 0.007293 0.000000 240.243122 -0.007293 0.999973 0.000000 5.418913 0.000000 0.000000 1.000000 0.000000
0.999975 0.007137 0.000000 240.393105 -0.007137 0.999975 0.000000 5.406554 0.000000 0.000000 1.000000 0.000000
0.999976 0.006857 0.000000 240.555432 -0.006857 0.999976 0.000000 5.391584 0.000000 0.000000 1.000000 0.000000
0.999980 0.006343 0.000000 240.672535 -0.006343 0.999980 0.000000 5.396095 0.000000 0.000000 1.000000 0.000000
0.999973 0.007298 0.000000 240.777085 -0.007298 0.999973 0.000000 5.380886 0.000000 0.000000 1.000000 0.000000
0.999978 0.006635 0.000000 240.913242 -0.006635 0.999978 0.000000 5.342545 0.000000 0.000000 1.000000 0.000000
0.999979 0.006476 0.000000 240.851351 -0.006476 0.999979 0.000000 5.377894 0.000000 0.000000 1.000000 0.000000
0.999982 0.006056 0.000000 240.850011 -0.006056 0.999982 0.000000 5.381193 0.000000 0.000000 1.000000 0.000000
0.999973 0.007399 0.000000 240.866731 -0.007399 0.999973 0.000000 5.385556 0.000000 0.000000 1.000000 0.000000
0.999977 0.006736 0.000000 240.847363 -0.006736 0.999977 0.000000 5.369284 0.000000 0.000000 1.000000 0.000000
0.999967 0.008077 0.000000 240.847191 -0.008077 0.999967 0.000000 5.394049 0.000000 0.000000 1.000000 0.000000
0.999976 0.006950 0.000000 240.854194 -0.006950 0.999976 0.000000 5.404284 0.000000 0.000000 1.000000 0.000000
0.999967 0.008127 0.000000 240.872674 -0.008127 0.999967 0.000000 5.413601 0.000000 0.000000 1.000000 0.000000
0.999974 0.007156 0.000000 240.871396 -0.007156 0.999974 0.000000 5.396536 0.000000 0.000000 1.000000 0.000000
0.999973 0.007384 0.000000 240.893041 -0.007384 0.999973 0.000000 5.371750 0.000000 0.000000 1.000000 0.000000
0.999975 0.007138 0.000000 240.883883 -0.007138 0.999975 0.000000 5.387524 0.000000 0.000000 1.000000 0.000000
0.999977 0.006751 0.000000 240.859398 -0.006751 0.999977 0.000000 5.363897 0.000000 0.000000 1.000000 0.000000
0.999972 0.007491 0.000000 240.845322 -0.007491 0.999972 0.000000 5.434626 0.000000 0.000000 1.000000 0.000000
0.999970 0.007798 0.000000 240.859692 -0.007798 0.999970 0.000000 5.424172 0.000000 0.000000 1.000000 0.000000
0.999977 0.006818 0.000000 240.861956 -0.006818 0.999977 0.000000 5.379640 0.000000 0.000000 1.000000 0.000000
0.999972 0.007538 0.000000 240.856686 -0.007538 0.999972 0.000000 5.379653 0.000000 0.000000 1.000000 0.000000
0.999975 0.007112 0.000000 240.884002 -0.007112 0.999975 0.000000 5.391214 0.000000 0.000000 1.000000 0.000000
0.999972 0.007507 0.000000 240.857774 -0.007507 0.999972 0.000000 5.402400 0.000000 0.000000 1.000000 0.000000
0.999973 0.007361 0.000000 240.870156 -0.007361 0.999973 0.000000 5.398369 0.000000 0.000000 1.000000 0.000000
0.999973 0.007322 0.000000 240.864971 -0.007322 0.999973 0.000000 5.383824 0.000000 0.000000 1.000000 0.000000
0.999976 0.006910 0.000000 240.883563 -0.006910 0.999976 0.000000 5.385779 0.000000 0.000000 1.000000 0.000000
0.999976 0.006887 0.000000 240.898702 -0.006887 0.999976 0.000000 5.386545 0.000000 0.000000 1.000000 0.000000
0.999978 0.006565 0.000000 240.892425 -0.006565 0.999978 0.000000 5.358590 0.000000 0.000000 1.000000 0.000000
0.999973 0.007377 0.000000 240.887474 -0.007377 0.999973 0.000000 5.403267 0.000000 0.000000 1.000000 0.000000
0.999973 0.007309 0.000000 240.855045 -0.007309 0.999973 0.000000 5.361836 0.000000 0.000000 1.000000 0.000000
0.999979 0.006536 0.000000 240.889303 -0.006536 0.999979 0.000000 5.380265 0.000000 0.000000 1.000000 0.000000
0.999975 0.007052 0.000000 240.886976 -0.007052 0.999975 0.000000 5.365412 0.000000 0.000000 1.000000 0.000000
0.999972 0.007451 0.000000 240.855160 -0.007451 0.999972 0.000000 5.422424 0.000000 0.000000 1.000000 0.000000
0.999977 0.006757 0.000000 240.866621 -0.006757 0.999977 0.000000 5.361814 0.000000 0.000000 1.000000 0.000000
0.999976 0.006973 0.000000 240.856594 -0.006973 0.999976 0.000000 5.393570 0.000000 0.000000 1.000000 0.000000
0.999976 0.006928 0.000000 240.862928 -0.006928 0.999976 0.000000 5.379658 0.000000 0.000000 1.000000 0.000000
0.999974 0.007168 0.000000 240.857732 -0.007168 0.999974 0.000000 5.400882 0.000000 0.000000 1.000000 0.000000
0.999979 0.006449 0.000000 240.848470 -0.006449 0.999979 0.000000 5.358635 0.000000 0.000000 1.000000 0.000000
0.999984 0.005739 0.000000 240.860171 -0.005739 0.999984 0.000000 5.348397 0.000000 0.000000 1.000000 0.000000
0.999987 0.005092 0.000000 240.872589 -0.005092 0.999987 0.000000 5.351814 0.000000 0.000000 1.000000 0.000000
0.999979 0.006506 0.000000 240.866304 -0.006506 0.999979 0.000000 5.385137 0.000000 0.000000 1.000000 0.000000
0.999975 0.007069 0.000000 240.819653 -0.007069 0.999975 0.000000 5.417539 0.000000 0.000000 1.000000 0.000000
0.999977 0.006807 0.000000 240.924062 -0.006807 0.999977 0.000000 5.357664 0.000000 0.000000 1.000000 0.000000
0.999977 0.006763 0.000000 240.869854 -0.006763 0.999977 0.000000 5.343093 0.000000 0.000000 1.000000 0.000000
0.999971 0.007611 0.000000 240.876731 -0.007611 0.999971 0.000000 5.373783 0.000000 0.000000 1.000000 0.000000
0.999970 0.007690 0.000000 240.851579 -0.007690 0.999970 0.000000 5.399219 0.000000 0.000000 1.000000 0.000000
0.999971 0.007553 0.000000 240.854160 -0.007553 0.999971 0.000000 5.380544 0.000000 0.000000 1.000000 0.000000
0.999973 0.007333 0.000000 240.860925 -0.007333 0.999973 0.000000 5.371874 0.000000 0.000000 1.000000 0.000000
0.999976 0.006863 0.000000 240.875168 -0.006863 0.999976 0.000000 5.343942 0.000000 0.000000 1.000000 0.000000
0.999977 0.006709 0.000000 240.889292 -0.006709 0.999977 0.000000 5.372382 0.000000 0.000000 1.000000 0.000000
0.999978 0.006640 0.000000 240.923438 -0.006640 0.999978 0.000000 5.351188 0.000000 0.000000 1.000000 0.000000
0.999977 0.006848 0.000000 240.866231 -0.006848 0.999977 0.000000 5.388474 0.000000 0.000000 1.000000 0.000000
0.999983 0.005901 0.000000 240.901065 -0.005901 0.999983 0.000000 5.343637 0.000000 0.000000 1.000000 0.000000
0.999977 0.006807 0.000000 240.903791 -0.006807 0.999977 0.000000 5.388807 0.000000 0.000000 1.000000 0.000000
0.999973 0.007303 0.000000 240.874699 -0.007303 0.999973 0.000000 5.404870 0.000000 0.000000 1.000000 0.000000
0.999974 0.007268 0.000000 240.866239 -0.007268 0.999974 0.000000 5.385511 0.000000 0.000000 1.000000 0.000000
0.999979 0.006482 0.000000 240.884554 -0.006482 0.999979 0.000000 5.370711 0.000000 0.000000 1.000000 0.000000
0.999979 0.006534 0.000000 240.846881 -0.006534 0.999979 0.000000 5.406963 0.000000 0.000000 1.000000 0.000000
0.999974 0.007196 0.000000 240.887739 -0.007196 0.999974 0.000000 5.378737 0.000000 0.000000 1.000000 0.000000
0.999976 0.006912 0.000000 240.855837 -0.006912 0.999976 0.000000 5.420308 0.000000 0.000000 1.000000 0.000000
0.999978 0.006667 0.000000 240.906951 -0.006667 0.999978 0.000000 5.345207 0.000000 0.000000 1.000000 0.000000
0.999977 0.006740 0.000000 240.856417 -0.006740 0.999977 0.000000 5.382994 0.000000 0.000000 1.000000 0.000000
0.999979 0.006409 0.000000 240.884395 -0.006409 0.999979 0.000000 5.344916 0.000000 0.000000 1.000000 0.000000
0.999972 0.007507 0.000000 240.843154 -0.007507 0.999972 0.000000 5.397460 0.000000 0.000000 1.000000 0.000000
0.999970 0.007688 0.000000 240.859850 -0.007688 0.999970 0.000000 5.408923 0.000000 0.000000 1.000000 0.000000
0.999976 0.006861 0.000000 240.886666 -0.006861 0.999976 0.000000 5.338107 0.000000 0.000000 1.000000 0.000000
0.999975 0.007063 0.000000 240.902563 -0.007063 0.999975 0.000000 5.359462 0.000000 0.000000 1.000000 0.000000
0.999973 0.007355 0.000000 240.846326 -0.007355 0.999973 0.000000 5.388046 0.000000 0.000000 1.000000 0.000000
0.999978 0.006621 0.000000 240.885284 -0.006621 0.999978 0.000000 5.369027 0.000000 0.000000 1.000000 0.000000
0.999976 0.006872 0.000000 240.860893 -0.006872 0.999976 0.000000 5.375815 0.000000 0.000000 1.000000 0.000000
0.999970 0.007732 0.000000 240.867898 -0.007732 0.999970 0.000000 5.422338 0.000000 0.000000 1.000000 0.000000
0.999976 0.006944 0.000000 240.868663 -0.006944 0.999976 0.000000 5.376991 0.000000 0.000000 1.000000 0.000000
0.999977 0.006763 0.000000 240.874172 -0.006763 0.999977 0.000000 5.380481 0.000000 0.000000 1.000000 0.000000
0.999969 0.007866 0.000000 240.870159 -0.007866 0.999969 0.000000 5.414684 0.000000 0.000000 1.000000 0.000000
0.999973 0.007395 0.000000 240.877222 -0.007395 0.999973 0.000000 5.392978 0.000000 0.000000 1.000000 0.000000
0.999975 0.007066 0.000000 240.895442 -0.007066 0.999975 0.000000 5.385170 0.000000 0.000000 1.000000 0.000000
0.999975 0.007094 0.000000 240.907387 -0.007094 0.999975 0.000000 5.381064 0.000000 0.000000 1.000000 0.000000
0.999972 0.007541 0.000000 240.875703 -0.007541 0.999972 0.000000 5.405094 0.000000 0.000000 1.000000 0.000000
0.999971 0.007607 0.000000 240.852934 -0.007607 0.999971 0.000000 5.421418 0.000000 0.000000 1.000000 0.000000
0.999971 0.007643 0.000000 240.843908 -0.007643 0.999971 0.000000 5.402841 0.000000 0.000000 1.000000 0.000000
0.999973 0.007294 0.000000 240.867909 -0.007294 0.999973 0.000000 5.389584 0.000000 0.000000 1.000000 0.000000
0.999978 0.006669 0.000000 240.886452 -0.006669 0.999978 0.000000 5.376477 0.000000 0.000000 1.000000 0.000000
0.999972 0.007524 0.000000 240.899355 -0.007524 0.999972 0.000000 5.387507 0.000000 0.000000 1.000000 0.000000
0.999978 0.006619 0.000000 240.884967 -0.006619 0.999978 0.000000 5.361898 0.000000 0.000000 1.000000 0.000000
0.999971 0.007588 0.000000 240.879265 -0.007588 0.999971 0.000000 5.394412 0.000000 0.000000 1.000000 0.000000
0.999977 0.006837 0.000000 240.880017 -0.006837 0.999977 0.000000 5.363505 0.000000 0.000000 1.000000 0.000000
0.999981 0.006217 0.000000 240.865982 -0.006217 0.999981 0.000000 5.395242 0.000000 0.000000 1.000000 0.000000
0.999973 0.007375 0.000000 240.913573 -0.007375 0.999973 0.000000 5.387346 0.000000 0.000000 1.000000 0.000000
0.999972 0.007429 0.000000 240.999035 -0.007429 0.999972 0.000000 5.418909 0.000000 0.000000 1.000000 0.000000
0.999976 0.006917 0.000000 241.173302 -0.006917 0.999976 0.000000 5.355924 0.000000 0.000000 1.000000 0.000000
0.999974 0.007270 0.000000 241.370121 -0.007270 0.999974 0.000000 5.371412 0.000000 0.000000 1.000000 0.000000
0.999973 0.007295 0.000000 241.665496 -0.007295 0.999973 0.000000 5.382022 0.000000 0.000000 1.000000 0.000000
0.999971 0.007569 0.000000 242.019902 -0.007569 0.999971 0.000000 5.404389 0.000000 0.000000 1.000000 0.000000
0.999972 0.007439 0.000000 242.394867 -0.007439 0.999972 0.000000 5.394596 0.000000 0.000000 1.000000 0.000000
0.999971 0.007671 0.000000 242.923760 -0.007671 0.999971 0.000000 5.389951 0.000000 0.000000 1.000000 0.000000
0.999978 0.006666 0.000000 243.495287 -0.006666 0.999978 0.000000 5.360806 0.000000 0.000000 1.000000 0.000000
0.999973 0.007287 0.000000 244.182352 -0.007287 0.999973 0.000000 5.375859 0.000000 0.000000 1.000000 0.000000
0.999969 0.007903 0.000000 244.912263 -0.007903 0.999969 0.000000 5.317705 0.000000 0.000000 1.000000 0.000000
