1.000000 0.000000 0.000000 0.000000 0.000000 1.000000 0.000000 0.000000 0.000000 0.000000 1.000000 0.000000
1.000000 0.000040 0.000000 0.005948 -0.000040 1.000000 0.000000 -0.006495 0.000000 0.000000 1.000000 0.000000
1.000000 0.000090 0.000000 0.005821 -0.000090 1.000000 0.000000 -0.005069 0.000000 0.000000 1.000000 0.000000
1.000000 0.000096 0.000000 0.005248 -0.000096 1.000000 0.000000 -0.002998 0.000000 0.000000 1.000000 0.000000
1.000000 0.000034 0.000000 0.010223 -0.000034 1.000000 0.000000 0.000427 0.000000 0.000000 1.000000 0.000000
1.000000 0.000025 0.000000 0.011110 -0.000025 1.000000 0.000000 -0.006575 0.000000 0.000000 1.000000 0.000000
1.000000 0.000109 0.000000 0.004198 -0.000109 1.000000 0.000000 -0.002898 0.000000 0.000000 1.000000 0.000000
1.000000 0.000159 0.000000 0.011247 -0.000159 1.000000 0.000000 0.001686 0.000000 0.000000 1.000000 0.000000
1.000000 0.000084 0.000000 0.010181 -0.000084 1.000000 0.000000 -0.006238 0.000000 0.000000 1.000000 0.000000
1.000000 0.000307 0.000000 0.003903 -0.000307 1.000000 0.000000 -0.004276 0.000000 0.000000 1.000000 0.000000
1.000000 0.000178 0.000000 0.002621 -0.000178 1.000000 0.000000 -0.003094 0.000000 0.000000 1.000000 0.000000
1.000000 -0.000113 0.000000 0.007523 0.000113 1.000000 0.000000 -0.002655 0.000000 0.000000 1.000000 0.000000
1.000000 0.000067 0.000000 0.004225 -0.000067 1.000000 0.000000 -0.000326 0.000000 0.000000 1.000000 0.000000
1.000000 0.000084 0.000000 -0.001268 -0.000084 1.000000 0.000000 -0.005285 0.000000 0.000000 1.000000 0.000000
1.000000 0.000119 0.000000 0.006916 -0.000119 1.000000 0.000000 -0.001367 0.000000 0.000000 1.000000 0.000000
1.000000 0.000139 0.000000 -0.003248 -0.000139 1.000000 0.000000 0.002480 0.000000 0.000000 1.000000 0.000000
1.000000 0.000100 0.000000 0.007175 -0.000100 1.000000 0.000000 0.001350 0.000000 0.000000 1.000000 0.000000
1.000000 0.000043 0.000000 0.004030 -0.000043 1.000000 0.000000 0.000577 0.000000 0.000000 1.000000 0.000000
1.000000 -0.000017 0.000000 0.002926 0.000017 1.000000 0.000000 0.003082 0.000000 0.000000 1.000000 0.000000
1.000000 0.000117 0.000000 0.004174 -0.000117 1.000000 0.000000 0.003181 0.000000 0.000000 1.000000 0.000000
1.000000 0.000098 0.000000 -0.004814 -0.000098 1.000000 0.000000 -0.003943 0.000000 0.000000 1.000000 0.000000
1.000000 0.000198 0.000000 0.005631 -0.000198 1.000000 0.000000 -0.000912 0.000000 0.000000 1.000000 0.000000
1.000000 0.000241 0.000000 -0.003225 -0.000241 1.000000 0.000000 -0.003469 0.000000 0.000000 1.000000 0.000000
1.000000 0.000061 0.000000 0.002127 -0.000061 1.000000 0.000000 -0.003927 0.000000 0.000000 1.000000 0.000000
1.000000 0.000152 0.000000 -0.003063 -0.000152 1.000000 0.000000 -0.005406 0.000000 0.000000 1.000000 0.000000
1.000000 0.000175 0.000000 0.007788 -0.000175 1.000000 0.000000 -0.004999 0.000000 0.000000 1.000000 0.000000
1.000000 0.000024 0.000000 0.004219 -0.000024 1.000000 0.000000 0.000274 0.000000 0.000000 1.000000 0.000000
1.000000 0.000070 0.000000 0.003042 -0.000070 1.000000 0.000000 -0.000174 0.000000 0.000000 1.000000 0.000000
1.000000 0.000161 0.000000 0.010016 -0.000161 1.000000 0.000000 0.002935 0.000000 0.000000 1.000000 0.000000
1.000000 0.000122 0.000000 0.004637 -0.000122 1.000000 0.000000 0.001429 0.000000 0.000000 1.000000 0.000000
1.000000 0.000062 0.000000 0.017966 -0.000062 1.000000 0.000000 0.000355 0.000000 0.000000 1.000000 0.000000
1.000000 -0.000037 0.000000 0.046019 0.000037 1.000000 0.000000 0.008317 0.000000 0.000000 1.000000 0.000000
1.000000 0.000077 0.000000 0.101469 -0.000077 1.000000 0.000000 0.010115 0.000000 0.000000 1.000000 0.000000
1.000000 0.000316 0.000000 0.149704 -0.000316 1.000000 0.000000 0.000522 0.000000 0.000000 1.000000 0.000000
1.000000 -0.000196 0.000000 0.237299 0.000196 1.000000 0.000000 0.012223 0.000000 0.000000 1.000000 0.000000
1.000000 -0.000497 0.000000 0.323795 0.000497 1.000000 0.000000 0.010656 0.000000 0.000000 1.000000 0.000000
1.000000 -0.000432 0.000000 0.503962 0.000432 1.000000 0.000000 0.013460 0.000000 0.000000 1.000000 0.000000
1.000000 -0.000315 0.000000 0.611840 0.000315 1.000000 0.000000 0.022524 0.000000 0.000000 1.000000 0.000000
1.000000 -0.000498 0.000000 0.717148 0.000498 1.000000 0.000000 0.009837 0.000000 0.000000 1.000000 0.000000
1.000000 -0.000962 0.000000 0.988728 0.000962 1.000000 0.000000 0.004537 0.000000 0.000000 1.000000 0.000000
1.000000 -0.000822 0.000000 1.214844 0.000822 1.000000 0.000000 0.025121 0.000000 0.000000 1.000000 0.000000
1.000000 -0.000707 0.000000 1.742859 0.000707 1.000000 0.000000 0.020282 0.000000 0.000000 1.000000 0.000000
1.000000 -0.000271 0.000000 1.922283 0.000271 1.000000 0.000000 0.005916 0.000000 0.000000 1.000000 0.000000
1.000000 -0.000025 0.000000 2.194894 0.000025 1.000000 0.000000 0.018338 0.000000 0.000000 1.000000 0.000000
1.000000 -0.000117 0.000000 2.455786 0.000117 1.000000 0.000000 0.050453 0.000000 0.000000 1.000000 0.000000
1.000000 0.000182 0.000000 2.789266 -0.000182 1.000000 0.000000 0.049314 0.000000 0.000000 1.000000 0.000000
1.000000 0.000131 0.000000 3.263435 -0.000131 1.000000 0.000000 0.024362 0.000000 0.000000 1.000000 0.000000
1.000000 0.000441 0.000000 3.516749 -0.000441 1.000000 0.000000 0.037255 0.000000 0.000000 1.000000 0.000000
0.999999 0.001229 0.000000 3.774028 -0.001229 0.999999 0.000000 0.054501 0.000000 0.000000 1.000000 0.000000
0.999998 0.001967 0.000000 4.100698 -0.001967 0.999998 0.000000 0.044375 0.000000 0.000000 1.000000 0.000000
0.999999 0.001333 0.000000 4.525549 -0.001333 0.999999 0.000000 0.074984 0.000000 0.000000 1.000000 0.000000
0.999997 0.002334 0.000000 5.487285 -0.002334 0.999997 0.000000 0.109489 0.000000 0.000000 1.000000 0.000000
0.999995 0.003056 0.000000 5.774813 -0.003056 0.999995 0.000000 0.127648 0.000000 0.000000 1.000000 0.000000
0.999993 0.003647 0.000000 5.959557 -0.003647 0.999993 0.000000 0.116134 0.000000 0.000000 1.000000 0.000000
0.999968 0.008058 0.000000 6.279794 -0.008058 0.999968 0.000000 0.106964 0.000000 0.000000 1.000000 0.000000
0.999698 0.024570 0.000000 6.956975 -0.024570 0.999698 0.000000 0.138844 0.000000 0.000000 1.000000 0.000000
0.999379 0.035250 0.000000 7.785018 -0.035250 0.999379 0.000000 0.144761 0.000000 0.000000 1.000000 0.000000
0.999317 0.036949 0.000000 8.011492 -0.036949 0.999317 0.000000 0.156907 0.000000 0.000000 1.000000 0.000000
0.999252 0.038678 0.000000 8.234252 -0.038678 0.999252 0.000000 0.139894 0.000000 0.000000 1.000000 0.000000
0.999251 0.038690 0.000000 8.494429 -0.038690 0.999251 0.000000 0.136172 0.000000 0.000000 1.000000 0.000000
0.999313 0.037049 0.000000 8.883954 -0.037049 0.999313 0.000000 0.197766 0.000000 0.000000 1.000000 0.000000
0.999366 0.035617 0.000000 10.238284 -0.035617 0.999366 0.000000 0.214605 0.000000 0.000000 1.000000 0.000000
0.999438 0.033525 0.000000 10.495791 -0.033525 0.999438 0.000000 0.248672 0.000000 0.000000 1.000000 0.000000
0.999539 0.030371 0.000000 10.571442 -0.030371 0.999539 0.000000 0.242700 0.000000 0.000000 1.000000 0.000000
0.999655 0.026261 0.000000 10.797589 -0.026261 0.999655 0.000000 0.244244 0.000000 0.000000 1.000000 0.000000
0.999757 0.022063 0.000000 11.032926 -0.022063 0.999757 0.000000 0.167605 0.000000 0.000000 1.000000 0.000000
0.999841 0.017808 0.000000 11.340282 -0.017808 0.999841 0.000000 0.245702 0.000000 0.000000 1.000000 0.000000
0.999930 0.011830 0.000000 13.000505 -0.011830 0.999930 0.000000 0.316279 0.000000 0.000000 1.000000 0.000000
0.999948 0.010217 0.000000 13.290660 -0.010217 0.999948 0.000000 0.339441 0.000000 0.000000 1.000000 0.000000
0.999964 0.008434 0.000000 13.286785 -0.008434 0.999964 0.000000 0.313385 0.000000 0.000000 1.000000 0.000000
0.999983 0.005855 0.000000 13.667161 -0.005855 0.999983 0.000000 0.315785 0.000000 0.000000 1.000000 0.000000
0.999997 -0.002279 0.000000 14.008846 0.002279 0.999997 0.000000 0.342419 0.000000 0.000000 1.000000 0.000000
0.999964 -0.008436 0.000000 14.638712 0.008436 0.999964 0.000000 0.358227 0.000000 0.000000 1.000000 0.000000
0.999953 -0.009740 0.000000 14.845636 0.009740 0.999953 0.000000 0.401451 0.000000 0.000000 1.000000 0.000000
0.999923 -0.012441 0.000000 14.946415 0.012441 0.999923 0.000000 0.341011 0.000000 0.000000 1.000000 0.000000
0.999896 -0.014426 0.000000 15.194216 0.014426 0.999896 0.000000 0.373878 0.000000 0.000000 1.000000 0.000000
0.999884 -0.015214 0.000000 15.655566 0.015214 0.999884 0.000000 0.410009 0.000000 0.000000 1.000000 0.000000
0.999754 -0.022189 0.000000 16.836504 0.022189 0.999754 0.000000 0.467355 0.000000 0.000000 1.000000 0.000000
0.999736 -0.022959 0.000000 17.078001 0.022959 0.999736 0.000000 0.525488 0.000000 0.000000 1.000000 0.000000
0.999709 -0.024141 0.000000 17.137832 0.024141 0.999709 0.000000 0.519545 0.000000 0.000000 1.000000 0.000000
0.999688 -0.024965 0.000000 17.397859 0.024965 0.999688 0.000000 0.534769 0.000000 0.000000 1.000000 0.000000
0.999688 -0.024996 0.000000 17.820798 0.024996 0.999688 0.000000 0.549569 0.000000 0.000000 1.000000 0.000000
0.999711 -0.024033 0.000000 18.821790 0.024033 0.999711 0.000000 0.664477 0.000000 0.000000 1.000000 0.000000
0.999692 -0.024832 0.000000 19.035356 0.024832 0.999692 0.000000 0.660964 0.000000 0.000000 1.000000 0.000000
0.999694 -0.024744 0.000000 19.264271 0.024744 0.999694 0.000000 0.667545 0.000000 0.000000 1.000000 0.000000
0.999680 -0.025301 0.000000 19.570976 0.025301 0.999680 0.000000 0.729815 0.000000 0.000000 1.000000 0.000000
0.999664 -0.025908 0.000000 19.888412 0.025908 0.999664 0.000000 0.696011 0.000000 0.000000 1.000000 0.000000
0.999657 -0.026178 0.000000 20.960946 0.026178 0.999657 0.000000 0.818051 0.000000 0.000000 1.000000 0.000000
0.999648 -0.026521 0.000000 21.169684 0.026521 0.999648 0.000000 0.844211 0.000000 0.000000 1.000000 0.000000
0.999617 -0.027691 0.000000 21.364405 0.027691 0.999617 0.000000 0.824182 0.000000 0.000000 1.000000 0.000000
0.999592 -0.028562 0.000000 21.616005 0.028562 0.999592 0.000000 0.852706 0.000000 0.000000 1.000000 0.000000
0.999566 -0.029443 0.000000 21.720505 0.029443 0.999566 0.000000 0.884988 0.000000 0.000000 1.000000 0.000000
0.999534 -0.030533 0.000000 22.020847 0.030533 0.999534 0.000000 0.973998 0.000000 0.000000 1.000000 0.000000
0.999509 -0.031336 0.000000 23.401565 0.031336 0.999509 0.000000 1.029689 0.000000 0.000000 1.000000 0.000000
0.999492 -0.031872 0.000000 23.637346 0.031872 0.999492 0.000000 1.069602 0.000000 0.000000 1.000000 0.000000
0.999474 -0.032439 0.000000 23.804668 0.032439 0.999474 0.000000 1.071530 0.000000 0.000000 1.000000 0.000000
0.999442 -0.033410 0.000000 23.950668 0.033410 0.999442 0.000000 1.086065 0.000000 0.000000 1.000000 0.000000
0.999410 -0.034334 0.000000 24.243342 0.034334 0.999410 0.000000 1.088299 0.000000 0.000000 1.000000 0.000000
0.999286 -0.037787 0.000000 25.107422 0.037787 0.999286 0.000000 1.173671 0.000000 0.000000 1.000000 0.000000
0.999278 -0.038006 0.000000 25.282988 0.038006 0.999278 0.000000 1.216953 0.000000 0.000000 1.000000 0.000000
0.999221 -0.039461 0.000000 25.467505 0.039461 0.999221 0.000000 1.230458 0.000000 0.000000 1.000000 0.000000
0.999237 -0.039061 0.000000 25.660630 0.039061 0.999237 0.000000 1.268611 0.000000 0.000000 1.000000 0.000000
0.999263 -0.038395 0.000000 25.994322 0.038395 0.999263 0.000000 1.263220 0.000000 0.000000 1.000000 0.000000
0.999279 -0.037972 0.000000 26.569463 0.037972 0.999279 0.000000 1.303418 0.000000 0.000000 1.000000 0.000000
0.999287 -0.037761 0.000000 27.420512 0.037761 0.999287 0.000000 1.397576 0.000000 0.000000 1.000000 0.000000
0.999326 -0.036717 0.000000 27.634398 0.036717 0.999326 0.000000 1.419794 0.000000 0.000000 1.000000 0.000000
0.999338 -0.036370 0.000000 27.738783 0.036370 0.999338 0.000000 1.434484 0.000000 0.000000 1.000000 0.000000
0.999351 -0.036013 0.000000 27.926619 0.036013 0.999351 0.000000 1.413736 0.000000 0.000000 1.000000 0.000000
0.999391 -0.034889 0.000000 28.075088 0.034889 0.999391 0.000000 1.389428 0.000000 0.000000 1.000000 0.000000
0.999413 -0.034264 0.000000 28.133315 0.034264 0.999413 0.000000 1.404316 0.000000 0.000000 1.000000 0.000000
0.999463 -0.032766 0.000000 28.129799 0.032766 0.999463 0.000000 1.364198 0.000000 0.000000 1.000000 0.000000
0.999627 -0.027322 0.000000 28.272369 0.027322 0.999627 0.000000 1.422715 0.000000 0.000000 1.000000 0.000000
0.999721 -0.023613 0.000000 29.966253 0.023613 0.999721 0.000000 1.572277 0.000000 0.000000 1.000000 0.000000
0.999742 -0.022710 0.000000 30.119288 0.022710 0.999742 0.000000 1.583791 0.000000 0.000000 1.000000 0.000000
0.999757 -0.022049 0.000000 30.244393 0.022049 0.999757 0.000000 1.592001 0.000000 0.000000 1.000000 0.000000
0.999788 -0.020604 0.000000 30.442326 0.020604 0.999788 0.000000 1.584933 0.000000 0.000000 1.000000 0.000000
0.999793 -0.020336 0.000000 30.562004 0.020336 0.999793 0.000000 1.587720 0.000000 0.000000 1.000000 0.000000
0.999790 -0.020513 0.000000 30.660276 0.020513 0.999790 0.000000 1.605552 0.000000 0.000000 1.000000 0.000000
0.999779 -0.021046 0.000000 30.798043 0.021046 0.999779 0.000000 1.611501 0.000000 0.000000 1.000000 0.000000
0.999798 -0.020088 0.000000 30.942763 0.020088 0.999798 0.000000 1.644906 0.000000 0.000000 1.000000 0.000000
0.999838 -0.017995 0.000000 32.542420 0.017995 0.999838 0.000000 1.663053 0.000000 0.000000 1.000000 0.000000
0.999847 -0.017479 0.000000 32.690113 0.017479 0.999847 0.000000 1.689792 0.000000 0.000000 1.000000 0.000000
0.999859 -0.016805 0.000000 32.844928 0.016805 0.999859 0.000000 1.684945 0.000000 0.000000 1.000000 0.000000
0.999879 -0.015578 0.000000 32.933281 0.015578 0.999879 0.000000 1.672270 0.000000 0.000000 1.000000 0.000000
0.999887 -0.015006 0.000000 33.068373 0.015006 0.999887 0.000000 1.652126 0.000000 0.000000 1.000000 0.000000
0.999901 -0.014083 0.000000 33.290297 0.014083 0.999901 0.000000 1.638744 0.000000 0.000000 1.000000 0.000000
0.999911 -0.013339 0.000000 34.639584 0.013339 0.999911 0.000000 1.722279 0.000000 0.000000 1.000000 0.000000
0.999928 -0.012030 0.000000 34.830610 0.012030 0.999928 0.000000 1.703081 0.000000 0.000000 1.000000 0.000000
0.999936 -0.011295 0.000000 34.985462 0.011295 0.999936 0.000000 1.696729 0.000000 0.000000 1.000000 0.000000
0.999955 -0.009521 0.000000 35.038224 0.009521 0.999955 0.000000 1.689178 0.000000 0.000000 1.000000 0.000000
0.999962 -0.008680 0.000000 35.121351 0.008680 0.999962 0.000000 1.668223 0.000000 0.000000 1.000000 0.000000
0.999970 -0.007801 0.000000 35.262958 0.007801 0.999970 0.000000 1.653584 0.000000 0.000000 1.000000 0.000000
0.999967 -0.008136 0.000000 35.793879 0.008136 0.999967 0.000000 1.650198 0.000000 0.000000 1.000000 0.000000
0.999981 -0.006201 0.000000 37.099405 0.006201 0.999981 0.000000 1.746347 0.000000 0.000000 1.000000 0.000000
0.999986 -0.005276 0.000000 37.285888 0.005276 0.999986 0.000000 1.738856 0.000000 0.000000 1.000000 0.000000
0.999990 -0.004515 0.000000 37.333409 0.004515 0.999990 0.000000 1.709389 0.000000 0.000000 1.000000 0.000000
0.999987 -0.005084 0.000000 37.479218 0.005084 0.999987 0.000000 1.683941 0.000000 0.000000 1.000000 0.000000
0.999985 -0.005549 0.000000 37.634695 0.005549 0.999985 0.000000 1.705159 0.000000 0.000000 1.000000 0.000000
0.999986 -0.005284 0.000000 37.881383 0.005284 0.999986 0.000000 1.688090 0.000000 0.000000 1.000000 0.000000
0.999984 -0.005673 0.000000 38.164117 0.005673 0.999984 0.000000 1.689744 0.000000 0.000000 1.000000 0.000000
0.999991 -0.004346 0.000000 39.624216 0.004346 0.999991 0.000000 1.843706 0.000000 0.000000 1.000000 0.000000
0.999990 -0.004376 0.000000 39.766930 0.004376 0.999990 0.000000 1.846352 0.000000 0.000000 1.000000 0.000000
0.999989 -0.004775 0.000000 39.925856 0.004775 0.999989 0.000000 1.841567 0.000000 0.000000 1.000000 0.000000
0.999988 -0.004805 0.000000 40.127489 0.004805 0.999988 0.000000 1.833392 0.000000 0.000000 1.000000 0.000000
0.999986 -0.005228 0.000000 40.234309 0.005228 0.999986 0.000000 1.834244 0.000000 0.000000 1.000000 0.000000
0.999983 -0.005898 0.000000 40.294336 0.005898 0.999983 0.000000 1.815932 0.000000 0.000000 1.000000 0.000000
0.999985 -0.005403 0.000000 40.327089 0.005403 0.999985 0.000000 1.823722 0.000000 0.000000 1.000000 0.000000
0.999964 -0.008534 0.000000 39.965656 0.008534 0.999964 0.000000 1.793750 0.000000 0.000000 1.000000 0.000000
0.999919 -0.012691 0.000000 39.928456 0.012691 0.999919 0.000000 1.735787 0.000000 0.000000 1.000000 0.000000
0.999885 -0.015169 0.000000 39.791440 0.015169 0.999885 0.000000 1.739460 0.000000 0.000000 1.000000 0.000000
0.999858 -0.016846 0.000000 39.775764 0.016846 0.999858 0.000000 1.725795 0.000000 0.000000 1.000000 0.000000
0.999862 -0.016633 0.000000 39.747206 0.016633 0.999862 0.000000 1.710326 0.000000 0.000000 1.000000 0.000000
0.999841 -0.017814 0.000000 39.861260 0.017814 0.999841 0.000000 1.703632 0.000000 0.000000 1.000000 0.000000
0.999826 -0.018658 0.000000 39.889874 0.018658 0.999826 0.000000 1.668922 0.000000 0.000000 1.000000 0.000000
0.999815 -0.019258 0.000000 39.780063 0.019258 0.999815 0.000000 1.612760 0.000000 0.000000 1.000000 0.000000
0.999809 -0.019557 0.000000 39.720694 0.019557 0.999809 0.000000 1.616944 0.000000 0.000000 1.000000 0.000000
0.999785 -0.020738 0.000000 39.743332 0.020738 0.999785 0.000000 1.608663 0.000000 0.000000 1.000000 0.000000
0.999804 -0.019784 0.000000 39.701190 0.019784 0.999804 0.000000 1.649889 0.000000 0.000000 1.000000 0.000000
0.999812 -0.019391 0.000000 39.681163 0.019391 0.999812 0.000000 1.620095 0.000000 0.000000 1.000000 0.000000
0.999814 -0.019292 0.000000 39.666868 0.019292 0.999814 0.000000 1.627904 0.000000 0.000000 1.000000 0.000000
0.999767 -0.021566 0.000000 39.680311 0.021566 0.999767 0.000000 1.623617 0.000000 0.000000 1.000000 0.000000
0.999758 -0.021982 0.000000 39.662692 0.021982 0.999758 0.000000 1.633524 0.000000 0.000000 1.000000 0.000000
0.999767 -0.021578 0.000000 39.489676 0.021578 0.999767 0.000000 1.638840 0.000000 0.000000 1.000000 0.000000
0.999746 -0.022516 0.000000 39.647704 0.022516 0.999746 0.000000 1.655770 0.000000 0.000000 1.000000 0.000000
0.999726 -0.023420 0.000000 39.733115 0.023420 0.999726 0.000000 1.672847 0.000000 0.000000 1.000000 0.000000
0.999739 -0.022844 0.000000 39.688970 0.022844 0.999739 0.000000 1.673954 0.000000 0.000000 1.000000 0.000000
0.999686 -0.025042 0.000000 39.617456 0.025042 0.999686 0.000000 1.695907 0.000000 0.000000 1.000000 0.000000
0.999669 -0.025730 0.000000 39.633819 0.025730 0.999669 0.000000 1.695879 0.000000 0.000000 1.000000 0.000000
0.999573 -0.029209 0.000000 39.678271 0.029209 0.999573 0.000000 1.669392 0.000000 0.000000 1.000000 0.000000
0.999383 -0.035128 0.000000 39.560541 0.035128 0.999383 0.000000 1.626088 0.000000 0.000000 1.000000 0.000000
0.999238 -0.039024 0.000000 39.451840 0.039024 0.999238 0.000000 1.605503 0.000000 0.000000 1.000000 0.000000
0.999331 -0.036568 0.000000 39.649840 0.036568 0.999331 0.000000 1.641130 0.000000 0.000000 1.000000 0.000000
0.999380 -0.035204 0.000000 39.652168 0.035204 0.999380 0.000000 1.639387 0.000000 0.000000 1.000000 0.000000
0.999320 -0.036862 0.000000 39.497108 0.036862 0.999320 0.000000 1.674233 0.000000 0.000000 1.000000 0.000000
0.999303 -0.037321 0.000000 39.629661 0.037321 0.999303 0.000000 1.709465 0.000000 0.000000 1.000000 0.000000
0.999400 -0.034625 0.000000 39.691364 0.034625 0.999400 0.000000 1.739904 0.000000 0.000000 1.000000 0.000000
0.999521 -0.030942 0.000000 39.733259 0.030942 0.999521 0.000000 1.716400 0.000000 0.000000 1.000000 0.000000
0.999582 -0.028928 0.000000 39.697420 0.028928 0.999582 0.000000 1.730355 0.000000 0.000000 1.000000 0.000000
0.999576 -0.029116 0.000000 39.693355 0.029116 0.999576 0.000000 1.709607 0.000000 0.000000 1.000000 0.000000
0.999531 -0.030632 0.000000 39.649953 0.030632 0.999531 0.000000 1.711111 0.000000 0.000000 1.000000 0.000000
0.999470 -0.032564 0.000000 39.525672 0.032564 0.999470 0.000000 1.705312 0.000000 0.000000 1.000000 0.000000
0.999334 -0.036482 0.000000 39.629291 0.036482 0.999334 0.000000 1.754489 0.000000 0.000000 1.000000 0.000000
0.999307 -0.037221 0.000000 39.578219 0.037221 0.999307 0.000000 1.730005 0.000000 0.000000 1.000000 0.000000
0.999323 -0.036791 0.000000 39.685626 0.036791 0.999323 0.000000 1.757175 0.000000 0.000000 1.000000 0.000000
0.999316 -0.036993 0.000000 39.665014 0.036993 0.999316 0.000000 1.724684 0.000000 0.000000 1.000000 0.000000
0.999255 -0.038592 0.000000 39.634371 0.038592 0.999255 0.000000 1.739075 0.000000 0.000000 1.000000 0.000000
0.999422 -0.033985 0.000000 39.725694 0.033985 0.999422 0.000000 1.714249 0.000000 0.000000 1.000000 0.000000
0.999386 -0.035024 0.000000 39.680512 0.035024 0.999386 0.000000 1.791946 0.000000 0.000000 1.000000 0.000000
0.999333 -0.036527 0.000000 39.747369 0.036527 0.999333 0.000000 1.751582 0.000000 0.000000 1.000000 0.000000
0.999316 -0.036971 0.000000 39.775994 0.036971 0.999316 0.000000 1.778872 0.000000 0.000000 1.000000 0.000000
0.999482 -0.032188 0.000000 39.752594 0.032188 0.999482 0.000000 1.737766 0.000000 0.000000 1.000000 0.000000
0.999609 -0.027947 0.000000 39.780660 0.027947 0.999609 0.000000 1.765920 0.000000 0.000000 1.000000 0.000000
0.999738 -0.022885 0.000000 39.561122 0.022885 0.999738 0.000000 1.750343 0.000000 0.000000 1.000000 0.000000
0.999754 -0.022193 0.000000 39.613204 0.022193 0.999754 0.000000 1.780726 0.000000 0.000000 1.000000 0.000000
0.999707 -0.024226 0.000000 39.638950 0.024226 0.999707 0.000000 1.719321 0.000000 0.000000 1.000000 0.000000
0.999773 -0.021317 0.000000 39.536266 0.021317 0.999773 0.000000 1.717199 0.000000 0.000000 1.000000 0.000000
0.999760 -0.021922 0.000000 39.644678 0.021922 0.999760 0.000000 1.709616 0.000000 0.000000 1.000000 0.000000
0.999675 -0.025497 0.000000 39.603988 0.025497 0.999675 0.000000 1.717942 0.000000 0.000000 1.000000 0.000000
0.999707 -0.024221 0.000000 39.552960 0.024221 0.999707 0.000000 1.710339 0.000000 0.000000 1.000000 0.000000
0.999731 -0.023188 0.000000 39.540900 0.023188 0.999731 0.000000 1.743674 0.000000 0.000000 1.000000 0.000000
0.999794 -0.020318 0.000000 39.543619 0.020318 0.999794 0.000000 1.648131 0.000000 0.000000 1.000000 0.000000
0.999772 -0.021357 0.000000 39.410815 0.021357 0.999772 0.000000 1.693238 0.000000 0.000000 1.000000 0.000000
0.999796 -0.020209 0.000000 39.517132 0.020209 0.999796 0.000000 1.698431 0.000000 0.000000 1.000000 0.000000
0.999782 -0.020900 0.000000 39.586376 0.020900 0.999782 0.000000 1.677937 0.000000 0.000000 1.000000 0.000000
0.999758 -0.022006 0.000000 39.734441 0.022006 0.999758 0.000000 1.733243 0.000000 0.000000 1.000000 0.000000
0.999780 -0.020961 0.000000 39.764581 0.020961 0.999780 0.000000 1.685727 0.000000 0.000000 1.000000 0.000000
0.999781 -0.020945 0.000000 39.781510 0.020945 0.999781 0.000000 1.719356 0.000000 0.000000 1.000000 0.000000
0.999799 -0.020028 0.000000 39.600732 0.020028 0.999799 0.000000 1.678955 0.000000 0.000000 1.000000 0.000000
0.999907 -0.013621 0.000000 39.593268 0.013621 0.999907 0.000000 1.672299 0.000000 0.000000 1.000000 0.000000
0.999896 -0.014446 0.000000 39.685275 0.014446 0.999896 0.000000 1.707018 0.000000 0.000000 1.000000 0.000000
0.999921 -0.012580 0.000000 39.783241 0.012580 0.999921 0.000000 1.697760 0.000000 0.000000 1.000000 0.000000
0.999914 -0.013150 0.000000 39.640480 0.013150 0.999914 0.000000 1.659772 0.000000 0.000000 1.000000 0.000000
0.999888 -0.014942 0.000000 39.761608 0.014942 0.999888 0.000000 1.701046 0.000000 0.000000 1.000000 0.000000
0.999838 -0.018020 0.000000 39.796821 0.018020 0.999838 0.000000 1.731610 0.000000 0.000000 1.000000 0.000000
0.999624 -0.027428 0.000000 39.770770 0.027428 0.999624 0.000000 1.772484 0.000000 0.000000 1.000000 0.000000
0.999907 -0.013657 0.000000 39.635286 0.013657 0.999907 0.000000 1.639503 0.000000 0.000000 1.000000 0.000000
0.999837 -0.018068 0.000000 39.606856 0.018068 0.999837 0.000000 1.728973 0.000000 0.000000 1.000000 0.000000
0.999879 -0.015542 0.000000 39.533735 0.015542 0.999879 0.000000 1.636555 0.000000 0.000000 1.000000 0.000000
0.999835 -0.018164 0.000000 39.653248 0.018164 0.999835 0.000000 1.692030 0.000000 0.000000 1.000000 0.000000
0.999918 -0.012823 0.000000 39.730944 0.012823 0.999918 0.000000 1.641601 0.000000 0.000000 1.000000 0.000000
0.999894 -0.014582 0.000000 39.637305 0.014582 0.999894 0.000000 1.680572 0.000000 0.000000 1.000000 0.000000
0.999879 -0.015534 0.000000 39.556713 0.015534 0.999879 0.000000 1.683736 0.000000 0.000000 1.000000 0.000000
0.999857 -0.016935 0.000000 39.733116 0.016935 0.999857 0.000000 1.689052 0.000000 0.000000 1.000000 0.000000
0.999819 -0.019029 0.000000 39.750590 0.019029 0.999819 0.000000 1.698999 0.000000 0.000000 1.000000 0.000000
0.999833 -0.018291 0.000000 39.689293 0.018291 0.999833 0.000000 1.689035 0.000000 0.000000 1.000000 0.000000
0.999715 -0.023858 0.000000 39.713269 0.023858 0.999715 0.000000 1.782294 0.000000 0.000000 1.000000 0.000000
0.999724 -0.023474 0.000000 39.551559 0.023474 0.999724 0.000000 1.702255 0.000000 0.000000 1.000000 0.000000
0.999741 -0.022777 0.000000 39.456707 0.022777 0.999741 0.000000 1.713493 0.000000 0.000000 1.000000 0.000000
0.999744 -0.022605 0.000000 39.535962 0.022605 0.999744 0.000000 1.720979 0.000000 0.000000 1.000000 0.000000
0.999872 -0.016013 0.000000 39.554900 0.016013 0.999872 0.000000 1.646243 0.000000 0.000000 1.000000 0.000000
0.999798 -0.020092 0.000000 39.517745 0.020092 0.999798 0.000000 1.709751 0.000000 0.000000 1.000000 0.000000
0.999891 -0.014743 0.000000 39.619795 0.014743 0.999891 0.000000 1.601239 0.000000 0.000000 1.000000 0.000000
0.999923 -0.012412 0.000000 39.575513 0.012412 0.999923 0.000000 1.635157 0.000000 0.000000 1.000000 0.000000
0.999957 -0.009315 0.000000 39.629490 0.009315 0.999957 0.000000 1.614868 0.000000 0.000000 1.000000 0.000000
0.999963 -0.008620 0.000000 39.659928 0.008620 0.999963 0.000000 1.606879 0.000000 0.000000 1.000000 0.000000
0.999976 -0.006975 0.000000 39.627244 0.006975 0.999976 0.000000 1.607561 0.000000 0.000000 1.000000 0.000000
0.999976 -0.006931 0.000000 39.677969 0.006931 0.999976 0.000000 1.593879 0.000000 0.000000 1.000000 0.000000
0.999985 -0.005448 0.000000 39.733874 0.005448 0.999985 0.000000 1.656433 0.000000 0.000000 1.000000 0.000000
0.999988 -0.004885 0.000000 39.731394 0.004885 0.999988 0.000000 1.720471 0.000000 0.000000 1.000000 0.000000
1.000000 0.000872 0.000000 39.720558 -0.000872 1.000000 0.000000 1.654277 0.000000 0.000000 1.000000 0.000000
1.000000 -0.000472 0.000000 39.675972 0.000472 1.000000 0.000000 1.709814 0.000000 0.000000 1.000000 0.000000
0.999999 -0.001492 0.000000 39.633649 0.001492 0.999999 0.000000 1.749093 0.000000 0.000000 1.000000 0.000000
1.000000 0.000511 0.000000 39.688744 -0.000511 1.000000 0.000000 1.723906 0.000000 0.000000 1.000000 0.000000
0.999998 0.001815 0.000000 39.752161 -0.001815 0.999998 0.000000 1.683724 0.000000 0.000000 1.000000 0.000000
0.999995 0.003113 0.000000 39.748733 -0.003113 0.999995 0.000000 1.763172 0.000000 0.000000 1.000000 0.000000
1.000000 0.000364 0.000000 39.741505 -0.000364 1.000000 0.000000 1.710343 0.000000 0.000000 1.000000 0.000000
0.999987 0.005006 0.000000 39.698088 -0.005006 0.999987 0.000000 1.754225 0.000000 0.000000 1.000000 0.000000
0.999956 0.009343 0.000000 39.639408 -0.009343 0.999956 0.000000 1.749914 0.000000 0.000000 1.000000 0.000000
0.999962 0.008726 0.000000 39.632105 -0.008726 0.999962 0.000000 1.698541 0.000000 0.000000 1.000000 0.000000
0.999878 0.015600 0.000000 39.686516 -0.015600 0.999878 0.000000 1.646092 0.000000 0.000000 1.000000 0.000000
0.999927 0.012076 0.000000 39.737391 -0.012076 0.999927 0.000000 1.655925 0.000000 0.000000 1.000000 0.000000
0.999876 0.015728 0.000000 39.663172 -0.015728 0.999876 0.000000 1.709490 0.000000 0.000000 1.000000 0.000000
0.999936 0.011346 0.000000 39.577781 -0.011346 0.999936 0.000000 1.738298 0.000000 0.000000 1.000000 0.000000
0.999873 0.015908 0.000000 39.692834 -0.015908 0.999873 0.000000 1.640526 0.000000 0.000000 1.000000 0.000000
0.999920 0.012678 0.000000 39.649743 -0.012678 0.999920 0.000000 1.712868 0.000000 0.000000 1.000000 0.000000
0.999916 0.012973 0.000000 39.605859 -0.012973 0.999916 0.000000 1.670769 0.000000 0.000000 1.000000 0.000000
0.999890 0.014856 0.000000 39.691139 -0.014856 0.999890 0.000000 1.708311 0.000000 0.000000 1.000000 0.000000
0.999874 0.015879 0.000000 39.707751 -0.015879 0.999874 0.000000 1.681201 0.000000 0.000000 1.000000 0.000000
0.999969 0.007851 0.000000 39.476670 -0.007851 0.999969 0.000000 1.733677 0.000000 0.000000 1.000000 0.000000
0.999974 0.007185 0.000000 39.483910 -0.007185 0.999974 0.000000 1.771723 0.000000 0.000000 1.000000 0.000000
0.999999 0.001297 0.000000 39.562913 -0.001297 0.999999 0.000000 1.807639 0.000000 0.000000 1.000000 0.000000
0.999995 -0.003182 0.000000 39.549990 0.003182 0.999995 0.000000 1.820559 0.000000 0.000000 1.000000 0.000000
1.000000 -0.000979 0.000000 39.473755 0.000979 1.000000 0.000000 1.794271 0.000000 0.000000 1.000000 0.000000
0.999787 0.020644 0.000000 39.530431 -0.020644 0.999787 0.000000 1.635876 0.000000 0.000000 1.000000 0.000000
0.999760 0.021889 0.000000 39.511979 -0.021889 0.999760 0.000000 1.512396 0.000000 0.000000 1.000000 0.000000
0.999804 0.019811 0.000000 39.488132 -0.019811 0.999804 0.000000 1.508626 0.000000 0.000000 1.000000 0.000000
0.999720 0.023658 0.000000 39.557696 -0.023658 0.999720 0.000000 1.577234 0.000000 0.000000 1.000000 0.000000
0.999746 0.022534 0.000000 39.605011 -0.022534 0.999746 0.000000 1.506569 0.000000 0.000000 1.000000 0.000000
0.999790 0.020483 0.000000 39.542052 -0.020483 0.999790 0.000000 1.521047 0.000000 0.000000 1.000000 0.000000
0.999909 0.013513 0.000000 39.463641 -0.013513 0.999909 0.000000 1.545904 0.000000 0.000000 1.000000 0.000000
0.999797 0.020134 0.000000 39.400963 -0.020134 0.999797 0.000000 1.463076 0.000000 0.000000 1.000000 0.000000
0.999825 0.018683 0.000000 39.524509 -0.018683 0.999825 0.000000 1.425391 0.000000 0.000000 1.000000 0.000000
0.999802 0.019917 0.000000 39.560616 -0.019917 0.999802 0.000000 1.372623 0.000000 0.000000 1.000000 0.000000
0.999707 0.024212 0.000000 39.656910 -0.024212 0.999707 0.000000 1.318592 0.000000 0.000000 1.000000 0.000000
0.999807 0.019649 0.000000 39.690474 -0.019649 0.999807 0.000000 1.386756 0.000000 0.000000 1.000000 0.000000
0.999909 0.013484 0.000000 39.623207 -0.013484 0.999909 0.000000 1.396649 0.000000 0.000000 1.000000 0.000000
0.999905 0.013814 0.000000 39.665307 -0.013814 0.999905 0.000000 1.423542 0.000000 0.000000 1.000000 0.000000
0.999943 0.010648 0.000000 39.612217 -0.010648 0.999943 0.000000 1.437414 0.000000 0.000000 1.000000 0.000000
0.999940 0.010915 0.000000 39.591315 -0.010915 0.999940 0.000000 1.420577 0.000000 0.000000 1.000000 0.000000
0.999841 0.017831 0.000000 39.576234 -0.017831 0.999841 0.000000 1.302739 0.000000 0.000000 1.000000 0.000000
0.999894 0.014533 0.000000 39.544070 -0.014533 0.999894 0.000000 1.322835 0.000000 0.000000 1.000000 0.000000
0.999985 0.005527 0.000000 39.497640 -0.005527 0.999985 0.000000 1.355593 0.000000 0.000000 1.000000 0.000000
0.999988 -0.004875 0.000000 39.663977 0.004875 0.999988 0.000000 1.450119 0.000000 0.000000 1.000000 0.000000
0.999976 0.006995 0.000000 39.637970 -0.006995 0.999976 0.000000 1.326756 0.000000 0.000000 1.000000 0.000000
0.999943 0.010720 0.000000 39.731177 -0.010720 0.999943 0.000000 1.300656 0.000000 0.000000 1.000000 0.000000
0.999978 0.006687 0.000000 39.793843 -0.006687 0.999978 0.000000 1.259703 0.000000 0.000000 1.000000 0.000000
0.999991 0.004161 0.000000 39.717076 -0.004161 0.999991 0.000000 1.292803 0.000000 0.000000 1.000000 0.000000
0.999991 0.004155 0.000000 39.517844 -0.004155 0.999991 0.000000 1.291706 0.000000 0.000000 1.000000 0.000000
1.000000 -0.000734 0.000000 39.497015 0.000734 1.000000 0.000000 1.365140 0.000000 0.000000 1.000000 0.000000
0.999976 0.006975 0.000000 39.380242 -0.006975 0.999976 0.000000 1.209213 0.000000 0.000000 1.000000 0.000000
0.999967 0.008088 0.000000 39.542867 -0.008088 0.999967 0.000000 1.295404 0.000000 0.000000 1.000000 0.000000
0.999950 0.009992 0.000000 39.561262 -0.009992 0.999950 0.000000 1.109520 0.000000 0.000000 1.000000 0.000000
0.999667 0.025790 0.000000 39.644327 -0.025790 0.999667 0.000000 0.922611 0.000000 0.000000 1.000000 0.000000
0.998615 0.052614 0.000000 39.718120 -0.052614 0.998615 0.000000 0.507851 0.000000 0.000000 1.000000 0.000000
0.997697 0.067830 0.000000 39.794844 -0.067830 0.997697 0.000000 0.100270 0.000000 0.000000 1.000000 0.000000
0.997687 0.067972 0.000000 39.974304 -0.067972 0.997687 0.000000 0.030449 0.000000 0.000000 1.000000 0.000000
0.997604 0.069190 0.000000 40.197628 -0.069190 0.997604 0.000000 -0.069562 0.000000 0.000000 1.000000 0.000000
0.997664 0.068319 0.000000 40.431211 -0.068319 0.997664 0.000000 -0.098024 0.000000 0.000000 1.000000 0.000000
0.997598 0.069270 0.000000 40.635872 -0.069270 0.997598 0.000000 -0.172253 0.000000 0.000000 1.000000 0.000000
0.997591 0.069377 0.000000 40.722338 -0.069377 0.997591 0.000000 -0.095965 0.000000 0.000000 1.000000 0.000000
0.997588 0.069409 0.000000 41.356178 -0.069409 0.997588 0.000000 -0.200728 0.000000 0.000000 1.000000 0.000000
0.997557 0.069856 0.000000 41.538092 -0.069856 0.997557 0.000000 -0.197787 0.000000 0.000000 1.000000 0.000000
0.997546 0.070019 0.000000 41.719944 -0.070019 0.997546 0.000000 -0.184272 0.000000 0.000000 1.000000 0.000000
0.997494 0.070747 0.000000 41.832075 -0.070747 0.997494 0.000000 -0.226409 0.000000 0.000000 1.000000 0.000000
0.997297 0.073478 0.000000 42.051338 -0.073478 0.997297 0.000000 -0.206338 0.000000 0.000000 1.000000 0.000000
0.996856 0.079237 0.000000 42.512918 -0.079237 0.996856 0.000000 -0.253573 0.000000 0.000000 1.000000 0.000000
0.996306 0.085869 0.000000 43.702249 -0.085869 0.996306 0.000000 -0.299641 0.000000 0.000000 1.000000 0.000000
0.995905 0.090401 0.000000 43.789470 -0.090401 0.995905 0.000000 -0.347637 0.000000 0.000000 1.000000 0.000000
0.994937 0.100498 0.000000 44.134207 -0.100498 0.994937 0.000000 -0.346885 0.000000 0.000000 1.000000 0.000000
0.994110 0.108378 0.000000 44.261846 -0.108378 0.994110 0.000000 -0.335986 0.000000 0.000000 1.000000 0.000000
0.993046 0.117725 0.000000 44.656869 -0.117725 0.993046 0.000000 -0.385866 0.000000 0.000000 1.000000 0.000000
0.992063 0.125742 0.000000 45.449884 -0.125742 0.992063 0.000000 -0.464684 0.000000 0.000000 1.000000 0.000000
0.990554 0.137126 0.000000 45.609420 -0.137126 0.990554 0.000000 -0.489931 0.000000 0.000000 1.000000 0.000000
0.989322 0.145748 0.000000 45.695514 -0.145748 0.989322 0.000000 -0.535712 0.000000 0.000000 1.000000 0.000000
0.987014 0.160637 0.000000 45.902150 -0.160637 0.987014 0.000000 -0.575754 0.000000 0.000000 1.000000 0.000000
0.984834 0.173499 0.000000 46.347027 -0.173499 0.984834 0.000000 -0.597460 0.000000 0.000000 1.000000 0.000000
0.981902 0.189391 0.000000 46.887756 -0.189391 0.981902 0.000000 -0.692583 0.000000 0.000000 1.000000 0.000000
0.978968 0.204012 0.000000 47.122320 -0.204012 0.978968 0.000000 -0.749405 0.000000 0.000000 1.000000 0.000000
0.975389 0.220489 0.000000 47.293184 -0.220489 0.975389 0.000000 -0.751174 0.000000 0.000000 1.000000 0.000000
0.971500 0.237038 0.000000 47.464320 -0.237038 0.971500 0.000000 -0.846032 0.000000 0.000000 1.000000 0.000000
0.965646 0.259862 0.000000 47.919401 -0.259862 0.965646 0.000000 -0.882809 0.000000 0.000000 1.000000 0.000000
0.960602 0.277929 0.000000 48.115039 -0.277929 0.960602 0.000000 -0.978892 0.000000 0.000000 1.000000 0.000000
0.954361 0.298654 0.000000 48.169857 -0.298654 0.954361 0.000000 -1.128428 0.000000 0.000000 1.000000 0.000000
0.946899 0.321532 0.000000 48.371611 -0.321532 0.946899 0.000000 -1.152143 0.000000 0.000000 1.000000 0.000000
0.938543 0.345162 0.000000 48.647004 -0.345162 0.938543 0.000000 -1.299046 0.000000 0.000000 1.000000 0.000000
0.929519 0.368774 0.000000 48.880598 -0.368774 0.929519 0.000000 -1.398901 0.000000 0.000000 1.000000 0.000000
0.920642 0.390408 0.000000 49.101188 -0.390408 0.920642 0.000000 -1.516753 0.000000 0.000000 1.000000 0.000000
0.911114 0.412154 0.000000 49.174771 -0.412154 0.911114 0.000000 -1.607318 0.000000 0.000000 1.000000 0.000000
0.901152 0.433503 0.000000 49.469442 -0.433503 0.901152 0.000000 -1.756890 0.000000 0.000000 1.000000 0.000000
0.888275 0.459312 0.000000 49.835114 -0.459312 0.888275 0.000000 -1.900137 0.000000 0.000000 1.000000 0.000000
0.875940 0.482419 0.000000 50.012010 -0.482419 0.875940 0.000000 -2.041951 0.000000 0.000000 1.000000 0.000000
0.863027 0.505158 0.000000 50.217964 -0.505158 0.863027 0.000000 -2.102898 0.000000 0.000000 1.000000 0.000000
0.849167 0.528125 0.000000 50.345943 -0.528125 0.849167 0.000000 -2.319678 0.000000 0.000000 1.000000 0.000000
0.834529 0.550964 0.000000 50.594530 -0.550964 0.834529 0.000000 -2.471226 0.000000 0.000000 1.000000 0.000000
0.821841 0.569718 0.000000 50.678778 -0.569718 0.821841 0.000000 -2.581968 0.000000 0.000000 1.000000 0.000000
0.808027 0.589145 0.000000 50.785274 -0.589145 0.808027 0.000000 -2.731305 0.000000 0.000000 1.000000 0.000000
0.793594 0.608447 0.000000 50.906927 -0.608447 0.793594 0.000000 -2.911122 0.000000 0.000000 1.000000 0.000000
0.774790 0.632218 0.000000 51.277729 -0.632218 0.774790 0.000000 -3.093835 0.000000 0.000000 1.000000 0.000000
0.756436 0.654068 0.000000 51.553909 -0.654068 0.756436 0.000000 -3.319688 0.000000 0.000000 1.000000 0.000000
0.735443 0.677587 0.000000 51.673279 -0.677587 0.735443 0.000000 -3.512784 0.000000 0.000000 1.000000 0.000000
0.711810 0.702372 0.000000 51.936576 -0.702372 0.711810 0.000000 -3.747903 0.000000 0.000000 1.000000 0.000000
0.683342 0.730098 0.000000 52.303395 -0.730098 0.683342 0.000000 -3.965067 0.000000 0.000000 1.000000 0.000000
0.654141 0.756372 0.000000 52.391959 -0.756372 0.654141 0.000000 -4.190532 0.000000 0.000000 1.000000 0.000000
0.619941 0.784649 0.000000 52.759824 -0.784649 0.619941 0.000000 -4.517044 0.000000 0.000000 1.000000 0.000000
0.582208 0.813040 0.000000 52.919127 -0.813040 0.582208 0.000000 -4.763854 0.000000 0.000000 1.000000 0.000000
0.546832 0.837242 0.000000 53.072017 -0.837242 0.546832 0.000000 -5.024938 0.000000 0.000000 1.000000 0.000000
0.508502 0.861061 0.000000 53.239084 -0.861061 0.508502 0.000000 -5.250459 0.000000 0.000000 1.000000 0.000000
0.469797 0.882775 0.000000 53.350131 -0.882775 0.469797 0.000000 -5.494354 0.000000 0.000000 1.000000 0.000000
0.431568 0.902080 0.000000 53.379619 -0.902080 0.431568 0.000000 -5.749545 0.000000 0.000000 1.000000 0.000000
0.394080 0.919076 0.000000 53.474242 -0.919076 0.394080 0.000000 -6.051312 0.000000 0.000000 1.000000 0.000000
0.355566 0.934651 0.000000 53.474732 -0.934651 0.355566 0.000000 -6.323955 0.000000 0.000000 1.000000 0.000000
0.315665 0.948871 0.000000 53.700820 -0.948871 0.315665 0.000000 -6.650885 0.000000 0.000000 1.000000 0.000000
0.276028 0.961150 0.000000 53.641313 -0.961150 0.276028 0.000000 -6.924620 0.000000 0.000000 1.000000 0.000000
0.239696 0.970848 0.000000 53.682905 -0.970848 0.239696 0.000000 -7.171587 0.000000 0.000000 1.000000 0.000000
0.202769 0.979227 0.000000 53.653568 -0.979227 0.202769 0.000000 -7.477248 0.000000 0.000000 1.000000 0.000000
0.170895 0.985289 0.000000 53.656738 -0.985289 0.170895 0.000000 -7.775883 0.000000 0.000000 1.000000 0.000000
0.144096 0.989564 0.000000 53.601906 -0.989564 0.144096 0.000000 -8.029318 0.000000 0.000000 1.000000 0.000000
0.118752 0.992924 0.000000 53.527984 -0.992924 0.118752 0.000000 -8.295784 0.000000 0.000000 1.000000 0.000000
0.095951 0.995386 0.000000 53.609811 -0.995386 0.095951 0.000000 -8.586071 0.000000 0.000000 1.000000 0.000000
0.077041 0.997028 0.000000 53.468062 -0.997028 0.077041 0.000000 -8.937480 0.000000 0.000000 1.000000 0.000000
0.059556 0.998225 0.000000 53.462326 -0.998225 0.059556 0.000000 -9.212956 0.000000 0.000000 1.000000 0.000000
0.043787 0.999041 0.000000 53.434610 -0.999041 0.043787 0.000000 -9.510833 0.000000 0.000000 1.000000 0.000000
0.029519 0.999564 0.000000 53.356530 -0.999564 0.029519 0.000000 -9.790334 0.000000 0.000000 1.000000 0.000000
