1.000000 0.000000 0.000000 0.000000 0.000000 1.000000 0.000000 0.000000 0.000000 0.000000 1.000000 0.000000
1.000000 -0.000069 0.000000 0.005517 0.000069 1.000000 0.000000 -0.000032 0.000000 0.000000 1.000000 0.000000
1.000000 -0.000103 0.000000 0.001450 0.000103 1.000000 0.000000 -0.007800 0.000000 0.000000 1.000000 0.000000
1.000000 -0.000041 0.000000 0.009457 0.000041 1.000000 0.000000 -0.006601 0.000000 0.000000 1.000000 0.000000
1.000000 0.000040 0.000000 0.007324 -0.000040 1.000000 0.000000 -0.007164 0.000000 0.000000 1.000000 0.000000
1.000000 -0.000066 0.000000 0.010663 0.000066 1.000000 0.000000 -0.005637 0.000000 0.000000 1.000000 0.000000
1.000000 -0.000107 0.000000 0.004989 0.000107 1.000000 0.000000 -0.007452 0.000000 0.000000 1.000000 0.000000
1.000000 -0.000105 0.000000 0.010703 0.000105 1.000000 0.000000 -0.002566 0.000000 0.000000 1.000000 0.000000
1.000000 -0.000036 0.000000 0.007365 0.000036 1.000000 0.000000 -0.008519 0.000000 0.000000 1.000000 0.000000
1.000000 -0.000061 0.000000 0.005956 0.000061 1.000000 0.000000 -0.007566 0.000000 0.000000 1.000000 0.000000
1.000000 0.000028 0.000000 0.009692 -0.000028 1.000000 0.000000 -0.006389 0.000000 0.000000 1.000000 0.000000
1.000000 0.000141 0.000000 0.009608 -0.000141 1.000000 0.000000 -0.010155 0.000000 0.000000 1.000000 0.000000
1.000000 -0.000036 0.000000 0.006097 0.000036 1.000000 0.000000 -0.007740 0.000000 0.000000 1.000000 0.000000
1.000000 -0.000023 0.000000 0.012740 0.000023 1.000000 0.000000 -0.006363 0.000000 0.000000 1.000000 0.000000
1.000000 0.000115 0.000000 0.008557 -0.000115 1.000000 0.000000 -0.009844 0.000000 0.000000 1.000000 0.000000
1.000000 0.000174 0.000000 0.004626 -0.000174 1.000000 0.000000 -0.006001 0.000000 0.000000 1.000000 0.000000
1.000000 0.000188 0.000000 0.014855 -0.000188 1.000000 0.000000 -0.006727 0.000000 0.000000 1.000000 0.000000
1.000000 -0.000056 0.000000 0.011237 0.000056 1.000000 0.000000 -0.003596 0.000000 0.000000 1.000000 0.000000
1.000000 -0.000012 0.000000 0.014913 0.000012 1.000000 0.000000 -0.002436 0.000000 0.000000 1.000000 0.000000
1.000000 0.000130 0.000000 0.009211 -0.000130 1.000000 0.000000 -0.007450 0.000000 0.000000 1.000000 0.000000
1.000000 0.000145 0.000000 0.011284 -0.000145 1.000000 0.000000 0.000015 0.000000 0.000000 1.000000 0.000000
1.000000 -0.000023 0.000000 0.007558 0.000023 1.000000 0.000000 -0.002542 0.000000 0.000000 1.000000 0.000000
1.000000 -0.000107 0.000000 0.001988 0.000107 1.000000 0.000000 -0.013187 0.000000 0.000000 1.000000 0.000000
1.000000 -0.000199 0.000000 0.003661 0.000199 1.000000 0.000000 -0.007898 0.000000 0.000000 1.000000 0.000000
1.000000 -0.000103 0.000000 0.004349 0.000103 1.000000 0.000000 -0.008200 0.000000 0.000000 1.000000 0.000000
1.000000 -0.000144 0.000000 0.005964 0.000144 1.000000 0.000000 -0.004226 0.000000 0.000000 1.000000 0.000000
1.000000 -0.000094 0.000000 0.012046 0.000094 1.000000 0.000000 -0.003040 0.000000 0.000000 1.000000 0.000000
1.000000 -0.000141 0.000000 0.014797 0.000141 1.000000 0.000000 -0.006793 0.000000 0.000000 1.000000 0.000000
1.000000 -0.000084 0.000000 0.016279 0.000084 1.000000 0.000000 -0.008678 0.000000 0.000000 1.000000 0.000000
1.000000 -0.000209 0.000000 0.013532 0.000209 1.000000 0.000000 -0.005328 0.000000 0.000000 1.000000 0.000000
1.000000 -0.000228 0.000000 0.005656 0.000228 1.000000 0.000000 -0.001820 0.000000 0.000000 1.000000 0.000000
1.000000 0.000027 0.000000 0.008976 -0.000027 1.000000 0.000000 -0.000639 0.000000 0.000000 1.000000 0.000000
1.000000 0.000018 0.000000 0.010037 -0.000018 1.000000 0.000000 -0.016421 0.000000 0.000000 1.000000 0.000000
1.000000 -0.000066 0.000000 0.013250 0.000066 1.000000 0.000000 -0.010417 0.000000 0.000000 1.000000 0.000000
1.000000 -0.000018 0.000000 0.013171 0.000018 1.000000 0.000000 -0.010566 0.000000 0.000000 1.000000 0.000000
1.000000 -0.000020 0.000000 0.001813 0.000020 1.000000 0.000000 -0.007351 0.000000 0.000000 1.000000 0.000000
1.000000 0.000016 0.000000 0.006739 -0.000016 1.000000 0.000000 -0.008727 0.000000 0.000000 1.000000 0.000000
1.000000 -0.000063 0.000000 0.006137 0.000063 1.000000 0.000000 -0.009425 0.000000 0.000000 1.000000 0.000000
1.000000 -0.000096 0.000000 0.004536 0.000096 1.000000 0.000000 -0.006333 0.000000 0.000000 1.000000 0.000000
1.000000 -0.000051 0.000000 0.014813 0.000051 1.000000 0.000000 -0.002359 0.000000 0.000000 1.000000 0.000000
1.000000 -0.000010 0.000000 0.009917 0.000010 1.000000 0.000000 0.000698 0.000000 0.000000 1.000000 0.000000
1.000000 -0.000130 0.000000 0.009438 0.000130 1.000000 0.000000 -0.005476 0.000000 0.000000 1.000000 0.000000
1.000000 -0.000085 0.000000 0.004176 0.000085 1.000000 0.000000 -0.006322 0.000000 0.000000 1.000000 0.000000
1.000000 -0.000056 0.000000 0.011485 0.000056 1.000000 0.000000 -0.003984 0.000000 0.000000 1.000000 0.000000
1.000000 -0.000057 0.000000 0.007164 0.000057 1.000000 0.000000 -0.010056 0.000000 0.000000 1.000000 0.000000
1.000000 -0.000169 0.000000 0.001161 0.000169 1.000000 0.000000 -0.006959 0.000000 0.000000 1.000000 0.000000
1.000000 -0.000157 0.000000 0.005437 0.000157 1.000000 0.000000 -0.009488 0.000000 0.000000 1.000000 0.000000
1.000000 -0.000096 0.000000 0.005765 0.000096 1.000000 0.000000 -0.005798 0.000000 0.000000 1.000000 0.000000
1.000000 0.000133 0.000000 0.001975 -0.000133 1.000000 0.000000 -0.004573 0.000000 0.000000 1.000000 0.000000
1.000000 -0.000062 0.000000 0.008589 0.000062 1.000000 0.000000 -0.008441 0.000000 0.000000 1.000000 0.000000
1.000000 -0.000027 0.000000 0.005908 0.000027 1.000000 0.000000 -0.008118 0.000000 0.000000 1.000000 0.000000
1.000000 -0.000175 0.000000 0.011768 0.000175 1.000000 0.000000 -0.008880 0.000000 0.000000 1.000000 0.000000
1.000000 -0.000180 0.000000 0.008041 0.000180 1.000000 0.000000 -0.005373 0.000000 0.000000 1.000000 0.000000
1.000000 -0.000055 0.000000 0.006096 0.000055 1.000000 0.000000 -0.008978 0.000000 0.000000 1.000000 0.000000
1.000000 -0.000056 0.000000 -0.001338 0.000056 1.000000 0.000000 -0.008961 0.000000 0.000000 1.000000 0.000000
1.000000 -0.000131 0.000000 0.014881 0.000131 1.000000 0.000000 -0.002344 0.000000 0.000000 1.000000 0.000000
1.000000 -0.000233 0.000000 0.006362 0.000233 1.000000 0.000000 -0.000721 0.000000 0.000000 1.000000 0.000000
1.000000 -0.000255 0.000000 0.006632 0.000255 1.000000 0.000000 -0.008656 0.000000 0.000000 1.000000 0.000000
1.000000 -0.000318 0.000000 0.005099 0.000318 1.000000 0.000000 -0.008550 0.000000 0.000000 1.000000 0.000000
1.000000 -0.000268 0.000000 0.000836 0.000268 1.000000 0.000000 -0.000188 0.000000 0.000000 1.000000 0.000000
1.000000 -0.000208 0.000000 0.007285 0.000208 1.000000 0.000000 -0.004717 0.000000 0.000000 1.000000 0.000000
1.000000 -0.000076 0.000000 0.005867 0.000076 1.000000 0.000000 -0.001254 0.000000 0.000000 1.000000 0.000000
1.000000 -0.000055 0.000000 0.003951 0.000055 1.000000 0.000000 -0.006998 0.000000 0.000000 1.000000 0.000000
1.000000 -0.000212 0.000000 -0.002365 0.000212 1.000000 0.000000 0.006057 0.000000 0.000000 1.000000 0.000000
1.000000 -0.000251 0.000000 -0.000742 0.000251 1.000000 0.000000 -0.003645 0.000000 0.000000 1.000000 0.000000
1.000000 0.000009 0.000000 0.006975 -0.000009 1.000000 0.000000 -0.008588 0.000000 0.000000 1.000000 0.000000
1.000000 -0.000006 0.000000 0.009385 0.000006 1.000000 0.000000 -0.010950 0.000000 0.000000 1.000000 0.000000
1.000000 -0.000174 0.000000 0.012252 0.000174 1.000000 0.000000 -0.011192 0.000000 0.000000 1.000000 0.000000
1.000000 -0.000132 0.000000 0.008785 0.000132 1.000000 0.000000 -0.006199 0.000000 0.000000 1.000000 0.000000
1.000000 -0.000130 0.000000 0.008411 0.000130 1.000000 0.000000 -0.006580 0.000000 0.000000 1.000000 0.000000
1.000000 -0.000057 0.000000 0.010673 0.000057 1.000000 0.000000 -0.015133 0.000000 0.000000 1.000000 0.000000
1.000000 -0.000124 0.000000 -0.001463 0.000124 1.000000 0.000000 -0.014982 0.000000 0.000000 1.000000 0.000000
1.000000 -0.000243 0.000000 0.008569 0.000243 1.000000 0.000000 -0.005268 0.000000 0.000000 1.000000 0.000000
1.000000 -0.000095 0.000000 0.003127 0.000095 1.000000 0.000000 -0.012867 0.000000 0.000000 1.000000 0.000000
1.000000 -0.000132 0.000000 0.008387 0.000132 1.000000 0.000000 -0.012083 0.000000 0.000000 1.000000 0.000000
1.000000 0.000045 0.000000 0.001213 -0.000045 1.000000 0.000000 -0.007050 0.000000 0.000000 1.000000 0.000000
1.000000 0.000099 0.000000 0.004522 -0.000099 1.000000 0.000000 -0.013311 0.000000 0.000000 1.000000 0.000000
1.000000 0.000050 0.000000 0.011568 -0.000050 1.000000 0.000000 -0.007169 0.000000 0.000000 1.000000 0.000000
1.000000 -0.000130 0.000000 0.007409 0.000130 1.000000 0.000000 -0.002394 0.000000 0.000000 1.000000 0.000000
1.000000 0.000038 0.000000 0.010917 -0.000038 1.000000 0.000000 -0.010544 0.000000 0.000000 1.000000 0.000000
1.000000 -0.000033 0.000000 0.008141 0.000033 1.000000 0.000000 -0.011628 0.000000 0.000000 1.000000 0.000000
1.000000 -0.000167 0.000000 0.004402 0.000167 1.000000 0.000000 -0.016418 0.000000 0.000000 1.000000 0.000000
1.000000 -0.000066 0.000000 0.007648 0.000066 1.000000 0.000000 -0.007423 0.000000 0.000000 1.000000 0.000000
1.000000 0.000057 0.000000 0.014684 -0.000057 1.000000 0.000000 -0.007454 0.000000 0.000000 1.000000 0.000000
1.000000 0.000146 0.000000 0.002999 -0.000146 1.000000 0.000000 0.004275 0.000000 0.000000 1.000000 0.000000
1.000000 0.000201 0.000000 0.006776 -0.000201 1.000000 0.000000 -0.000687 0.000000 0.000000 1.000000 0.000000
1.000000 0.000223 0.000000 0.003601 -0.000223 1.000000 0.000000 0.006641 0.000000 0.000000 1.000000 0.000000
1.000000 0.000121 0.000000 0.013525 -0.000121 1.000000 0.000000 -0.003023 0.000000 0.000000 1.000000 0.000000
1.000000 0.000109 0.000000 0.002425 -0.000109 1.000000 0.000000 -0.001890 0.000000 0.000000 1.000000 0.000000
1.000000 -0.000068 0.000000 0.013076 0.000068 1.000000 0.000000 -0.014553 0.000000 0.000000 1.000000 0.000000
1.000000 0.000023 0.000000 0.006110 -0.000023 1.000000 0.000000 -0.016698 0.000000 0.000000 1.000000 0.000000
1.000000 -0.000032 0.000000 0.018666 0.000032 1.000000 0.000000 -0.020904 0.000000 0.000000 1.000000 0.000000
1.000000 -0.000420 0.000000 0.066488 0.000420 1.000000 0.000000 -0.015235 0.000000 0.000000 1.000000 0.000000
1.000000 -0.000606 0.000000 0.130668 0.000606 1.000000 0.000000 -0.024343 0.000000 0.000000 1.000000 0.000000
0.999996 -0.002683 0.000000 0.210970 0.002683 0.999996 0.000000 -0.006842 0.000000 0.000000 1.000000 0.000000
0.999971 -0.007605 0.000000 0.389516 0.007605 0.999971 0.000000 -0.016117 0.000000 0.000000 1.000000 0.000000
0.999850 -0.017292 0.000000 0.605155 0.017292 0.999850 0.000000 0.001660 0.000000 0.000000 1.000000 0.000000
0.999517 -0.031074 0.000000 0.908189 0.031074 0.999517 0.000000 0.018158 0.000000 0.000000 1.000000 0.000000
0.998823 -0.048512 0.000000 1.272562 0.048512 0.998823 0.000000 0.019541 0.000000 0.000000 1.000000 0.000000
0.997669 -0.068240 0.000000 1.715870 0.068240 0.997669 0.000000 0.145770 0.000000 0.000000 1.000000 0.000000
0.995473 -0.095040 0.000000 2.181396 0.095040 0.995473 0.000000 0.137158 0.000000 0.000000 1.000000 0.000000
0.993109 -0.117196 0.000000 2.776868 0.117196 0.993109 0.000000 0.216720 0.000000 0.000000 1.000000 0.000000
0.990230 -0.139443 0.000000 3.502535 0.139443 0.990230 0.000000 0.403189 0.000000 0.000000 1.000000 0.000000
0.987342 -0.158604 0.000000 4.286886 0.158604 0.987342 0.000000 0.494035 0.000000 0.000000 1.000000 0.000000
0.985080 -0.172098 0.000000 5.233747 0.172098 0.985080 0.000000 0.632456 0.000000 0.000000 1.000000 0.000000
0.984963 -0.172767 0.000000 6.267826 0.172767 0.984963 0.000000 0.813355 0.000000 0.000000 1.000000 0.000000
0.985455 -0.169934 0.000000 7.436808 0.169934 0.985455 0.000000 0.976014 0.000000 0.000000 1.000000 0.000000
0.985496 -0.169697 0.000000 8.623114 0.169697 0.985496 0.000000 1.203093 0.000000 0.000000 1.000000 0.000000
0.985941 -0.167093 0.000000 9.920500 0.167093 0.985941 0.000000 1.383293 0.000000 0.000000 1.000000 0.000000
0.986465 -0.163971 0.000000 11.225127 0.163971 0.986465 0.000000 1.663792 0.000000 0.000000 1.000000 0.000000
0.987771 -0.155910 0.000000 12.668203 0.155910 0.987771 0.000000 1.811315 0.000000 0.000000 1.000000 0.000000
0.989490 -0.144600 0.000000 14.144796 0.144600 0.989490 0.000000 2.030533 0.000000 0.000000 1.000000 0.000000
0.991964 -0.126520 0.000000 15.645428 0.126520 0.991964 0.000000 2.206470 0.000000 0.000000 1.000000 0.000000
0.993883 -0.110440 0.000000 17.263084 0.110440 0.993883 0.000000 2.375494 0.000000 0.000000 1.000000 0.000000
0.995735 -0.092261 0.000000 18.918210 0.092261 0.995735 0.000000 2.524511 0.000000 0.000000 1.000000 0.000000
0.997197 -0.074827 0.000000 20.599447 0.074827 0.997197 0.000000 2.665742 0.000000 0.000000 1.000000 0.000000
0.998253 -0.059087 0.000000 22.436327 0.059087 0.998253 0.000000 2.746630 0.000000 0.000000 1.000000 0.000000
0.999003 -0.044640 0.000000 24.267086 0.044640 0.999003 0.000000 2.817588 0.000000 0.000000 1.000000 0.000000
0.999509 -0.031345 0.000000 26.073442 0.031345 0.999509 0.000000 2.861348 0.000000 0.000000 1.000000 0.000000
0.999789 -0.020519 0.000000 27.834594 0.020519 0.999789 0.000000 2.862150 0.000000 0.000000 1.000000 0.000000
0.999908 -0.013597 0.000000 29.611160 0.013597 0.999908 0.000000 2.853703 0.000000 0.000000 1.000000 0.000000
0.999960 -0.008921 0.000000 31.387350 0.008921 0.999960 0.000000 2.878491 0.000000 0.000000 1.000000 0.000000
0.999985 -0.005522 0.000000 33.176134 0.005522 0.999985 0.000000 2.892080 0.000000 0.000000 1.000000 0.000000
0.999982 -0.006066 0.000000 35.004151 0.006066 0.999982 0.000000 2.872195 0.000000 0.000000 1.000000 0.000000
0.999980 -0.006343 0.000000 36.793807 0.006343 0.999980 0.000000 2.906351 0.000000 0.000000 1.000000 0.000000
0.999973 -0.007284 0.000000 38.647158 0.007284 0.999973 0.000000 2.867215 0.000000 0.000000 1.000000 0.000000
0.999980 -0.006400 0.000000 40.462881 0.006400 0.999980 0.000000 2.849247 0.000000 0.000000 1.000000 0.000000
0.999980 -0.006395 0.000000 42.365486 0.006395 0.999980 0.000000 2.876290 0.000000 0.000000 1.000000 0.000000
0.999979 -0.006535 0.000000 44.284619 0.006535 0.999979 0.000000 2.882685 0.000000 0.000000 1.000000 0.000000
0.999971 -0.007629 0.000000 46.222187 0.007629 0.999971 0.000000 2.883257 0.000000 0.000000 1.000000 0.000000
0.999969 -0.007885 0.000000 48.107021 0.007885 0.999969 0.000000 2.915790 0.000000 0.000000 1.000000 0.000000
0.999970 -0.007772 0.000000 50.004626 0.007772 0.999970 0.000000 2.960733 0.000000 0.000000 1.000000 0.000000
0.999969 -0.007933 0.000000 51.874908 0.007933 0.999969 0.000000 2.917354 0.000000 0.000000 1.000000 0.000000
0.999980 -0.006281 0.000000 53.735865 0.006281 0.999980 0.000000 2.973344 0.000000 0.000000 1.000000 0.000000
0.999992 -0.003979 0.000000 55.648969 0.003979 0.999992 0.000000 2.923802 0.000000 0.000000 1.000000 0.000000
0.999999 -0.001143 0.000000 57.532818 0.001143 0.999999 0.000000 2.925100 0.000000 0.000000 1.000000 0.000000
0.999999 0.001718 0.000000 59.433700 -0.001718 0.999999 0.000000 2.923030 0.000000 0.000000 1.000000 0.000000
0.999995 0.003055 0.000000 61.328166 -0.003055 0.999995 0.000000 2.896790 0.000000 0.000000 1.000000 0.000000
0.999995 0.003023 0.000000 63.202293 -0.003023 0.999995 0.000000 2.876797 0.000000 0.000000 1.000000 0.000000
0.999995 0.003247 0.000000 65.041972 -0.003247 0.999995 0.000000 2.863433 0.000000 0.000000 1.000000 0.000000
0.999992 0.003994 0.000000 66.884616 -0.003994 0.999992 0.000000 2.818377 0.000000 0.000000 1.000000 0.000000
0.999992 0.003998 0.000000 68.705941 -0.003998 0.999992 0.000000 2.835117 0.000000 0.000000 1.000000 0.000000
0.999993 0.003829 0.000000 70.512536 -0.003829 0.999993 0.000000 2.770677 0.000000 0.000000 1.000000 0.000000
0.999995 0.003089 0.000000 72.288209 -0.003089 0.999995 0.000000 2.723179 0.000000 0.000000 1.000000 0.000000
0.999990 0.004404 0.000000 74.094059 -0.004404 0.999990 0.000000 2.734957 0.000000 0.000000 1.000000 0.000000
0.999991 0.004245 0.000000 75.841310 -0.004245 0.999991 0.000000 2.672360 0.000000 0.000000 1.000000 0.000000
0.999982 0.006062 0.000000 77.722051 -0.006062 0.999982 0.000000 2.667663 0.000000 0.000000 1.000000 0.000000
0.999966 0.008274 0.000000 79.524198 -0.008274 0.999966 0.000000 2.593281 0.000000 0.000000 1.000000 0.000000
0.999963 0.008657 0.000000 81.352745 -0.008657 0.999963 0.000000 2.565109 0.000000 0.000000 1.000000 0.000000
0.999961 0.008785 0.000000 83.105201 -0.008785 0.999961 0.000000 2.563539 0.000000 0.000000 1.000000 0.000000
0.999956 0.009402 0.000000 84.834531 -0.009402 0.999956 0.000000 2.563196 0.000000 0.000000 1.000000 0.000000
0.999935 0.011441 0.000000 86.616795 -0.011441 0.999935 0.000000 2.521739 0.000000 0.000000 1.000000 0.000000
0.999898 0.014288 0.000000 88.394116 -0.014288 0.999898 0.000000 2.476092 0.000000 0.000000 1.000000 0.000000
0.999822 0.018850 0.000000 90.174321 -0.018850 0.999822 0.000000 2.428262 0.000000 0.000000 1.000000 0.000000
0.999786 0.020666 0.000000 92.016556 -0.020666 0.999786 0.000000 2.355105 0.000000 0.000000 1.000000 0.000000
0.999843 0.017724 0.000000 93.768568 -0.017724 0.999843 0.000000 2.298579 0.000000 0.000000 1.000000 0.000000
0.999898 0.014291 0.000000 95.579269 -0.014291 0.999898 0.000000 2.272827 0.000000 0.000000 1.000000 0.000000
0.999959 0.009005 0.000000 97.480898 -0.009005 0.999959 0.000000 2.242789 0.000000 0.000000 1.000000 0.000000
0.999998 0.001840 0.000000 99.292941 -0.001840 0.999998 0.000000 2.245138 0.000000 0.000000 1.000000 0.000000
0.999969 -0.007822 0.000000 101.146281 0.007822 0.999969 0.000000 2.268719 0.000000 0.000000 1.000000 0.000000
0.999875 -0.015780 0.000000 103.000322 0.015780 0.999875 0.000000 2.262822 0.000000 0.000000 1.000000 0.000000
0.999673 -0.025554 0.000000 104.901644 0.025554 0.999673 0.000000 2.277543 0.000000 0.000000 1.000000 0.000000
0.999361 -0.035734 0.000000 106.809240 0.035734 0.999361 0.000000 2.311893 0.000000 0.000000 1.000000 0.000000
0.999047 -0.043644 0.000000 108.715507 0.043644 0.999047 0.000000 2.353649 0.000000 0.000000 1.000000 0.000000
0.998590 -0.053094 0.000000 110.640382 0.053094 0.998590 0.000000 2.430282 0.000000 0.000000 1.000000 0.000000
0.998178 -0.060331 0.000000 112.636691 0.060331 0.998178 0.000000 2.555345 0.000000 0.000000 1.000000 0.000000
0.997903 -0.064727 0.000000 114.599992 0.064727 0.997903 0.000000 2.683470 0.000000 0.000000 1.000000 0.000000
0.997589 -0.069401 0.000000 116.561818 0.069401 0.997589 0.000000 2.817680 0.000000 0.000000 1.000000 0.000000
0.997414 -0.071877 0.000000 118.507920 0.071877 0.997414 0.000000 2.968879 0.000000 0.000000 1.000000 0.000000
0.997495 -0.070741 0.000000 120.475229 0.070741 0.997495 0.000000 3.096852 0.000000 0.000000 1.000000 0.000000
0.997514 -0.070463 0.000000 122.382212 0.070463 0.997514 0.000000 3.204073 0.000000 0.000000 1.000000 0.000000
0.997549 -0.069972 0.000000 124.336758 0.069972 0.997549 0.000000 3.296358 0.000000 0.000000 1.000000 0.000000
0.997697 -0.067835 0.000000 126.317403 0.067835 0.997697 0.000000 3.454680 0.000000 0.000000 1.000000 0.000000
0.997731 -0.067329 0.000000 128.304373 0.067329 0.997731 0.000000 3.533218 0.000000 0.000000 1.000000 0.000000
0.997863 -0.065338 0.000000 130.176471 0.065338 0.997863 0.000000 3.695838 0.000000 0.000000 1.000000 0.000000
0.997944 -0.064085 0.000000 132.178328 0.064085 0.997944 0.000000 3.770356 0.000000 0.000000 1.000000 0.000000
0.997959 -0.063858 0.000000 134.136164 0.063858 0.997959 0.000000 3.911045 0.000000 0.000000 1.000000 0.000000
0.998090 -0.061783 0.000000 136.130906 0.061783 0.998090 0.000000 3.998876 0.000000 0.000000 1.000000 0.000000
0.998198 -0.060009 0.000000 138.124357 0.060009 0.998198 0.000000 4.090297 0.000000 0.000000 1.000000 0.000000
0.998358 -0.057289 0.000000 140.117858 0.057289 0.998358 0.000000 4.142362 0.000000 0.000000 1.000000 0.000000
0.998466 -0.055371 0.000000 142.129110 0.055371 0.998466 0.000000 4.313061 0.000000 0.000000 1.000000 0.000000
0.998521 -0.054368 0.000000 144.039923 0.054368 0.998521 0.000000 4.344932 0.000000 0.000000 1.000000 0.000000
0.998602 -0.052852 0.000000 146.110082 0.052852 0.998602 0.000000 4.463373 0.000000 0.000000 1.000000 0.000000
0.998663 -0.051694 0.000000 148.051645 0.051694 0.998663 0.000000 4.557637 0.000000 0.000000 1.000000 0.000000
0.998688 -0.051209 0.000000 150.061955 0.051209 0.998688 0.000000 4.647517 0.000000 0.000000 1.000000 0.000000
0.998686 -0.051247 0.000000 152.076858 0.051247 0.998686 0.000000 4.699057 0.000000 0.000000 1.000000 0.000000
0.998732 -0.050340 0.000000 154.086318 0.050340 0.998732 0.000000 4.826327 0.000000 0.000000 1.000000 0.000000
0.998724 -0.050495 0.000000 156.129817 0.050495 0.998724 0.000000 4.924978 0.000000 0.000000 1.000000 0.000000
0.998761 -0.049768 0.000000 158.211616 0.049768 0.998761 0.000000 5.015532 0.000000 0.000000 1.000000 0.000000
0.998828 -0.048403 0.000000 160.279691 0.048403 0.998828 0.000000 5.133035 0.000000 0.000000 1.000000 0.000000
0.998825 -0.048457 0.000000 162.418851 0.048457 0.998825 0.000000 5.185729 0.000000 0.000000 1.000000 0.000000
0.998841 -0.048141 0.000000 164.542874 0.048141 0.998841 0.000000 5.317320 0.000000 0.000000 1.000000 0.000000
0.998838 -0.048193 0.000000 166.608136 0.048193 0.998838 0.000000 5.403278 0.000000 0.000000 1.000000 0.000000
0.998859 -0.047758 0.000000 168.704492 0.047758 0.998859 0.000000 5.468989 0.000000 0.000000 1.000000 0.000000
0.998872 -0.047477 0.000000 170.849930 0.047477 0.998872 0.000000 5.536835 0.000000 0.000000 1.000000 0.000000
0.998884 -0.047227 0.000000 172.929962 0.047227 0.998884 0.000000 5.674691 0.000000 0.000000 1.000000 0.000000
0.998638 -0.052182 0.000000 175.042750 0.052182 0.998638 0.000000 5.770194 0.000000 0.000000 1.000000 0.000000
0.998484 -0.055036 0.000000 177.096701 0.055036 0.998484 0.000000 5.851748 0.000000 0.000000 1.000000 0.000000
0.998310 -0.058113 0.000000 179.128965 0.058113 0.998310 0.000000 5.942705 0.000000 0.000000 1.000000 0.000000
0.998120 -0.061291 0.000000 181.143149 0.061291 0.998120 0.000000 6.053614 0.000000 0.000000 1.000000 0.000000
0.997952 -0.063963 0.000000 183.163068 0.063963 0.997952 0.000000 6.193387 0.000000 0.000000 1.000000 0.000000
0.997897 -0.064821 0.000000 185.091238 0.064821 0.997897 0.000000 6.305118 0.000000 0.000000 1.000000 0.000000
0.997912 -0.064593 0.000000 187.033109 0.064593 0.997912 0.000000 6.417788 0.000000 0.000000 1.000000 0.000000
0.997961 -0.063833 0.000000 188.943780 0.063833 0.997961 0.000000 6.545862 0.000000 0.000000 1.000000 0.000000
0.998111 -0.061429 0.000000 190.772984 0.061429 0.998111 0.000000 6.631646 0.000000 0.000000 1.000000 0.000000
0.998066 -0.062171 0.000000 192.640888 0.062171 0.998066 0.000000 6.752350 0.000000 0.000000 1.000000 0.000000
0.998061 -0.062244 0.000000 194.420124 0.062244 0.998061 0.000000 6.819554 0.000000 0.000000 1.000000 0.000000
0.998033 -0.062694 0.000000 196.179323 0.062694 0.998033 0.000000 6.914269 0.000000 0.000000 1.000000 0.000000
0.997960 -0.063846 0.000000 197.954837 0.063846 0.997960 0.000000 7.039893 0.000000 0.000000 1.000000 0.000000
0.997924 -0.064401 0.000000 199.715912 0.064401 0.997924 0.000000 7.116456 0.000000 0.000000 1.000000 0.000000
0.997885 -0.065001 0.000000 201.419583 0.065001 0.997885 0.000000 7.226080 0.000000 0.000000 1.000000 0.000000
0.997852 -0.065515 0.000000 203.128312 0.065515 0.997852 0.000000 7.360926 0.000000 0.000000 1.000000 0.000000
0.997914 -0.064552 0.000000 204.740975 0.064552 0.997914 0.000000 7.463612 0.000000 0.000000 1.000000 0.000000
0.997943 -0.064111 0.000000 206.404683 0.064111 0.997943 0.000000 7.597688 0.000000 0.000000 1.000000 0.000000
0.998121 -0.061267 0.000000 207.986999 0.061267 0.998121 0.000000 7.657107 0.000000 0.000000 1.000000 0.000000
0.998271 -0.058786 0.000000 209.564554 0.058786 0.998271 0.000000 7.797424 0.000000 0.000000 1.000000 0.000000
0.998462 -0.055447 0.000000 211.137058 0.055447 0.998462 0.000000 7.872357 0.000000 0.000000 1.000000 0.000000
0.998507 -0.054626 0.000000 212.654159 0.054626 0.998507 0.000000 7.972103 0.000000 0.000000 1.000000 0.000000
0.998605 -0.052795 0.000000 214.121528 0.052795 0.998605 0.000000 7.993970 0.000000 0.000000 1.000000 0.000000
0.998677 -0.051418 0.000000 215.568273 0.051418 0.998677 0.000000 8.046437 0.000000 0.000000 1.000000 0.000000
0.998631 -0.052304 0.000000 216.928098 0.052304 0.998631 0.000000 8.106064 0.000000 0.000000 1.000000 0.000000
0.998592 -0.053056 0.000000 218.317641 0.053056 0.998592 0.000000 8.218949 0.000000 0.000000 1.000000 0.000000
0.998584 -0.053206 0.000000 219.649008 0.053206 0.998584 0.000000 8.267486 0.000000 0.000000 1.000000 0.000000
0.998643 -0.052072 0.000000 221.122129 0.052072 0.998643 0.000000 8.301046 0.000000 0.000000 1.000000 0.000000
0.998563 -0.053598 0.000000 222.461663 0.053598 0.998563 0.000000 8.376288 0.000000 0.000000 1.000000 0.000000
0.998500 -0.054759 0.000000 223.925331 0.054759 0.998500 0.000000 8.415542 0.000000 0.000000 1.000000 0.000000
0.998353 -0.057373 0.000000 225.169955 0.057373 0.998353 0.000000 8.473952 0.000000 0.000000 1.000000 0.000000
0.998012 -0.063028 0.000000 226.694998 0.063028 0.998012 0.000000 8.566823 0.000000 0.000000 1.000000 0.000000
0.997145 -0.075510 0.000000 227.982420 0.075510 0.997145 0.000000 8.626835 0.000000 0.000000 1.000000 0.000000
0.995962 -0.089776 0.000000 229.444153 0.089776 0.995962 0.000000 8.816264 0.000000 0.000000 1.000000 0.000000
0.994538 -0.104373 0.000000 230.754002 0.104373 0.994538 0.000000 8.955658 0.000000 0.000000 1.000000 0.000000
0.992851 -0.119361 0.000000 232.186770 0.119361 0.992851 0.000000 9.081404 0.000000 0.000000 1.000000 0.000000
0.990617 -0.136665 0.000000 233.530864 0.136665 0.990617 0.000000 9.216048 0.000000 0.000000 1.000000 0.000000
0.988290 -0.152588 0.000000 235.023991 0.152588 0.988290 0.000000 9.514908 0.000000 0.000000 1.000000 0.000000
0.986363 -0.164583 0.000000 236.402866 0.164583 0.986363 0.000000 9.757809 0.000000 0.000000 1.000000 0.000000
0.984717 -0.174160 0.000000 237.987178 0.174160 0.984717 0.000000 10.072501 0.000000 0.000000 1.000000 0.000000
0.984106 -0.177579 0.000000 239.706091 0.177579 0.984106 0.000000 10.423536 0.000000 0.000000 1.000000 0.000000
0.983658 -0.180049 0.000000 241.231517 0.180049 0.983658 0.000000 10.723103 0.000000 0.000000 1.000000 0.000000
0.983304 -0.181971 0.000000 242.995057 0.181971 0.983304 0.000000 11.053043 0.000000 0.000000 1.000000 0.000000
0.982873 -0.184284 0.000000 244.688852 0.184284 0.982873 0.000000 11.329270 0.000000 0.000000 1.000000 0.000000
0.981978 -0.188996 0.000000 246.500658 0.188996 0.981978 0.000000 11.663225 0.000000 0.000000 1.000000 0.000000
0.981324 -0.192361 0.000000 248.212132 0.192361 0.981324 0.000000 12.023394 0.000000 0.000000 1.000000 0.000000
0.980882 -0.194605 0.000000 250.033850 0.194605 0.980882 0.000000 12.339384 0.000000 0.000000 1.000000 0.000000
0.980767 -0.195182 0.000000 251.835537 0.195182 0.980767 0.000000 12.704676 0.000000 0.000000 1.000000 0.000000
0.980921 -0.194405 0.000000 253.631223 0.194405 0.980921 0.000000 13.057148 0.000000 0.000000 1.000000 0.000000
0.981377 -0.192094 0.000000 255.488170 0.192094 0.981377 0.000000 13.424171 0.000000 0.000000 1.000000 0.000000
0.982170 -0.187994 0.000000 257.298893 0.187994 0.982170 0.000000 13.786116 0.000000 0.000000 1.000000 0.000000
0.983103 -0.183055 0.000000 259.107709 0.183055 0.983103 0.000000 14.122317 0.000000 0.000000 1.000000 0.000000
0.984255 -0.176756 0.000000 261.014222 0.176756 0.984255 0.000000 14.449296 0.000000 0.000000 1.000000 0.000000
0.985104 -0.171957 0.000000 263.002554 0.171957 0.985104 0.000000 14.798837 0.000000 0.000000 1.000000 0.000000
0.985879 -0.167458 0.000000 264.883598 0.167458 0.985879 0.000000 15.173399 0.000000 0.000000 1.000000 0.000000
0.986738 -0.162320 0.000000 266.797099 0.162320 0.986738 0.000000 15.470775 0.000000 0.000000 1.000000 0.000000
0.987121 -0.159977 0.000000 268.751801 0.159977 0.987121 0.000000 15.756159 0.000000 0.000000 1.000000 0.000000
0.987641 -0.156735 0.000000 270.776470 0.156735 0.987641 0.000000 16.072186 0.000000 0.000000 1.000000 0.000000
0.987783 -0.155835 0.000000 272.721749 0.155835 0.987783 0.000000 16.397864 0.000000 0.000000 1.000000 0.000000
0.987898 -0.155108 0.000000 274.775643 0.155108 0.987898 0.000000 16.705019 0.000000 0.000000 1.000000 0.000000
0.987907 -0.155048 0.000000 276.751608 0.155048 0.987907 0.000000 17.029077 0.000000 0.000000 1.000000 0.000000
0.988209 -0.153112 0.000000 278.749108 0.153112 0.988209 0.000000 17.313607 0.000000 0.000000 1.000000 0.000000
0.988049 -0.154139 0.000000 280.698382 0.154139 0.988049 0.000000 17.588198 0.000000 0.000000 1.000000 0.000000
0.988117 -0.153707 0.000000 282.627638 0.153707 0.988117 0.000000 17.916540 0.000000 0.000000 1.000000 0.000000
0.987968 -0.154658 0.000000 284.530779 0.154658 0.987968 0.000000 18.239177 0.000000 0.000000 1.000000 0.000000
0.988389 -0.151943 0.000000 286.517598 0.151943 0.988389 0.000000 18.505048 0.000000 0.000000 1.000000 0.000000
0.989002 -0.147905 0.000000 288.487023 0.147905 0.989002 0.000000 18.773053 0.000000 0.000000 1.000000 0.000000
0.989752 -0.142796 0.000000 290.544271 0.142796 0.989752 0.000000 19.029610 0.000000 0.000000 1.000000 0.000000
0.990255 -0.139264 0.000000 292.499735 0.139264 0.990255 0.000000 19.241325 0.000000 0.000000 1.000000 0.000000
0.990767 -0.135578 0.000000 294.543558 0.135578 0.990767 0.000000 19.553041 0.000000 0.000000 1.000000 0.000000
0.991261 -0.131918 0.000000 296.551191 0.131918 0.991261 0.000000 19.776381 0.000000 0.000000 1.000000 0.000000
0.991243 -0.132048 0.000000 298.488066 0.132048 0.991243 0.000000 19.964303 0.000000 0.000000 1.000000 0.000000
0.990881 -0.134739 0.000000 300.446964 0.134739 0.990881 0.000000 20.300868 0.000000 0.000000 1.000000 0.000000
0.990421 -0.138077 0.000000 302.420390 0.138077 0.990421 0.000000 20.568733 0.000000 0.000000 1.000000 0.000000
0.989681 -0.143290 0.000000 304.397003 0.143290 0.989681 0.000000 20.776204 0.000000 0.000000 1.000000 0.000000
0.989105 -0.147209 0.000000 306.420011 0.147209 0.989105 0.000000 21.032526 0.000000 0.000000 1.000000 0.000000
0.988394 -0.151915 0.000000 308.408716 0.151915 0.988394 0.000000 21.349375 0.000000 0.000000 1.000000 0.000000
0.987368 -0.158444 0.000000 310.336277 0.158444 0.987368 0.000000 21.618952 0.000000 0.000000 1.000000 0.000000
0.986223 -0.165418 0.000000 312.278741 0.165418 0.986223 0.000000 21.937962 0.000000 0.000000 1.000000 0.000000
0.984846 -0.173429 0.000000 314.301088 0.173429 0.984846 0.000000 22.327197 0.000000 0.000000 1.000000 0.000000
0.984153 -0.177322 0.000000 316.321990 0.177322 0.984153 0.000000 22.654302 0.000000 0.000000 1.000000 0.000000
0.983674 -0.179960 0.000000 318.289185 0.179960 0.983674 0.000000 23.022206 0.000000 0.000000 1.000000 0.000000
0.983337 -0.181790 0.000000 320.358858 0.181790 0.983337 0.000000 23.395769 0.000000 0.000000 1.000000 0.000000
0.983335 -0.181803 0.000000 322.362036 0.181803 0.983335 0.000000 23.748980 0.000000 0.000000 1.000000 0.000000
0.983744 -0.179574 0.000000 324.399825 0.179574 0.983744 0.000000 24.052527 0.000000 0.000000 1.000000 0.000000
0.984080 -0.177726 0.000000 326.341856 0.177726 0.984080 0.000000 24.398348 0.000000 0.000000 1.000000 0.000000
0.984286 -0.176579 0.000000 328.261933 0.176579 0.984286 0.000000 24.730340 0.000000 0.000000 1.000000 0.000000
0.984779 -0.173813 0.000000 330.201617 0.173813 0.984779 0.000000 25.016691 0.000000 0.000000 1.000000 0.000000
0.985685 -0.168597 0.000000 332.137027 0.168597 0.985685 0.000000 25.324937 0.000000 0.000000 1.000000 0.000000
0.986576 -0.163301 0.000000 334.095551 0.163301 0.986576 0.000000 25.651289 0.000000 0.000000 1.000000 0.000000
0.987573 -0.157162 0.000000 335.997234 0.157162 0.987573 0.000000 25.938484 0.000000 0.000000 1.000000 0.000000
0.989372 -0.145410 0.000000 337.878008 0.145410 0.989372 0.000000 26.184043 0.000000 0.000000 1.000000 0.000000
0.991678 -0.128742 0.000000 339.847592 0.128742 0.991678 0.000000 26.491629 0.000000 0.000000 1.000000 0.000000
0.994029 -0.109114 0.000000 341.834285 0.109114 0.994029 0.000000 26.711380 0.000000 0.000000 1.000000 0.000000
0.996297 -0.085977 0.000000 343.848327 0.085977 0.996297 0.000000 26.798094 0.000000 0.000000 1.000000 0.000000
0.997988 -0.063404 0.000000 345.835559 0.063404 0.997988 0.000000 26.895293 0.000000 0.000000 1.000000 0.000000
0.999176 -0.040596 0.000000 347.874047 0.040596 0.999176 0.000000 26.996919 0.000000 0.000000 1.000000 0.000000
0.999778 -0.021076 0.000000 349.883213 0.021076 0.999778 0.000000 27.034459 0.000000 0.000000 1.000000 0.000000
0.999988 -0.004953 0.000000 351.941269 0.004953 0.999988 0.000000 27.032101 0.000000 0.000000 1.000000 0.000000
0.999973 0.007348 0.000000 354.003752 -0.007348 0.999973 0.000000 27.017149 0.000000 0.000000 1.000000 0.000000
0.999879 0.015533 0.000000 356.124896 -0.015533 0.999879 0.000000 26.920735 0.000000 0.000000 1.000000 0.000000
0.999840 0.017907 0.000000 358.114892 -0.017907 0.999840 0.000000 26.871411 0.000000 0.000000 1.000000 0.000000
0.999846 0.017575 0.000000 360.212303 -0.017575 0.999846 0.000000 26.839631 0.000000 0.000000 1.000000 0.000000
0.999876 0.015778 0.000000 362.278729 -0.015778 0.999876 0.000000 26.786841 0.000000 0.000000 1.000000 0.000000
0.999900 0.014175 0.000000 364.360122 -0.014175 0.999900 0.000000 26.751370 0.000000 0.000000 1.000000 0.000000
0.999898 0.014274 0.000000 366.410384 -0.014274 0.999898 0.000000 26.690926 0.000000 0.000000 1.000000 0.000000
0.999920 0.012662 0.000000 368.579234 -0.012662 0.999920 0.000000 26.655206 0.000000 0.000000 1.000000 0.000000
0.999947 0.010267 0.000000 370.634669 -0.010267 0.999947 0.000000 26.640654 0.000000 0.000000 1.000000 0.000000
0.999965 0.008313 0.000000 372.734157 -0.008313 0.999965 0.000000 26.574814 0.000000 0.000000 1.000000 0.000000
0.999984 0.005573 0.000000 374.873158 -0.005573 0.999984 0.000000 26.558508 0.000000 0.000000 1.000000 0.000000
0.999987 0.005113 0.000000 376.919697 -0.005113 0.999987 0.000000 26.566369 0.000000 0.000000 1.000000 0.000000
1.000000 0.000539 0.000000 379.061500 -0.000539 1.000000 0.000000 26.500607 0.000000 0.000000 1.000000 0.000000
0.999993 -0.003753 0.000000 381.150906 0.003753 0.999993 0.000000 26.508333 0.000000 0.000000 1.000000 0.000000
0.999973 -0.007328 0.000000 383.237998 0.007328 0.999973 0.000000 26.536506 0.000000 0.000000 1.000000 0.000000
0.999961 -0.008812 0.000000 385.322425 0.008812 0.999961 0.000000 26.533894 0.000000 0.000000 1.000000 0.000000
0.999938 -0.011108 0.000000 387.387996 0.011108 0.999938 0.000000 26.577603 0.000000 0.000000 1.000000 0.000000
0.999947 -0.010303 0.000000 389.520051 0.010303 0.999947 0.000000 26.544996 0.000000 0.000000 1.000000 0.000000
0.999959 -0.009027 0.000000 391.652850 0.009027 0.999959 0.000000 26.597184 0.000000 0.000000 1.000000 0.000000
0.999945 -0.010479 0.000000 393.786183 0.010479 0.999945 0.000000 26.612658 0.000000 0.000000 1.000000 0.000000
0.999917 -0.012879 0.000000 395.969668 0.012879 0.999917 0.000000 26.602073 0.000000 0.000000 1.000000 0.000000
0.999857 -0.016882 0.000000 398.098317 0.016882 0.999857 0.000000 26.629352 0.000000 0.000000 1.000000 0.000000
0.999801 -0.019926 0.000000 400.278372 0.019926 0.999801 0.000000 26.715677 0.000000 0.000000 1.000000 0.000000
0.999712 -0.024011 0.000000 402.456113 0.024011 0.999712 0.000000 26.736174 0.000000 0.000000 1.000000 0.000000
0.999584 -0.028850 0.000000 404.588985 0.028850 0.999584 0.000000 26.775685 0.000000 0.000000 1.000000 0.000000
0.999389 -0.034946 0.000000 406.828249 0.034946 0.999389 0.000000 26.827886 0.000000 0.000000 1.000000 0.000000
0.999228 -0.039287 0.000000 408.972961 0.039287 0.999228 0.000000 26.910457 0.000000 0.000000 1.000000 0.000000
0.998996 -0.044799 0.000000 411.147234 0.044799 0.998996 0.000000 27.002869 0.000000 0.000000 1.000000 0.000000
0.998815 -0.048668 0.000000 413.304404 0.048668 0.998815 0.000000 27.094148 0.000000 0.000000 1.000000 0.000000
0.998716 -0.050660 0.000000 415.466645 0.050660 0.998716 0.000000 27.215566 0.000000 0.000000 1.000000 0.000000
0.998643 -0.052075 0.000000 417.613486 0.052075 0.998643 0.000000 27.335181 0.000000 0.000000 1.000000 0.000000
0.998570 -0.053454 0.000000 419.814674 0.053454 0.998570 0.000000 27.400290 0.000000 0.000000 1.000000 0.000000
0.998492 -0.054899 0.000000 421.928391 0.054899 0.998492 0.000000 27.511892 0.000000 0.000000 1.000000 0.000000
0.998369 -0.057087 0.000000 424.085549 0.057087 0.998369 0.000000 27.600500 0.000000 0.000000 1.000000 0.000000
0.998238 -0.059340 0.000000 426.268380 0.059340 0.998238 0.000000 27.754332 0.000000 0.000000 1.000000 0.000000
0.998124 -0.061221 0.000000 428.371343 0.061221 0.998124 0.000000 27.865986 0.000000 0.000000 1.000000 0.000000
0.998063 -0.062207 0.000000 430.520847 0.062207 0.998063 0.000000 27.979837 0.000000 0.000000 1.000000 0.000000
0.998014 -0.062995 0.000000 432.599977 0.062995 0.998014 0.000000 28.071746 0.000000 0.000000 1.000000 0.000000
0.998021 -0.062886 0.000000 434.662239 0.062886 0.998021 0.000000 28.144904 0.000000 0.000000 1.000000 0.000000
0.997942 -0.064119 0.000000 436.710536 0.064119 0.997942 0.000000 28.293348 0.000000 0.000000 1.000000 0.000000
0.997845 -0.065609 0.000000 438.770960 0.065609 0.997845 0.000000 28.383089 0.000000 0.000000 1.000000 0.000000
0.997673 -0.068183 0.000000 440.776986 0.068183 0.997673 0.000000 28.502361 0.000000 0.000000 1.000000 0.000000
0.997438 -0.071539 0.000000 442.822643 0.071539 0.997438 0.000000 28.601144 0.000000 0.000000 1.000000 0.000000
0.997169 -0.075194 0.000000 444.907352 0.075194 0.997169 0.000000 28.746011 0.000000 0.000000 1.000000 0.000000
0.996807 -0.079849 0.000000 446.895569 0.079849 0.996807 0.000000 28.909225 0.000000 0.000000 1.000000 0.000000
0.996522 -0.083333 0.000000 448.838206 0.083333 0.996522 0.000000 29.029111 0.000000 0.000000 1.000000 0.000000
0.996336 -0.085521 0.000000 450.822425 0.085521 0.996336 0.000000 29.160172 0.000000 0.000000 1.000000 0.000000
0.996104 -0.088183 0.000000 452.687166 0.088183 0.996104 0.000000 29.310114 0.000000 0.000000 1.000000 0.000000
0.996051 -0.088778 0.000000 454.560805 0.088778 0.996051 0.000000 29.453427 0.000000 0.000000 1.000000 0.000000
0.996163 -0.087518 0.000000 456.332753 0.087518 0.996163 0.000000 29.606396 0.000000 0.000000 1.000000 0.000000
0.996491 -0.083697 0.000000 458.094156 0.083697 0.996491 0.000000 29.707678 0.000000 0.000000 1.000000 0.000000
0.996951 -0.078035 0.000000 459.758432 0.078035 0.996951 0.000000 29.846483 0.000000 0.000000 1.000000 0.000000
0.997518 -0.070414 0.000000 461.377796 0.070414 0.997518 0.000000 29.900030 0.000000 0.000000 1.000000 0.000000
0.998379 -0.056911 0.000000 462.907888 0.056911 0.998379 0.000000 29.992195 0.000000 0.000000 1.000000 0.000000
0.999233 -0.039150 0.000000 464.389568 0.039150 0.999233 0.000000 30.027841 0.000000 0.000000 1.000000 0.000000
0.999883 -0.015288 0.000000 465.779638 0.015288 0.999883 0.000000 30.019714 0.000000 0.000000 1.000000 0.000000
0.999886 0.015115 0.000000 467.157497 -0.015115 0.999886 0.000000 29.972259 0.000000 0.000000 1.000000 0.000000
0.998825 0.048459 0.000000 468.404391 -0.048459 0.998825 0.000000 29.844014 0.000000 0.000000 1.000000 0.000000
0.996079 0.088468 0.000000 469.613644 -0.088468 0.996079 0.000000 29.751744 0.000000 0.000000 1.000000 0.000000
0.990400 0.138231 0.000000 470.724905 -0.138231 0.990400 0.000000 29.600036 0.000000 0.000000 1.000000 0.000000
0.979433 0.201768 0.000000 471.813478 -0.201768 0.979433 0.000000 29.402056 0.000000 0.000000 1.000000 0.000000
0.963557 0.267503 0.000000 472.899923 -0.267503 0.963557 0.000000 29.010378 0.000000 0.000000 1.000000 0.000000
0.941586 0.336774 0.000000 473.792794 -0.336774 0.941586 0.000000 28.601831 0.000000 0.000000 1.000000 0.000000
0.914339 0.404949 0.000000 474.614598 -0.404949 0.914339 0.000000 28.099929 0.000000 0.000000 1.000000 0.000000
0.879754 0.475428 0.000000 475.464309 -0.475428 0.879754 0.000000 27.673577 0.000000 0.000000 1.000000 0.000000
