1.000000 -0.000020 0.000000 2.940913 0.000020 1.000000 0.000000 0.043368 0.000000 0.000000 1.000000 0.000000
1.000000 0.000789 0.000000 3.708388 -0.000789 1.000000 0.000000 0.025618 0.000000 0.000000 1.000000 0.000000
1.000000 0.000350 0.000000 4.487861 -0.000350 1.000000 0.000000 0.002762 0.000000 0.000000 1.000000 0.000000
0.999997 0.002576 0.000000 5.319393 -0.002576 0.999997 0.000000 -0.040226 0.000000 0.000000 1.000000 0.000000
0.999993 0.003748 0.000000 6.289412 -0.003748 0.999993 0.000000 -0.029681 0.000000 0.000000 1.000000 0.000000
0.999996 0.002695 0.000000 7.409873 -0.002695 0.999996 0.000000 -0.032385 0.000000 0.000000 1.000000 0.000000
0.999996 0.002674 0.000000 8.470958 -0.002674 0.999996 0.000000 -0.053731 0.000000 0.000000 1.000000 0.000000
0.999991 0.004207 0.000000 9.643045 -0.004207 0.999991 0.000000 0.002256 0.000000 0.000000 1.000000 0.000000
0.999983 0.005840 0.000000 10.861295 -0.005840 0.999983 0.000000 -0.019446 0.000000 0.000000 1.000000 0.000000
0.999975 0.007093 0.000000 12.177007 -0.007093 0.999975 0.000000 -0.031168 0.000000 0.000000 1.000000 0.000000
0.999965 0.008408 0.000000 13.571789 -0.008408 0.999965 0.000000 -0.018654 0.000000 0.000000 1.000000 0.000000
0.999957 0.009299 0.000000 14.952765 -0.009299 0.999957 0.000000 -0.028260 0.000000 0.000000 1.000000 0.000000
0.999935 0.011419 0.000000 16.412952 -0.011419 0.999935 0.000000 -0.075419 0.000000 0.000000 1.000000 0.000000
0.999900 0.014111 0.000000 17.879887 -0.014111 0.999900 0.000000 -0.053591 0.000000 0.000000 1.000000 0.000000
0.999861 0.016673 0.000000 19.329106 -0.016673 0.999861 0.000000 -0.058366 0.000000 0.000000 1.000000 0.000000
0.999828 0.018556 0.000000 20.826239 -0.018556 0.999828 0.000000 -0.104893 0.000000 0.000000 1.000000 0.000000
0.999758 0.022017 0.000000 22.338259 -0.022017 0.999758 0.000000 -0.142467 0.000000 0.000000 1.000000 0.000000
0.999701 0.024468 0.000000 23.770737 -0.024468 0.999701 0.000000 -0.196898 0.000000 0.000000 1.000000 0.000000
0.999597 0.028397 0.000000 25.299654 -0.028397 0.999597 0.000000 -0.194911 0.000000 0.000000 1.000000 0.000000
0.999443 0.033361 0.000000 26.803892 -0.033361 0.999443 0.000000 -0.240917 0.000000 0.000000 1.000000 0.000000
0.999296 0.037529 0.000000 28.226883 -0.037529 0.999296 0.000000 -0.307784 0.000000 0.000000 1.000000 0.000000
0.999094 0.042559 0.000000 29.686416 -0.042559 0.999094 0.000000 -0.345432 0.000000 0.000000 1.000000 0.000000
0.998909 0.046691 0.000000 31.161735 -0.046691 0.998909 0.000000 -0.386374 0.000000 0.000000 1.000000 0.000000
0.998692 0.051125 0.000000 32.614435 -0.051125 0.998692 0.000000 -0.432574 0.000000 0.000000 1.000000 0.000000
0.998417 0.056239 0.000000 34.061779 -0.056239 0.998417 0.000000 -0.516303 0.000000 0.000000 1.000000 0.000000
0.998161 0.060613 0.000000 35.460485 -0.060613 0.998161 0.000000 -0.595079 0.000000 0.000000 1.000000 0.000000
0.997932 0.064275 0.000000 36.837182 -0.064275 0.997932 0.000000 -0.667623 0.000000 0.000000 1.000000 0.000000
0.997682 0.068054 0.000000 38.282054 -0.068054 0.997682 0.000000 -0.800267 0.000000 0.000000 1.000000 0.000000
0.997191 0.074900 0.000000 39.681606 -0.074900 0.997191 0.000000 -0.919563 0.000000 0.000000 1.000000 0.000000
0.996740 0.080681 0.000000 41.042498 -0.080681 0.996740 0.000000 -1.013035 0.000000 0.000000 1.000000 0.000000
0.996326 0.085639 0.000000 42.435600 -0.085639 0.996326 0.000000 -1.117876 0.000000 0.000000 1.000000 0.000000
0.995827 0.091258 0.000000 43.878032 -0.091258 0.995827 0.000000 -1.256486 0.000000 0.000000 1.000000 0.000000
0.995362 0.096203 0.000000 45.319577 -0.096203 0.995362 0.000000 -1.401427 0.000000 0.000000 1.000000 0.000000
0.995037 0.099509 0.000000 46.728021 -0.099509 0.995037 0.000000 -1.516462 0.000000 0.000000 1.000000 0.000000
0.994518 0.104561 0.000000 48.166589 -0.104561 0.994518 0.000000 -1.673898 0.000000 0.000000 1.000000 0.000000
0.994208 0.107476 0.000000 49.620851 -0.107476 0.994208 0.000000 -1.834296 0.000000 0.000000 1.000000 0.000000
0.993905 0.110238 0.000000 51.150156 -0.110238 0.993905 0.000000 -2.022634 0.000000 0.000000 1.000000 0.000000
0.993511 0.113739 0.000000 52.613826 -0.113739 0.993511 0.000000 -2.136788 0.000000 0.000000 1.000000 0.000000
0.993050 0.117693 0.000000 54.147581 -0.117693 0.993050 0.000000 -2.359544 0.000000 0.000000 1.000000 0.000000
0.992626 0.121214 0.000000 55.683136 -0.121214 0.992626 0.000000 -2.512107 0.000000 0.000000 1.000000 0.000000
0.992300 0.123855 0.000000 57.243674 -0.123855 0.992300 0.000000 -2.707302 0.000000 0.000000 1.000000 0.000000
0.992319 0.123709 0.000000 58.826318 -0.123709 0.992319 0.000000 -2.933285 0.000000 0.000000 1.000000 0.000000
0.992243 0.124311 0.000000 60.492877 -0.124311 0.992243 0.000000 -3.108593 0.000000 0.000000 1.000000 0.000000
0.992384 0.123181 0.000000 62.111963 -0.123181 0.992384 0.000000 -3.262998 0.000000 0.000000 1.000000 0.000000
0.992413 0.122947 0.000000 63.828337 -0.122947 0.992413 0.000000 -3.482180 0.000000 0.000000 1.000000 0.000000
0.992481 0.122396 0.000000 65.516669 -0.122396 0.992481 0.000000 -3.672708 0.000000 0.000000 1.000000 0.000000
0.992434 0.122781 0.000000 67.250800 -0.122781 0.992434 0.000000 -3.860501 0.000000 0.000000 1.000000 0.000000
0.992433 0.122789 0.000000 69.014018 -0.122789 0.992433 0.000000 -4.081748 0.000000 0.000000 1.000000 0.000000
0.992430 0.122813 0.000000 70.791537 -0.122813 0.992430 0.000000 -4.303002 0.000000 0.000000 1.000000 0.000000
0.992330 0.123614 0.000000 72.611004 -0.123614 0.992330 0.000000 -4.516001 0.000000 0.000000 1.000000 0.000000
0.992307 0.123804 0.000000 74.442190 -0.123804 0.992307 0.000000 -4.756225 0.000000 0.000000 1.000000 0.000000
0.992424 0.122863 0.000000 76.290044 -0.122863 0.992424 0.000000 -4.957696 0.000000 0.000000 1.000000 0.000000
0.992669 0.120864 0.000000 78.177365 -0.120864 0.992669 0.000000 -5.233793 0.000000 0.000000 1.000000 0.000000
0.993167 0.116699 0.000000 80.028950 -0.116699 0.993167 0.000000 -5.404602 0.000000 0.000000 1.000000 0.000000
0.993509 0.113750 0.000000 81.988446 -0.113750 0.993509 0.000000 -5.603789 0.000000 0.000000 1.000000 0.000000
0.993817 0.111030 0.000000 83.894723 -0.111030 0.993817 0.000000 -5.777341 0.000000 0.000000 1.000000 0.000000
0.994104 0.108430 0.000000 85.818210 -0.108430 0.994104 0.000000 -6.032970 0.000000 0.000000 1.000000 0.000000
0.994320 0.106429 0.000000 87.711116 -0.106429 0.994320 0.000000 -6.192409 0.000000 0.000000 1.000000 0.000000
0.994647 0.103327 0.000000 89.615352 -0.103327 0.994647 0.000000 -6.455509 0.000000 0.000000 1.000000 0.000000
0.994866 0.101202 0.000000 91.505790 -0.101202 0.994866 0.000000 -6.615416 0.000000 0.000000 1.000000 0.000000
0.994838 0.101473 0.000000 93.372339 -0.101473 0.994838 0.000000 -6.797855 0.000000 0.000000 1.000000 0.000000
0.994785 0.101999 0.000000 95.229685 -0.101999 0.994785 0.000000 -6.955916 0.000000 0.000000 1.000000 0.000000
0.994689 0.102922 0.000000 97.050649 -0.102922 0.994689 0.000000 -7.142867 0.000000 0.000000 1.000000 0.000000
0.994659 0.103219 0.000000 98.817296 -0.103219 0.994659 0.000000 -7.328731 0.000000 0.000000 1.000000 0.000000
0.994535 0.104405 0.000000 100.636567 -0.104405 0.994535 0.000000 -7.466330 0.000000 0.000000 1.000000 0.000000
0.994528 0.104475 0.000000 102.347699 -0.104475 0.994528 0.000000 -7.672878 0.000000 0.000000 1.000000 0.000000
0.994595 0.103835 0.000000 104.001415 -0.103835 0.994595 0.000000 -7.938153 0.000000 0.000000 1.000000 0.000000
0.994508 0.104660 0.000000 105.819743 -0.104660 0.994508 0.000000 -8.067964 0.000000 0.000000 1.000000 0.000000
0.994895 0.100917 0.000000 107.707464 -0.100917 0.994895 0.000000 -8.153176 0.000000 0.000000 1.000000 0.000000
0.994620 0.103591 0.000000 109.290220 -0.103591 0.994620 0.000000 -8.430824 0.000000 0.000000 1.000000 0.000000
0.994553 0.104235 0.000000 110.984789 -0.104235 0.994553 0.000000 -8.608855 0.000000 0.000000 1.000000 0.000000
0.994595 0.103829 0.000000 112.781745 -0.103829 0.994595 0.000000 -8.713223 0.000000 0.000000 1.000000 0.000000
0.994631 0.103489 0.000000 114.534549 -0.103489 0.994631 0.000000 -8.892639 0.000000 0.000000 1.000000 0.000000
0.994634 0.103460 0.000000 116.248394 -0.103460 0.994634 0.000000 -9.120884 0.000000 0.000000 1.000000 0.000000
0.994615 0.103641 0.000000 118.024340 -0.103641 0.994615 0.000000 -9.283662 0.000000 0.000000 1.000000 0.000000
0.994720 0.102623 0.000000 119.750578 -0.102623 0.994720 0.000000 -9.521669 0.000000 0.000000 1.000000 0.000000
0.994834 0.101517 0.000000 121.598486 -0.101517 0.994834 0.000000 -9.722687 0.000000 0.000000 1.000000 0.000000
0.994926 0.100607 0.000000 123.397055 -0.100607 0.994926 0.000000 -9.886955 0.000000 0.000000 1.000000 0.000000
0.995027 0.099603 0.000000 125.271404 -0.099603 0.995027 0.000000 -10.014862 0.000000 0.000000 1.000000 0.000000
0.995374 0.096077 0.000000 127.095418 -0.096077 0.995374 0.000000 -10.160448 0.000000 0.000000 1.000000 0.000000
0.995903 0.090425 0.000000 128.942845 -0.090425 0.995903 0.000000 -10.349810 0.000000 0.000000 1.000000 0.000000
0.996335 0.085538 0.000000 130.844095 -0.085538 0.996335 0.000000 -10.473398 0.000000 0.000000 1.000000 0.000000
0.996794 0.080008 0.000000 132.667330 -0.080008 0.996794 0.000000 -10.620594 0.000000 0.000000 1.000000 0.000000
0.997296 0.073483 0.000000 134.512907 -0.073483 0.997296 0.000000 -10.745825 0.000000 0.000000 1.000000 0.000000
0.997752 0.067014 0.000000 136.291191 -0.067014 0.997752 0.000000 -10.861326 0.000000 0.000000 1.000000 0.000000
0.998071 0.062085 0.000000 138.100460 -0.062085 0.998071 0.000000 -10.973675 0.000000 0.000000 1.000000 0.000000
0.998314 0.058037 0.000000 139.837286 -0.058037 0.998314 0.000000 -11.038933 0.000000 0.000000 1.000000 0.000000
0.998516 0.054460 0.000000 141.598133 -0.054460 0.998516 0.000000 -11.126735 0.000000 0.000000 1.000000 0.000000
0.998697 0.051030 0.000000 143.408849 -0.051030 0.998697 0.000000 -11.246074 0.000000 0.000000 1.000000 0.000000
0.998824 0.048480 0.000000 145.319744 -0.048480 0.998824 0.000000 -11.288449 0.000000 0.000000 1.000000 0.000000
0.998868 0.047571 0.000000 147.073557 -0.047571 0.998868 0.000000 -11.371624 0.000000 0.000000 1.000000 0.000000
0.998899 0.046909 0.000000 148.861850 -0.046909 0.998899 0.000000 -11.476878 0.000000 0.000000 1.000000 0.000000
0.998880 0.047324 0.000000 150.785421 -0.047324 0.998880 0.000000 -11.553612 0.000000 0.000000 1.000000 0.000000
0.998879 0.047328 0.000000 152.672346 -0.047328 0.998879 0.000000 -11.614259 0.000000 0.000000 1.000000 0.000000
0.998808 0.048811 0.000000 154.601407 -0.048811 0.998808 0.000000 -11.683798 0.000000 0.000000 1.000000 0.000000
0.998776 0.049469 0.000000 156.497552 -0.049469 0.998776 0.000000 -11.731025 0.000000 0.000000 1.000000 0.000000
0.998727 0.050435 0.000000 158.528619 -0.050435 0.998727 0.000000 -11.867576 0.000000 0.000000 1.000000 0.000000
0.998618 0.052563 0.000000 160.503236 -0.052563 0.998618 0.000000 -11.935139 0.000000 0.000000 1.000000 0.000000
0.998456 0.055540 0.000000 162.434984 -0.055540 0.998456 0.000000 -12.034455 0.000000 0.000000 1.000000 0.000000
0.998315 0.058032 0.000000 164.449879 -0.058032 0.998315 0.000000 -12.205026 0.000000 0.000000 1.000000 0.000000
0.998106 0.061519 0.000000 166.456951 -0.061519 0.998106 0.000000 -12.318051 0.000000 0.000000 1.000000 0.000000
0.997687 0.067973 0.000000 168.508610 -0.067973 0.997687 0.000000 -12.411400 0.000000 0.000000 1.000000 0.000000
0.997040 0.076885 0.000000 170.566472 -0.076885 0.997040 0.000000 -12.616441 0.000000 0.000000 1.000000 0.000000
0.996347 0.085393 0.000000 172.615121 -0.085393 0.996347 0.000000 -12.784635 0.000000 0.000000 1.000000 0.000000
0.995614 0.093554 0.000000 174.659203 -0.093554 0.995614 0.000000 -12.955445 0.000000 0.000000 1.000000 0.000000
0.994943 0.100437 0.000000 176.687007 -0.100437 0.994943 0.000000 -13.173944 0.000000 0.000000 1.000000 0.000000
0.994654 0.103262 0.000000 178.715778 -0.103262 0.994654 0.000000 -13.400602 0.000000 0.000000 1.000000 0.000000
0.994686 0.102957 0.000000 180.736164 -0.102957 0.994686 0.000000 -13.600053 0.000000 0.000000 1.000000 0.000000
0.994566 0.104108 0.000000 182.713164 -0.104108 0.994566 0.000000 -13.856414 0.000000 0.000000 1.000000 0.000000
0.994651 0.103291 0.000000 184.608224 -0.103291 0.994651 0.000000 -14.105654 0.000000 0.000000 1.000000 0.000000
0.994774 0.102104 0.000000 186.546902 -0.102104 0.994774 0.000000 -14.354777 0.000000 0.000000 1.000000 0.000000
0.995121 0.098666 0.000000 188.603772 -0.098666 0.995121 0.000000 -14.287410 0.000000 0.000000 1.000000 0.000000
0.995479 0.094983 0.000000 190.356521 -0.094983 0.995479 0.000000 -14.598192 0.000000 0.000000 1.000000 0.000000
0.995944 0.089970 0.000000 192.347262 -0.089970 0.995944 0.000000 -14.771125 0.000000 0.000000 1.000000 0.000000
0.996263 0.086369 0.000000 194.419881 -0.086369 0.996263 0.000000 -14.901105 0.000000 0.000000 1.000000 0.000000
0.996258 0.086431 0.000000 196.385984 -0.086431 0.996258 0.000000 -15.116626 0.000000 0.000000 1.000000 0.000000
0.996362 0.085216 0.000000 198.373791 -0.085216 0.996362 0.000000 -15.230512 0.000000 0.000000 1.000000 0.000000
0.996547 0.083025 0.000000 200.411054 -0.083025 0.996547 0.000000 -15.366515 0.000000 0.000000 1.000000 0.000000
0.996734 0.080760 0.000000 202.449783 -0.080760 0.996734 0.000000 -15.546252 0.000000 0.000000 1.000000 0.000000
0.996807 0.079844 0.000000 204.522205 -0.079844 0.996807 0.000000 -15.681706 0.000000 0.000000 1.000000 0.000000
0.996906 0.078603 0.000000 206.604270 -0.078603 0.996906 0.000000 -15.826841 0.000000 0.000000 1.000000 0.000000
0.997079 0.076372 0.000000 208.694846 -0.076372 0.997079 0.000000 -16.017852 0.000000 0.000000 1.000000 0.000000
0.997219 0.074524 0.000000 210.786124 -0.074524 0.997219 0.000000 -16.130748 0.000000 0.000000 1.000000 0.000000
0.997349 0.072765 0.000000 212.864311 -0.072765 0.997349 0.000000 -16.319502 0.000000 0.000000 1.000000 0.000000
0.997577 0.069575 0.000000 214.966064 -0.069575 0.997577 0.000000 -16.445505 0.000000 0.000000 1.000000 0.000000
0.997851 0.065521 0.000000 217.030184 -0.065521 0.997851 0.000000 -16.608598 0.000000 0.000000 1.000000 0.000000
0.998160 0.060640 0.000000 219.079520 -0.060640 0.998160 0.000000 -16.725575 0.000000 0.000000 1.000000 0.000000
0.998291 0.058437 0.000000 221.131229 -0.058437 0.998291 0.000000 -16.787463 0.000000 0.000000 1.000000 0.000000
0.998428 0.056049 0.000000 223.097408 -0.056049 0.998428 0.000000 -16.911238 0.000000 0.000000 1.000000 0.000000
0.998477 0.055162 0.000000 225.052983 -0.055162 0.998477 0.000000 -17.039589 0.000000 0.000000 1.000000 0.000000
0.998601 0.052872 0.000000 227.024795 -0.052872 0.998601 0.000000 -17.089636 0.000000 0.000000 1.000000 0.000000
0.998648 0.051978 0.000000 228.919695 -0.051978 0.998648 0.000000 -17.197993 0.000000 0.000000 1.000000 0.000000
0.998711 0.050760 0.000000 230.765119 -0.050760 0.998711 0.000000 -17.281749 0.000000 0.000000 1.000000 0.000000
0.998769 0.049593 0.000000 232.587774 -0.049593 0.998769 0.000000 -17.353116 0.000000 0.000000 1.000000 0.000000
0.998920 0.046466 0.000000 234.437389 -0.046466 0.998920 0.000000 -17.417603 0.000000 0.000000 1.000000 0.000000
0.998860 0.047735 0.000000 236.258597 -0.047735 0.998860 0.000000 -17.465929 0.000000 0.000000 1.000000 0.000000
0.998944 0.045948 0.000000 238.132963 -0.045948 0.998944 0.000000 -17.551857 0.000000 0.000000 1.000000 0.000000
0.999069 0.043141 0.000000 240.093535 -0.043141 0.999069 0.000000 -17.717843 0.000000 0.000000 1.000000 0.000000
0.999127 0.041788 0.000000 241.949832 -0.041788 0.999127 0.000000 -17.721303 0.000000 0.000000 1.000000 0.000000
0.999143 0.041393 0.000000 243.820431 -0.041393 0.999143 0.000000 -17.765692 0.000000 0.000000 1.000000 0.000000
0.999229 0.039266 0.000000 245.800402 -0.039266 0.999229 0.000000 -17.814959 0.000000 0.000000 1.000000 0.000000
0.999402 0.034591 0.000000 247.783213 -0.034591 0.999402 0.000000 -17.854091 0.000000 0.000000 1.000000 0.000000
0.999602 0.028216 0.000000 249.788627 -0.028216 0.999602 0.000000 -17.925642 0.000000 0.000000 1.000000 0.000000
0.999773 0.021299 0.000000 251.799156 -0.021299 0.999773 0.000000 -17.959733 0.000000 0.000000 1.000000 0.000000
0.999890 0.014800 0.000000 253.836538 -0.014800 0.999890 0.000000 -18.001432 0.000000 0.000000 1.000000 0.000000
0.999961 0.008869 0.000000 255.932699 -0.008869 0.999961 0.000000 -17.966317 0.000000 0.000000 1.000000 0.000000
0.999997 0.002484 0.000000 258.054456 -0.002484 0.999997 0.000000 -17.987855 0.000000 0.000000 1.000000 0.000000
0.999992 -0.003969 0.000000 260.152529 0.003969 0.999992 0.000000 -17.964137 0.000000 0.000000 1.000000 0.000000
0.999948 -0.010190 0.000000 262.309745 0.010190 0.999948 0.000000 -17.920424 0.000000 0.000000 1.000000 0.000000
0.999873 -0.015932 0.000000 264.517844 0.015932 0.999873 0.000000 -17.894520 0.000000 0.000000 1.000000 0.000000
0.999798 -0.020082 0.000000 266.706631 0.020082 0.999798 0.000000 -17.773368 0.000000 0.000000 1.000000 0.000000
0.999788 -0.020596 0.000000 268.877884 0.020596 0.999788 0.000000 -17.740688 0.000000 0.000000 1.000000 0.000000
0.999792 -0.020373 0.000000 271.079267 0.020373 0.999792 0.000000 -17.711617 0.000000 0.000000 1.000000 0.000000
0.999786 -0.020704 0.000000 273.255462 0.020704 0.999786 0.000000 -17.677585 0.000000 0.000000 1.000000 0.000000
0.999785 -0.020745 0.000000 275.464921 0.020745 0.999785 0.000000 -17.619298 0.000000 0.000000 1.000000 0.000000
0.999811 -0.019444 0.000000 277.689398 0.019444 0.999811 0.000000 -17.554855 0.000000 0.000000 1.000000 0.000000
0.999840 -0.017867 0.000000 279.930691 0.017867 0.999840 0.000000 -17.519658 0.000000 0.000000 1.000000 0.000000
0.999886 -0.015088 0.000000 282.079798 0.015088 0.999886 0.000000 -17.460820 0.000000 0.000000 1.000000 0.000000
0.999913 -0.013219 0.000000 284.285559 0.013219 0.999913 0.000000 -17.422727 0.000000 0.000000 1.000000 0.000000
0.999902 -0.014011 0.000000 286.488791 0.014011 0.999902 0.000000 -17.376654 0.000000 0.000000 1.000000 0.000000
0.999892 -0.014670 0.000000 288.634318 0.014670 0.999892 0.000000 -17.321754 0.000000 0.000000 1.000000 0.000000
0.999887 -0.015006 0.000000 290.753002 0.015006 0.999887 0.000000 -17.286749 0.000000 0.000000 1.000000 0.000000
0.999890 -0.014850 0.000000 292.864069 0.014850 0.999890 0.000000 -17.249100 0.000000 0.000000 1.000000 0.000000
0.999880 -0.015468 0.000000 294.888538 0.015468 0.999880 0.000000 -17.233217 0.000000 0.000000 1.000000 0.000000
0.999872 -0.015992 0.000000 297.135649 0.015992 0.999872 0.000000 -17.110225 0.000000 0.000000 1.000000 0.000000
0.999844 -0.017674 0.000000 299.347180 0.017674 0.999844 0.000000 -17.049322 0.000000 0.000000 1.000000 0.000000
0.999798 -0.020081 0.000000 301.435636 0.020081 0.999798 0.000000 -17.045112 0.000000 0.000000 1.000000 0.000000
0.999781 -0.020921 0.000000 303.628658 0.020921 0.999781 0.000000 -16.967547 0.000000 0.000000 1.000000 0.000000
0.999760 -0.021888 0.000000 305.812710 0.021888 0.999760 0.000000 -16.923213 0.000000 0.000000 1.000000 0.000000
0.999729 -0.023299 0.000000 308.074998 0.023299 0.999729 0.000000 -16.846895 0.000000 0.000000 1.000000 0.000000
0.999702 -0.024429 0.000000 310.328060 0.024429 0.999702 0.000000 -16.828343 0.000000 0.000000 1.000000 0.000000
0.999657 -0.026190 0.000000 312.546407 0.026190 0.999657 0.000000 -16.755809 0.000000 0.000000 1.000000 0.000000
0.999599 -0.028322 0.000000 314.799525 0.028322 0.999599 0.000000 -16.636589 0.000000 0.000000 1.000000 0.000000
0.999499 -0.031637 0.000000 317.040362 0.031637 0.999499 0.000000 -16.561097 0.000000 0.000000 1.000000 0.000000
0.999384 -0.035108 0.000000 319.306353 0.035108 0.999384 0.000000 -16.518114 0.000000 0.000000 1.000000 0.000000
0.999241 -0.038948 0.000000 321.527787 0.038948 0.999241 0.000000 -16.397523 0.000000 0.000000 1.000000 0.000000
0.999095 -0.042540 0.000000 323.755811 0.042540 0.999095 0.000000 -16.275337 0.000000 0.000000 1.000000 0.000000
0.998907 -0.046733 0.000000 325.946623 0.046733 0.998907 0.000000 -16.186389 0.000000 0.000000 1.000000 0.000000
0.998729 -0.050411 0.000000 328.137485 0.050411 0.998729 0.000000 -16.081373 0.000000 0.000000 1.000000 0.000000
0.998573 -0.053396 0.000000 330.273508 0.053396 0.998573 0.000000 -15.960204 0.000000 0.000000 1.000000 0.000000
0.998429 -0.056033 0.000000 332.335528 0.056033 0.998429 0.000000 -15.795966 0.000000 0.000000 1.000000 0.000000
0.998193 -0.060091 0.000000 334.448558 0.060091 0.998193 0.000000 -15.695824 0.000000 0.000000 1.000000 0.000000
0.997917 -0.064505 0.000000 336.554036 0.064505 0.997917 0.000000 -15.492291 0.000000 0.000000 1.000000 0.000000
0.997393 -0.072160 0.000000 338.566931 0.072160 0.997393 0.000000 -15.359443 0.000000 0.000000 1.000000 0.000000
0.996838 -0.079463 0.000000 340.650843 0.079463 0.996838 0.000000 -15.204571 0.000000 0.000000 1.000000 0.000000
0.996269 -0.086307 0.000000 342.722238 0.086307 0.996269 0.000000 -15.035289 0.000000 0.000000 1.000000 0.000000
0.995814 -0.091399 0.000000 344.753131 0.091399 0.995814 0.000000 -14.809817 0.000000 0.000000 1.000000 0.000000
0.995206 -0.097805 0.000000 346.771234 0.097805 0.995206 0.000000 -14.607361 0.000000 0.000000 1.000000 0.000000
0.994679 -0.103022 0.000000 348.841741 0.103022 0.994679 0.000000 -14.420527 0.000000 0.000000 1.000000 0.000000
0.994480 -0.104930 0.000000 350.841039 0.104930 0.994480 0.000000 -14.145329 0.000000 0.000000 1.000000 0.000000
0.994308 -0.106548 0.000000 352.847998 0.106548 0.994308 0.000000 -13.917731 0.000000 0.000000 1.000000 0.000000
0.994331 -0.106330 0.000000 354.888361 0.106330 0.994331 0.000000 -13.659899 0.000000 0.000000 1.000000 0.000000
0.994103 -0.108441 0.000000 356.818048 0.108441 0.994103 0.000000 -13.431320 0.000000 0.000000 1.000000 0.000000
0.994083 -0.108619 0.000000 358.802312 0.108619 0.994083 0.000000 -13.216678 0.000000 0.000000 1.000000 0.000000
0.993819 -0.111016 0.000000 360.721482 0.111016 0.993819 0.000000 -12.929664 0.000000 0.000000 1.000000 0.000000
0.993597 -0.112985 0.000000 362.648921 0.112985 0.993597 0.000000 -12.735802 0.000000 0.000000 1.000000 0.000000
0.993327 -0.115336 0.000000 364.551774 0.115336 0.993327 0.000000 -12.501150 0.000000 0.000000 1.000000 0.000000
0.992920 -0.118785 0.000000 366.491240 0.118785 0.992920 0.000000 -12.264242 0.000000 0.000000 1.000000 0.000000
0.992484 -0.122377 0.000000 368.438806 0.122377 0.992484 0.000000 -12.078573 0.000000 0.000000 1.000000 0.000000
0.992036 -0.125952 0.000000 370.415912 0.125952 0.992036 0.000000 -11.772437 0.000000 0.000000 1.000000 0.000000
0.991594 -0.129385 0.000000 372.331333 0.129385 0.991594 0.000000 -11.555860 0.000000 0.000000 1.000000 0.000000
0.991422 -0.130701 0.000000 374.359929 0.130701 0.991422 0.000000 -11.233364 0.000000 0.000000 1.000000 0.000000
0.991222 -0.132207 0.000000 376.407596 0.132207 0.991222 0.000000 -10.943165 0.000000 0.000000 1.000000 0.000000
0.991066 -0.133370 0.000000 378.428095 0.133370 0.991066 0.000000 -10.637085 0.000000 0.000000 1.000000 0.000000
0.991051 -0.133485 0.000000 380.536226 0.133485 0.991051 0.000000 -10.384694 0.000000 0.000000 1.000000 0.000000
0.991327 -0.131420 0.000000 382.557877 0.131420 0.991327 0.000000 -10.089461 0.000000 0.000000 1.000000 0.000000
0.991650 -0.128959 0.000000 384.618205 0.128959 0.991650 0.000000 -9.754059 0.000000 0.000000 1.000000 0.000000
0.992062 -0.125750 0.000000 386.736456 0.125750 0.992062 0.000000 -9.492115 0.000000 0.000000 1.000000 0.000000
0.992526 -0.122030 0.000000 388.768718 0.122030 0.992526 0.000000 -9.254840 0.000000 0.000000 1.000000 0.000000
0.993036 -0.117812 0.000000 390.831732 0.117812 0.993036 0.000000 -9.005813 0.000000 0.000000 1.000000 0.000000
0.993354 -0.115099 0.000000 392.792065 0.115099 0.993354 0.000000 -8.766574 0.000000 0.000000 1.000000 0.000000
0.993484 -0.113975 0.000000 394.807334 0.113975 0.993484 0.000000 -8.547836 0.000000 0.000000 1.000000 0.000000
0.993175 -0.116636 0.000000 396.730593 0.116636 0.993175 0.000000 -8.311692 0.000000 0.000000 1.000000 0.000000
0.993031 -0.117855 0.000000 398.654807 0.117855 0.993031 0.000000 -8.045275 0.000000 0.000000 1.000000 0.000000
0.992775 -0.119991 0.000000 400.640522 0.119991 0.992775 0.000000 -7.886048 0.000000 0.000000 1.000000 0.000000
0.992519 -0.122088 0.000000 402.629714 0.122088 0.992519 0.000000 -7.568818 0.000000 0.000000 1.000000 0.000000
0.992282 -0.124003 0.000000 404.473552 0.124003 0.992282 0.000000 -7.328563 0.000000 0.000000 1.000000 0.000000
0.991704 -0.128545 0.000000 406.459694 0.128545 0.991704 0.000000 -7.027735 0.000000 0.000000 1.000000 0.000000
0.991196 -0.132403 0.000000 408.437135 0.132403 0.991196 0.000000 -6.753499 0.000000 0.000000 1.000000 0.000000
0.990610 -0.136719 0.000000 410.529809 0.136719 0.990610 0.000000 -6.463825 0.000000 0.000000 1.000000 0.000000
0.990185 -0.139761 0.000000 412.544608 0.139761 0.990185 0.000000 -6.157739 0.000000 0.000000 1.000000 0.000000
0.989281 -0.146024 0.000000 414.604125 0.146024 0.989281 0.000000 -5.850791 0.000000 0.000000 1.000000 0.000000
0.988395 -0.151902 0.000000 416.663627 0.151902 0.988395 0.000000 -5.559884 0.000000 0.000000 1.000000 0.000000
0.987208 -0.159439 0.000000 418.731376 0.159439 0.987208 0.000000 -5.209722 0.000000 0.000000 1.000000 0.000000
0.986082 -0.166262 0.000000 420.853322 0.166262 0.986082 0.000000 -4.888261 0.000000 0.000000 1.000000 0.000000
0.984128 -0.177460 0.000000 422.944321 0.177460 0.984128 0.000000 -4.474736 0.000000 0.000000 1.000000 0.000000
0.982131 -0.188201 0.000000 425.084834 0.188201 0.982131 0.000000 -4.030725 0.000000 0.000000 1.000000 0.000000
0.980150 -0.198257 0.000000 427.256123 0.198257 0.980150 0.000000 -3.646803 0.000000 0.000000 1.000000 0.000000
0.978199 -0.207669 0.000000 429.385389 0.207669 0.978199 0.000000 -3.105472 0.000000 0.000000 1.000000 0.000000
0.976376 -0.216079 0.000000 431.546546 0.216079 0.976376 0.000000 -2.660249 0.000000 0.000000 1.000000 0.000000
0.974499 -0.224391 0.000000 433.659269 0.224391 0.974499 0.000000 -2.163283 0.000000 0.000000 1.000000 0.000000
0.972528 -0.232788 0.000000 435.811994 0.232788 0.972528 0.000000 -1.697231 0.000000 0.000000 1.000000 0.000000
0.970544 -0.240922 0.000000 438.003014 0.240922 0.970544 0.000000 -1.118704 0.000000 0.000000 1.000000 0.000000
0.968556 -0.248795 0.000000 440.107794 0.248795 0.968556 0.000000 -0.610351 0.000000 0.000000 1.000000 0.000000
0.966640 -0.256138 0.000000 442.187644 0.256138 0.966640 0.000000 0.023654 0.000000 0.000000 1.000000 0.000000
0.964697 -0.263360 0.000000 444.256330 0.263360 0.964697 0.000000 0.527340 0.000000 0.000000 1.000000 0.000000
0.963644 -0.267189 0.000000 446.245429 0.267189 0.963644 0.000000 1.129612 0.000000 0.000000 1.000000 0.000000
0.962600 -0.270926 0.000000 448.149428 0.270926 0.962600 0.000000 1.650108 0.000000 0.000000 1.000000 0.000000
0.961845 -0.273594 0.000000 450.019165 0.273594 0.961845 0.000000 2.219995 0.000000 0.000000 1.000000 0.000000
0.960611 -0.277898 0.000000 451.717960 0.277898 0.960611 0.000000 2.717517 0.000000 0.000000 1.000000 0.000000
0.959810 -0.280651 0.000000 453.421110 0.280651 0.959810 0.000000 3.222945 0.000000 0.000000 1.000000 0.000000
0.958333 -0.285654 0.000000 455.030081 0.285654 0.958333 0.000000 3.703638 0.000000 0.000000 1.000000 0.000000
0.957106 -0.289739 0.000000 456.612479 0.289739 0.957106 0.000000 4.126156 0.000000 0.000000 1.000000 0.000000
0.955956 -0.293510 0.000000 458.169542 0.293510 0.955956 0.000000 4.614044 0.000000 0.000000 1.000000 0.000000
0.954931 -0.296828 0.000000 459.689908 0.296828 0.954931 0.000000 5.132410 0.000000 0.000000 1.000000 0.000000
0.953166 -0.302447 0.000000 461.321454 0.302447 0.953166 0.000000 5.556993 0.000000 0.000000 1.000000 0.000000
0.952235 -0.305366 0.000000 462.761449 0.305366 0.952235 0.000000 6.059926 0.000000 0.000000 1.000000 0.000000
0.951419 -0.307899 0.000000 464.249410 0.307899 0.951419 0.000000 6.596688 0.000000 0.000000 1.000000 0.000000
0.950431 -0.310936 0.000000 465.736331 0.310936 0.950431 0.000000 7.063830 0.000000 0.000000 1.000000 0.000000
0.949453 -0.313908 0.000000 467.205103 0.313908 0.949453 0.000000 7.558721 0.000000 0.000000 1.000000 0.000000
0.949209 -0.314645 0.000000 468.664562 0.314645 0.949209 0.000000 8.055975 0.000000 0.000000 1.000000 0.000000
0.948906 -0.315559 0.000000 470.050406 0.315559 0.948906 0.000000 8.551337 0.000000 0.000000 1.000000 0.000000
0.949277 -0.314442 0.000000 471.411990 0.314442 0.949277 0.000000 9.011878 0.000000 0.000000 1.000000 0.000000
0.949575 -0.313539 0.000000 472.700391 0.313539 0.949575 0.000000 9.430930 0.000000 0.000000 1.000000 0.000000
0.951017 -0.309138 0.000000 474.044426 0.309138 0.951017 0.000000 9.850605 0.000000 0.000000 1.000000 0.000000
0.955102 -0.296278 0.000000 475.356391 0.296278 0.955102 0.000000 10.229756 0.000000 0.000000 1.000000 0.000000
0.963544 -0.267550 0.000000 476.620964 0.267550 0.963544 0.000000 10.600361 0.000000 0.000000 1.000000 0.000000
0.973393 -0.229142 0.000000 477.818677 0.229142 0.973393 0.000000 10.852160 0.000000 0.000000 1.000000 0.000000
0.984475 -0.175526 0.000000 479.016479 0.175526 0.984475 0.000000 10.998474 0.000000 0.000000 1.000000 0.000000
0.994257 -0.107017 0.000000 480.221366 0.107017 0.994257 0.000000 11.039299 0.000000 0.000000 1.000000 0.000000
0.999770 -0.021462 0.000000 481.306208 0.021462 0.999770 0.000000 10.937800 0.000000 0.000000 1.000000 0.000000
0.997285 0.073638 0.000000 482.396560 -0.073638 0.997285 0.000000 10.787105 0.000000 0.000000 1.000000 0.000000
0.984100 0.177616 0.000000 483.414244 -0.177616 0.984100 0.000000 10.458973 0.000000 0.000000 1.000000 0.000000
0.958842 0.283941 0.000000 484.350505 -0.283941 0.958842 0.000000 10.086576 0.000000 0.000000 1.000000 0.000000
0.921279 0.388901 0.000000 485.246392 -0.388901 0.921279 0.000000 9.640797 0.000000 0.000000 1.000000 0.000000
0.869499 0.493935 0.000000 486.141379 -0.493935 0.869499 0.000000 8.954175 0.000000 0.000000 1.000000 0.000000
0.803915 0.594744 0.000000 486.880549 -0.594744 0.803915 0.000000 8.285625 0.000000 0.000000 1.000000 0.000000
0.723107 0.690736 0.000000 487.570536 -0.690736 0.723107 0.000000 7.438630 0.000000 0.000000 1.000000 0.000000
0.629096 0.777328 0.000000 488.146927 -0.777328 0.629096 0.000000 6.590239 0.000000 0.000000 1.000000 0.000000
0.521770 0.853086 0.000000 488.598555 -0.853086 0.521770 0.000000 5.570856 0.000000 0.000000 1.000000 0.000000
0.406271 0.913753 0.000000 488.885368 -0.913753 0.406271 0.000000 4.582709 0.000000 0.000000 1.000000 0.000000
0.289619 0.957142 0.000000 489.067168 -0.957142 0.289619 0.000000 3.546046 0.000000 0.000000 1.000000 0.000000
0.190596 0.981668 0.000000 489.095995 -0.981668 0.190596 0.000000 2.502401 0.000000 0.000000 1.000000 0.000000
0.124402 0.992232 0.000000 489.150052 -0.992232 0.124402 0.000000 1.346880 0.000000 0.000000 1.000000 0.000000
0.091417 0.995813 0.000000 489.324181 -0.995813 0.091417 0.000000 0.072040 0.000000 0.000000 1.000000 0.000000
0.068848 0.997627 0.000000 489.581503 -0.997627 0.068848 0.000000 -1.466769 0.000000 0.000000 1.000000 0.000000
0.046882 0.998900 0.000000 489.598999 -0.998900 0.046882 0.000000 -2.816085 0.000000 0.000000 1.000000 0.000000
0.024445 0.999701 0.000000 489.579491 -0.999701 0.024445 0.000000 -4.211475 0.000000 0.000000 1.000000 0.000000
0.010111 0.999949 0.000000 489.576945 -0.999949 0.010111 0.000000 -5.598152 0.000000 0.000000 1.000000 0.000000
0.001789 0.999998 0.000000 489.582099 -0.999998 0.001789 0.000000 -7.148633 0.000000 0.000000 1.000000 0.000000
-0.006583 0.999978 0.000000 489.549126 -0.999978 -0.006583 0.000000 -8.734080 0.000000 0.000000 1.000000 0.000000
-0.009559 0.999954 0.000000 489.572582 -0.999954 -0.009559 0.000000 -10.296225 0.000000 0.000000 1.000000 0.000000
-0.010712 0.999943 0.000000 489.544703 -0.999943 -0.010712 0.000000 -11.931517 0.000000 0.000000 1.000000 0.000000
-0.008986 0.999960 0.000000 489.525462 -0.999960 -0.008986 0.000000 -13.633394 0.000000 0.000000 1.000000 0.000000
-0.007450 0.999972 0.000000 489.560039 -0.999972 -0.007450 0.000000 -15.356287 0.000000 0.000000 1.000000 0.000000
-0.006126 0.999981 0.000000 489.510505 -0.999981 -0.006126 0.000000 -17.153583 0.000000 0.000000 1.000000 0.000000
-0.004364 0.999990 0.000000 489.484560 -0.999990 -0.004364 0.000000 -18.935617 0.000000 0.000000 1.000000 0.000000
-0.003558 0.999994 0.000000 489.501231 -0.999994 -0.003558 0.000000 -20.766120 0.000000 0.000000 1.000000 0.000000
-0.003313 0.999995 0.000000 489.512017 -0.999995 -0.003313 0.000000 -22.661107 0.000000 0.000000 1.000000 0.000000
-0.003930 0.999992 0.000000 489.458443 -0.999992 -0.003930 0.000000 -24.600863 0.000000 0.000000 1.000000 0.000000
-0.002292 0.999997 0.000000 489.515604 -0.999997 -0.002292 0.000000 -26.508405 0.000000 0.000000 1.000000 0.000000
-0.000271 1.000000 0.000000 489.525805 -1.000000 -0.000271 0.000000 -28.512101 0.000000 0.000000 1.000000 0.000000
0.003428 0.999994 0.000000 489.493235 -0.999994 0.003428 0.000000 -30.566110 0.000000 0.000000 1.000000 0.000000
0.008116 0.999967 0.000000 489.554725 -0.999967 0.008116 0.000000 -32.656607 0.000000 0.000000 1.000000 0.000000
0.013796 0.999905 0.000000 489.505492 -0.999905 0.013796 0.000000 -34.710602 0.000000 0.000000 1.000000 0.000000
0.014517 0.999895 0.000000 489.496822 -0.999895 0.014517 0.000000 -36.839582 0.000000 0.000000 1.000000 0.000000
0.009371 0.999956 0.000000 489.528516 -0.999956 0.009371 0.000000 -38.895469 0.000000 0.000000 1.000000 0.000000
0.005755 0.999983 0.000000 489.523878 -0.999983 0.005755 0.000000 -41.030515 0.000000 0.000000 1.000000 0.000000
0.001557 0.999999 0.000000 489.520325 -0.999999 0.001557 0.000000 -43.127098 0.000000 0.000000 1.000000 0.000000
-0.002230 0.999998 0.000000 489.540896 -0.999998 -0.002230 0.000000 -45.229094 0.000000 0.000000 1.000000 0.000000
-0.004802 0.999988 0.000000 489.519860 -0.999988 -0.004802 0.000000 -47.401700 0.000000 0.000000 1.000000 0.000000
-0.006394 0.999980 0.000000 489.583267 -0.999980 -0.006394 0.000000 -49.505002 0.000000 0.000000 1.000000 0.000000
-0.002465 0.999997 0.000000 489.525833 -0.999997 -0.002465 0.000000 -51.697308 0.000000 0.000000 1.000000 0.000000
0.000695 1.000000 0.000000 489.530549 -1.000000 0.000695 0.000000 -53.713406 0.000000 0.000000 1.000000 0.000000
0.004848 0.999988 0.000000 489.564106 -0.999988 0.004848 0.000000 -55.789701 0.000000 0.000000 1.000000 0.000000
0.007312 0.999973 0.000000 489.572247 -0.999973 0.007312 0.000000 -57.824917 0.000000 0.000000 1.000000 0.000000
0.009209 0.999958 0.000000 489.577588 -0.999958 0.009209 0.000000 -59.686474 0.000000 0.000000 1.000000 0.000000
0.008761 0.999962 0.000000 489.630519 -0.999962 0.008761 0.000000 -61.574455 0.000000 0.000000 1.000000 0.000000
0.005199 0.999986 0.000000 489.649901 -0.999986 0.005199 0.000000 -63.347280 0.000000 0.000000 1.000000 0.000000
0.003244 0.999995 0.000000 489.615836 -0.999995 0.003244 0.000000 -64.923564 0.000000 0.000000 1.000000 0.000000
0.002448 0.999997 0.000000 489.659365 -0.999997 0.002448 0.000000 -66.610199 0.000000 0.000000 1.000000 0.000000
0.002131 0.999998 0.000000 489.660138 -0.999998 0.002131 0.000000 -68.161144 0.000000 0.000000 1.000000 0.000000
0.001218 0.999999 0.000000 489.665942 -0.999999 0.001218 0.000000 -69.762964 0.000000 0.000000 1.000000 0.000000
0.001918 0.999998 0.000000 489.620725 -0.999998 0.001918 0.000000 -71.296938 0.000000 0.000000 1.000000 0.000000
0.003195 0.999995 0.000000 489.624001 -0.999995 0.003195 0.000000 -72.771779 0.000000 0.000000 1.000000 0.000000
0.002162 0.999998 0.000000 489.825198 -0.999998 0.002162 0.000000 -74.443864 0.000000 0.000000 1.000000 0.000000
0.007287 0.999973 0.000000 489.784944 -0.999973 0.007287 0.000000 -76.067644 0.000000 0.000000 1.000000 0.000000
0.009183 0.999958 0.000000 489.704763 -0.999958 0.009183 0.000000 -77.515921 0.000000 0.000000 1.000000 0.000000
0.010183 0.999948 0.000000 489.784852 -0.999948 0.010183 0.000000 -79.124539 0.000000 0.000000 1.000000 0.000000
0.012547 0.999921 0.000000 489.774130 -0.999921 0.012547 0.000000 -80.715793 0.000000 0.000000 1.000000 0.000000
0.012054 0.999927 0.000000 489.832641 -0.999927 0.012054 0.000000 -82.400117 0.000000 0.000000 1.000000 0.000000
0.013040 0.999915 0.000000 489.880646 -0.999915 0.013040 0.000000 -84.018224 0.000000 0.000000 1.000000 0.000000
0.012912 0.999917 0.000000 489.918762 -0.999917 0.012912 0.000000 -85.721240 0.000000 0.000000 1.000000 0.000000
0.012993 0.999916 0.000000 489.933866 -0.999916 0.012993 0.000000 -87.385074 0.000000 0.000000 1.000000 0.000000
0.010242 0.999948 0.000000 489.984150 -0.999948 0.010242 0.000000 -89.025114 0.000000 0.000000 1.000000 0.000000
0.006720 0.999977 0.000000 489.961096 -0.999977 0.006720 0.000000 -90.659154 0.000000 0.000000 1.000000 0.000000
0.004606 0.999989 0.000000 489.990443 -0.999989 0.004606 0.000000 -92.267774 0.000000 0.000000 1.000000 0.000000
0.002066 0.999998 0.000000 489.976168 -0.999998 0.002066 0.000000 -93.874543 0.000000 0.000000 1.000000 0.000000
0.001807 0.999998 0.000000 489.971560 -0.999998 0.001807 0.000000 -95.495293 0.000000 0.000000 1.000000 0.000000
0.002433 0.999997 0.000000 490.004933 -0.999997 0.002433 0.000000 -97.099443 0.000000 0.000000 1.000000 0.000000
0.002155 0.999998 0.000000 489.974312 -0.999998 0.002155 0.000000 -98.689201 0.000000 0.000000 1.000000 0.000000
0.002608 0.999997 0.000000 490.006969 -0.999997 0.002608 0.000000 -100.232216 0.000000 0.000000 1.000000 0.000000
0.001889 0.999998 0.000000 489.948122 -0.999998 0.001889 0.000000 -101.754704 0.000000 0.000000 1.000000 0.000000
0.000159 1.000000 0.000000 490.053192 -1.000000 0.000159 0.000000 -103.357116 0.000000 0.000000 1.000000 0.000000
0.001244 0.999999 0.000000 489.980216 -0.999999 0.001244 0.000000 -105.067240 0.000000 0.000000 1.000000 0.000000
0.004284 0.999991 0.000000 490.063784 -0.999991 0.004284 0.000000 -106.450487 0.000000 0.000000 1.000000 0.000000
0.004858 0.999988 0.000000 490.168094 -0.999988 0.004858 0.000000 -108.012571 0.000000 0.000000 1.000000 0.000000
0.005632 0.999984 0.000000 490.122855 -0.999984 0.005632 0.000000 -109.652294 0.000000 0.000000 1.000000 0.000000
0.006163 0.999981 0.000000 490.139841 -0.999981 0.006163 0.000000 -111.221363 0.000000 0.000000 1.000000 0.000000
0.006485 0.999979 0.000000 490.136343 -0.999979 0.006485 0.000000 -112.829927 0.000000 0.000000 1.000000 0.000000
0.007411 0.999973 0.000000 490.171891 -0.999973 0.007411 0.000000 -114.380736 0.000000 0.000000 1.000000 0.000000
0.006998 0.999976 0.000000 490.189606 -0.999976 0.006998 0.000000 -115.998749 0.000000 0.000000 1.000000 0.000000
0.008241 0.999966 0.000000 490.178081 -0.999966 0.008241 0.000000 -117.582301 0.000000 0.000000 1.000000 0.000000
0.007246 0.999974 0.000000 490.138290 -0.999974 0.007246 0.000000 -119.167256 0.000000 0.000000 1.000000 0.000000
0.005661 0.999984 0.000000 490.220804 -0.999984 0.005661 0.000000 -120.838169 0.000000 0.000000 1.000000 0.000000
0.001071 0.999999 0.000000 490.300396 -0.999999 0.001071 0.000000 -122.476344 0.000000 0.000000 1.000000 0.000000
-0.000103 1.000000 0.000000 490.191627 -1.000000 -0.000103 0.000000 -124.062077 0.000000 0.000000 1.000000 0.000000
-0.004762 0.999989 0.000000 490.197647 -0.999989 -0.004762 0.000000 -125.691623 0.000000 0.000000 1.000000 0.000000
-0.008417 0.999965 0.000000 490.131235 -0.999965 -0.008417 0.000000 -127.397825 0.000000 0.000000 1.000000 0.000000
-0.013488 0.999909 0.000000 490.110253 -0.999909 -0.013488 0.000000 -129.046243 0.000000 0.000000 1.000000 0.000000
-0.020573 0.999788 0.000000 490.045953 -0.999788 -0.020573 0.000000 -130.694561 0.000000 0.000000 1.000000 0.000000
-0.030771 0.999526 0.000000 489.980089 -0.999526 -0.030771 0.000000 -132.300079 0.000000 0.000000 1.000000 0.000000
-0.045206 0.998978 0.000000 489.900312 -0.998978 -0.045206 0.000000 -133.918908 0.000000 0.000000 1.000000 0.000000
-0.068827 0.997629 0.000000 489.783514 -0.997629 -0.068827 0.000000 -135.574027 0.000000 0.000000 1.000000 0.000000
-0.107089 0.994249 0.000000 489.557624 -0.994249 -0.107089 0.000000 -137.170987 0.000000 0.000000 1.000000 0.000000
