1.000000 0.000402 0.000000 1.764436 -0.000402 1.000000 0.000000 -0.027864 0.000000 0.000000 1.000000 0.000000
1.000000 -0.000110 0.000000 2.169355 0.000110 1.000000 0.000000 -0.027406 0.000000 0.000000 1.000000 0.000000
1.000000 0.000482 0.000000 2.653479 -0.000482 1.000000 0.000000 -0.015941 0.000000 0.000000 1.000000 0.000000
0.999999 0.001240 0.000000 3.191763 -0.001240 0.999999 0.000000 -0.016932 0.000000 0.000000 1.000000 0.000000
1.000000 0.000873 0.000000 3.764259 -0.000873 1.000000 0.000000 -0.014441 0.000000 0.000000 1.000000 0.000000
1.000000 0.000880 0.000000 4.342205 -0.000880 1.000000 0.000000 0.004896 0.000000 0.000000 1.000000 0.000000
1.000000 0.000611 0.000000 5.024776 -0.000611 1.000000 0.000000 -0.026555 0.000000 0.000000 1.000000 0.000000
1.000000 -0.000957 0.000000 5.728433 0.000957 1.000000 0.000000 -0.046383 0.000000 0.000000 1.000000 0.000000
0.999999 -0.001546 0.000000 6.483543 0.001546 0.999999 0.000000 -0.026843 0.000000 0.000000 1.000000 0.000000
0.999998 -0.001974 0.000000 7.269246 0.001974 0.999998 0.000000 -0.031067 0.000000 0.000000 1.000000 0.000000
0.999997 -0.002582 0.000000 8.079164 0.002582 0.999997 0.000000 -0.051934 0.000000 0.000000 1.000000 0.000000
0.999998 -0.002232 0.000000 8.958930 0.002232 0.999998 0.000000 -0.016928 0.000000 0.000000 1.000000 0.000000
0.999996 -0.002779 0.000000 9.865731 0.002779 0.999996 0.000000 -0.008931 0.000000 0.000000 1.000000 0.000000
0.999991 -0.004174 0.000000 10.804474 0.004174 0.999991 0.000000 0.000255 0.000000 0.000000 1.000000 0.000000
0.999984 -0.005728 0.000000 11.758988 0.005728 0.999984 0.000000 -0.007379 0.000000 0.000000 1.000000 0.000000
0.999983 -0.005896 0.000000 12.759802 0.005896 0.999983 0.000000 -0.001084 0.000000 0.000000 1.000000 0.000000
0.999974 -0.007263 0.000000 13.784030 0.007263 0.999974 0.000000 0.034353 0.000000 0.000000 1.000000 0.000000
0.999973 -0.007368 0.000000 14.822923 0.007368 0.999973 0.000000 0.016858 0.000000 0.000000 1.000000 0.000000
0.999968 -0.008027 0.000000 15.916575 0.008027 0.999968 0.000000 0.043941 0.000000 0.000000 1.000000 0.000000
0.999962 -0.008731 0.000000 17.042047 0.008731 0.999962 0.000000 0.043020 0.000000 0.000000 1.000000 0.000000
0.999971 -0.007654 0.000000 18.156016 0.007654 0.999971 0.000000 0.054752 0.000000 0.000000 1.000000 0.000000
0.999956 -0.009341 0.000000 19.314727 0.009341 0.999956 0.000000 0.078038 0.000000 0.000000 1.000000 0.000000
0.999955 -0.009435 0.000000 20.474207 0.009435 0.999955 0.000000 0.083181 0.000000 0.000000 1.000000 0.000000
0.999949 -0.010073 0.000000 21.673465 0.010073 0.999949 0.000000 0.090485 0.000000 0.000000 1.000000 0.000000
0.999957 -0.009315 0.000000 22.861799 0.009315 0.999957 0.000000 0.103728 0.000000 0.000000 1.000000 0.000000
0.999935 -0.011420 0.000000 24.110173 0.011420 0.999935 0.000000 0.079349 0.000000 0.000000 1.000000 0.000000
0.999860 -0.016758 0.000000 25.310077 0.016758 0.999860 0.000000 0.131504 0.000000 0.000000 1.000000 0.000000
0.999670 -0.025704 0.000000 26.484982 0.025704 0.999670 0.000000 0.185886 0.000000 0.000000 1.000000 0.000000
0.999316 -0.036972 0.000000 27.722183 0.036972 0.999316 0.000000 0.220158 0.000000 0.000000 1.000000 0.000000
0.998786 -0.049250 0.000000 28.960568 0.049250 0.998786 0.000000 0.321000 0.000000 0.000000 1.000000 0.000000
0.998022 -0.062859 0.000000 30.186612 0.062859 0.998022 0.000000 0.401410 0.000000 0.000000 1.000000 0.000000
0.997112 -0.075948 0.000000 31.416664 0.075948 0.997112 0.000000 0.554177 0.000000 0.000000 1.000000 0.000000
0.996260 -0.086408 0.000000 32.633717 0.086408 0.996260 0.000000 0.663567 0.000000 0.000000 1.000000 0.000000
0.995046 -0.099415 0.000000 33.889584 0.099415 0.995046 0.000000 0.765608 0.000000 0.000000 1.000000 0.000000
0.993979 -0.109572 0.000000 35.153578 0.109572 0.993979 0.000000 0.927543 0.000000 0.000000 1.000000 0.000000
0.993122 -0.117081 0.000000 36.423208 0.117081 0.993122 0.000000 1.043313 0.000000 0.000000 1.000000 0.000000
0.992606 -0.121384 0.000000 37.705013 0.121384 0.992606 0.000000 1.187627 0.000000 0.000000 1.000000 0.000000
0.992658 -0.120955 0.000000 38.989460 0.120955 0.992658 0.000000 1.376128 0.000000 0.000000 1.000000 0.000000
0.992950 -0.118537 0.000000 40.254817 0.118537 0.992950 0.000000 1.503339 0.000000 0.000000 1.000000 0.000000
0.992949 -0.118541 0.000000 41.569966 0.118541 0.992949 0.000000 1.698172 0.000000 0.000000 1.000000 0.000000
0.993215 -0.116294 0.000000 42.887859 0.116294 0.993215 0.000000 1.855119 0.000000 0.000000 1.000000 0.000000
0.993428 -0.114457 0.000000 44.245010 0.114457 0.993428 0.000000 1.968352 0.000000 0.000000 1.000000 0.000000
0.993570 -0.113222 0.000000 45.567388 0.113222 0.993570 0.000000 2.152232 0.000000 0.000000 1.000000 0.000000
0.993472 -0.114077 0.000000 46.974299 0.114077 0.993472 0.000000 2.274893 0.000000 0.000000 1.000000 0.000000
0.993278 -0.115756 0.000000 48.350736 0.115756 0.993278 0.000000 2.472478 0.000000 0.000000 1.000000 0.000000
0.992820 -0.119617 0.000000 49.785699 0.119617 0.992820 0.000000 2.605455 0.000000 0.000000 1.000000 0.000000
0.992118 -0.125308 0.000000 51.224360 0.125308 0.992118 0.000000 2.807021 0.000000 0.000000 1.000000 0.000000
0.991409 -0.130796 0.000000 52.642408 0.130796 0.991409 0.000000 2.991521 0.000000 0.000000 1.000000 0.000000
0.990253 -0.139279 0.000000 54.122296 0.139279 0.990253 0.000000 3.177025 0.000000 0.000000 1.000000 0.000000
0.989051 -0.147576 0.000000 55.585177 0.147576 0.989051 0.000000 3.452776 0.000000 0.000000 1.000000 0.000000
0.987940 -0.154840 0.000000 57.110651 0.154840 0.987940 0.000000 3.702237 0.000000 0.000000 1.000000 0.000000
0.986751 -0.162241 0.000000 58.630565 0.162241 0.986751 0.000000 3.964713 0.000000 0.000000 1.000000 0.000000
0.985514 -0.169596 0.000000 60.141256 0.169596 0.985514 0.000000 4.219713 0.000000 0.000000 1.000000 0.000000
0.984395 -0.175970 0.000000 61.670264 0.175970 0.984395 0.000000 4.558270 0.000000 0.000000 1.000000 0.000000
0.983048 -0.183346 0.000000 63.155401 0.183346 0.983048 0.000000 4.797465 0.000000 0.000000 1.000000 0.000000
0.981890 -0.189454 0.000000 64.630901 0.189454 0.981890 0.000000 5.106075 0.000000 0.000000 1.000000 0.000000
0.980787 -0.195081 0.000000 66.141122 0.195081 0.980787 0.000000 5.394146 0.000000 0.000000 1.000000 0.000000
0.980263 -0.197699 0.000000 67.624863 0.197699 0.980263 0.000000 5.703308 0.000000 0.000000 1.000000 0.000000
0.980267 -0.197676 0.000000 69.105476 0.197676 0.980267 0.000000 5.983521 0.000000 0.000000 1.000000 0.000000
0.980510 -0.196467 0.000000 70.585568 0.196467 0.980510 0.000000 6.287275 0.000000 0.000000 1.000000 0.000000
0.980839 -0.194818 0.000000 72.015513 0.194818 0.980839 0.000000 6.582076 0.000000 0.000000 1.000000 0.000000
0.981247 -0.192756 0.000000 73.420080 0.192756 0.981247 0.000000 6.892796 0.000000 0.000000 1.000000 0.000000
0.981829 -0.189770 0.000000 74.805846 0.189770 0.981829 0.000000 7.146212 0.000000 0.000000 1.000000 0.000000
0.982347 -0.187068 0.000000 76.102408 0.187068 0.982347 0.000000 7.340489 0.000000 0.000000 1.000000 0.000000
0.982996 -0.183627 0.000000 77.316940 0.183627 0.982996 0.000000 7.619871 0.000000 0.000000 1.000000 0.000000
0.983403 -0.181436 0.000000 78.469229 0.181436 0.983403 0.000000 7.794533 0.000000 0.000000 1.000000 0.000000
0.983588 -0.180430 0.000000 79.571593 0.180430 0.983588 0.000000 7.962639 0.000000 0.000000 1.000000 0.000000
0.983857 -0.178959 0.000000 80.604995 0.178959 0.983857 0.000000 8.142468 0.000000 0.000000 1.000000 0.000000
0.984116 -0.177529 0.000000 81.510112 0.177529 0.984116 0.000000 8.312809 0.000000 0.000000 1.000000 0.000000
0.984378 -0.176068 0.000000 82.321283 0.176068 0.984378 0.000000 8.484543 0.000000 0.000000 1.000000 0.000000
0.984197 -0.177074 0.000000 83.057851 0.177074 0.984197 0.000000 8.598937 0.000000 0.000000 1.000000 0.000000
0.984048 -0.177902 0.000000 83.712516 0.177902 0.984048 0.000000 8.706260 0.000000 0.000000 1.000000 0.000000
0.983928 -0.178566 0.000000 84.242485 0.178566 0.983928 0.000000 8.805927 0.000000 0.000000 1.000000 0.000000
0.983729 -0.179658 0.000000 84.711571 0.179658 0.983729 0.000000 8.887787 0.000000 0.000000 1.000000 0.000000
0.983520 -0.180798 0.000000 85.145024 0.180798 0.983520 0.000000 9.006465 0.000000 0.000000 1.000000 0.000000
0.983093 -0.183107 0.000000 85.486113 0.183107 0.983093 0.000000 9.055397 0.000000 0.000000 1.000000 0.000000
0.983082 -0.183166 0.000000 85.801992 0.183166 0.983082 0.000000 9.116203 0.000000 0.000000 1.000000 0.000000
0.982774 -0.184813 0.000000 86.157010 0.184813 0.982774 0.000000 9.173213 0.000000 0.000000 1.000000 0.000000
0.982564 -0.185923 0.000000 86.519140 0.185923 0.982564 0.000000 9.256740 0.000000 0.000000 1.000000 0.000000
0.982074 -0.188494 0.000000 86.855295 0.188494 0.982074 0.000000 9.303268 0.000000 0.000000 1.000000 0.000000
0.981259 -0.192693 0.000000 87.237674 0.192693 0.981259 0.000000 9.457308 0.000000 0.000000 1.000000 0.000000
0.980084 -0.198585 0.000000 87.661620 0.198585 0.980084 0.000000 9.520498 0.000000 0.000000 1.000000 0.000000
0.978755 -0.205035 0.000000 88.095238 0.205035 0.978755 0.000000 9.644671 0.000000 0.000000 1.000000 0.000000
0.977104 -0.212760 0.000000 88.578303 0.212760 0.977104 0.000000 9.772042 0.000000 0.000000 1.000000 0.000000
0.975122 -0.221668 0.000000 89.165144 0.221668 0.975122 0.000000 9.913382 0.000000 0.000000 1.000000 0.000000
0.972897 -0.231237 0.000000 89.741944 0.231237 0.972897 0.000000 10.063462 0.000000 0.000000 1.000000 0.000000
0.970185 -0.242365 0.000000 90.400168 0.242365 0.970185 0.000000 10.246920 0.000000 0.000000 1.000000 0.000000
0.966948 -0.254974 0.000000 91.111005 0.254974 0.966948 0.000000 10.479403 0.000000 0.000000 1.000000 0.000000
0.962344 -0.271833 0.000000 91.834388 0.271833 0.962344 0.000000 10.672747 0.000000 0.000000 1.000000 0.000000
0.957196 -0.289440 0.000000 92.665941 0.289440 0.957196 0.000000 10.928551 0.000000 0.000000 1.000000 0.000000
0.950873 -0.309581 0.000000 93.508654 0.309581 0.950873 0.000000 11.230431 0.000000 0.000000 1.000000 0.000000
0.943841 -0.330399 0.000000 94.353031 0.330399 0.943841 0.000000 11.598834 0.000000 0.000000 1.000000 0.000000
0.930498 -0.366298 0.000000 96.257622 0.366298 0.930498 0.000000 12.493843 0.000000 0.000000 1.000000 0.000000
0.913512 -0.406812 0.000000 97.357344 0.406812 0.913512 0.000000 12.875765 0.000000 0.000000 1.000000 0.000000
0.901437 -0.432911 0.000000 98.296256 0.432911 0.901437 0.000000 13.372401 0.000000 0.000000 1.000000 0.000000
0.887693 -0.460435 0.000000 99.314863 0.460435 0.887693 0.000000 13.952754 0.000000 0.000000 1.000000 0.000000
0.870678 -0.491854 0.000000 100.369802 0.491854 0.870678 0.000000 14.557516 0.000000 0.000000 1.000000 0.000000
0.851786 -0.523890 0.000000 101.470686 0.523890 0.851786 0.000000 15.245412 0.000000 0.000000 1.000000 0.000000
0.831354 -0.555743 0.000000 102.548711 0.555743 0.831354 0.000000 16.008905 0.000000 0.000000 1.000000 0.000000
0.809481 -0.587146 0.000000 103.598570 0.587146 0.809481 0.000000 16.845828 0.000000 0.000000 1.000000 0.000000
0.785738 -0.618560 0.000000 104.662542 0.618560 0.785738 0.000000 17.808813 0.000000 0.000000 1.000000 0.000000
0.761387 -0.648297 0.000000 105.785887 0.648297 0.761387 0.000000 18.753993 0.000000 0.000000 1.000000 0.000000
0.741065 -0.671433 0.000000 106.883204 0.671433 0.741065 0.000000 19.820143 0.000000 0.000000 1.000000 0.000000
0.725658 -0.688056 0.000000 107.971611 0.688056 0.725658 0.000000 20.876267 0.000000 0.000000 1.000000 0.000000
0.712511 -0.701661 0.000000 109.091817 0.701661 0.712511 0.000000 21.951979 0.000000 0.000000 1.000000 0.000000
0.703245 -0.710947 0.000000 110.239131 0.710947 0.703245 0.000000 23.117082 0.000000 0.000000 1.000000 0.000000
0.698815 -0.715303 0.000000 111.392192 0.715303 0.698815 0.000000 24.256452 0.000000 0.000000 1.000000 0.000000
0.699358 -0.714772 0.000000 112.558159 0.714772 0.699358 0.000000 25.485378 0.000000 0.000000 1.000000 0.000000
0.704373 -0.709830 0.000000 113.756145 0.709830 0.704373 0.000000 26.733190 0.000000 0.000000 1.000000 0.000000
0.709505 -0.704700 0.000000 114.985375 0.704700 0.709505 0.000000 27.943084 0.000000 0.000000 1.000000 0.000000
0.713680 -0.700472 0.000000 116.262121 0.700472 0.713680 0.000000 29.186236 0.000000 0.000000 1.000000 0.000000
0.717839 -0.696209 0.000000 117.587865 0.696209 0.717839 0.000000 30.440529 0.000000 0.000000 1.000000 0.000000
0.721438 -0.692479 0.000000 118.912628 0.692479 0.721438 0.000000 31.758275 0.000000 0.000000 1.000000 0.000000
0.723944 -0.689859 0.000000 120.257925 0.689859 0.723944 0.000000 33.015644 0.000000 0.000000 1.000000 0.000000
0.727040 -0.686595 0.000000 121.670912 0.686595 0.727040 0.000000 34.364900 0.000000 0.000000 1.000000 0.000000
0.730404 -0.683015 0.000000 123.074000 0.683015 0.730404 0.000000 35.696305 0.000000 0.000000 1.000000 0.000000
0.734515 -0.678593 0.000000 124.501183 0.678593 0.734515 0.000000 37.046544 0.000000 0.000000 1.000000 0.000000
0.737029 -0.675861 0.000000 126.017093 0.675861 0.737029 0.000000 38.373708 0.000000 0.000000 1.000000 0.000000
0.740650 -0.671891 0.000000 127.465783 0.671891 0.740650 0.000000 39.756690 0.000000 0.000000 1.000000 0.000000
0.744505 -0.667617 0.000000 128.993588 0.667617 0.744505 0.000000 41.060886 0.000000 0.000000 1.000000 0.000000
0.749836 -0.661624 0.000000 130.524476 0.661624 0.749836 0.000000 42.419957 0.000000 0.000000 1.000000 0.000000
0.757646 -0.652666 0.000000 132.070055 0.652666 0.757646 0.000000 43.770899 0.000000 0.000000 1.000000 0.000000
0.765253 -0.643730 0.000000 133.647823 0.643730 0.765253 0.000000 45.091289 0.000000 0.000000 1.000000 0.000000
0.776071 -0.630646 0.000000 135.272055 0.630646 0.776071 0.000000 46.415154 0.000000 0.000000 1.000000 0.000000
0.786618 -0.617440 0.000000 136.912801 0.617440 0.786618 0.000000 47.656776 0.000000 0.000000 1.000000 0.000000
0.796489 -0.604653 0.000000 138.592798 0.604653 0.796489 0.000000 48.925536 0.000000 0.000000 1.000000 0.000000
0.806409 -0.591359 0.000000 140.284000 0.591359 0.806409 0.000000 50.176465 0.000000 0.000000 1.000000 0.000000
0.815839 -0.578279 0.000000 142.069391 0.578279 0.815839 0.000000 51.390261 0.000000 0.000000 1.000000 0.000000
0.826075 -0.563560 0.000000 143.826872 0.563560 0.826075 0.000000 52.575865 0.000000 0.000000 1.000000 0.000000
0.837430 -0.546545 0.000000 145.582766 0.546545 0.837430 0.000000 53.720020 0.000000 0.000000 1.000000 0.000000
0.849737 -0.527207 0.000000 147.402654 0.527207 0.849737 0.000000 54.851076 0.000000 0.000000 1.000000 0.000000
0.863197 -0.504867 0.000000 149.249643 0.504867 0.863197 0.000000 55.919266 0.000000 0.000000 1.000000 0.000000
0.876278 -0.481806 0.000000 151.096520 0.481806 0.876278 0.000000 56.935695 0.000000 0.000000 1.000000 0.000000
0.888906 -0.458089 0.000000 152.938110 0.458089 0.888906 0.000000 57.890744 0.000000 0.000000 1.000000 0.000000
0.901010 -0.433799 0.000000 154.860549 0.433799 0.901010 0.000000 58.799396 0.000000 0.000000 1.000000 0.000000
0.912153 -0.409849 0.000000 156.808324 0.409849 0.912153 0.000000 59.631277 0.000000 0.000000 1.000000 0.000000
0.922550 -0.385879 0.000000 158.736554 0.385879 0.922550 0.000000 60.477754 0.000000 0.000000 1.000000 0.000000
0.931252 -0.364376 0.000000 160.682751 0.364376 0.931252 0.000000 61.206732 0.000000 0.000000 1.000000 0.000000
0.938432 -0.345463 0.000000 162.640982 0.345463 0.938432 0.000000 61.940850 0.000000 0.000000 1.000000 0.000000
0.944994 -0.327087 0.000000 164.644339 0.327087 0.944994 0.000000 62.625936 0.000000 0.000000 1.000000 0.000000
0.951726 -0.306948 0.000000 166.695381 0.306948 0.951726 0.000000 63.259402 0.000000 0.000000 1.000000 0.000000
0.958767 -0.284194 0.000000 168.713048 0.284194 0.958767 0.000000 63.868960 0.000000 0.000000 1.000000 0.000000
0.965627 -0.259932 0.000000 170.779035 0.259932 0.965627 0.000000 64.390360 0.000000 0.000000 1.000000 0.000000
0.971182 -0.238338 0.000000 172.873376 0.238338 0.971182 0.000000 64.889747 0.000000 0.000000 1.000000 0.000000
0.976072 -0.217446 0.000000 174.974665 0.217446 0.976072 0.000000 65.346608 0.000000 0.000000 1.000000 0.000000
0.980223 -0.197898 0.000000 177.051348 0.197898 0.980223 0.000000 65.774794 0.000000 0.000000 1.000000 0.000000
0.983293 -0.182031 0.000000 179.147833 0.182031 0.983293 0.000000 66.153307 0.000000 0.000000 1.000000 0.000000
0.986053 -0.166432 0.000000 181.288202 0.166432 0.986053 0.000000 66.530006 0.000000 0.000000 1.000000 0.000000
0.988572 -0.150749 0.000000 183.502193 0.150749 0.988572 0.000000 66.868495 0.000000 0.000000 1.000000 0.000000
0.990873 -0.134798 0.000000 185.668321 0.134798 0.990873 0.000000 67.138286 0.000000 0.000000 1.000000 0.000000
0.992816 -0.119651 0.000000 187.843285 0.119651 0.992816 0.000000 67.390200 0.000000 0.000000 1.000000 0.000000
0.994438 -0.105324 0.000000 190.059298 0.105324 0.994438 0.000000 67.617946 0.000000 0.000000 1.000000 0.000000
0.995824 -0.091292 0.000000 192.245048 0.091292 0.995824 0.000000 67.842206 0.000000 0.000000 1.000000 0.000000
0.996746 -0.080603 0.000000 194.406153 0.080603 0.996746 0.000000 67.978103 0.000000 0.000000 1.000000 0.000000
0.997778 -0.066628 0.000000 196.577860 0.066628 0.997778 0.000000 68.129978 0.000000 0.000000 1.000000 0.000000
0.998685 -0.051268 0.000000 198.704790 0.051268 0.998685 0.000000 68.215127 0.000000 0.000000 1.000000 0.000000
0.999438 -0.033516 0.000000 200.811028 0.033516 0.999438 0.000000 68.285749 0.000000 0.000000 1.000000 0.000000
0.999896 -0.014411 0.000000 202.981783 0.014411 0.999896 0.000000 68.308106 0.000000 0.000000 1.000000 0.000000
0.999990 0.004427 0.000000 205.106965 -0.004427 0.999990 0.000000 68.319371 0.000000 0.000000 1.000000 0.000000
0.999751 0.022334 0.000000 207.232075 -0.022334 0.999751 0.000000 68.249560 0.000000 0.000000 1.000000 0.000000
0.999285 0.037797 0.000000 209.333574 -0.037797 0.999285 0.000000 68.172544 0.000000 0.000000 1.000000 0.000000
0.998495 0.054839 0.000000 211.506887 -0.054839 0.998495 0.000000 68.060900 0.000000 0.000000 1.000000 0.000000
0.997496 0.070729 0.000000 213.652468 -0.070729 0.997496 0.000000 67.870979 0.000000 0.000000 1.000000 0.000000
0.996369 0.085143 0.000000 215.802321 -0.085143 0.996369 0.000000 67.681409 0.000000 0.000000 1.000000 0.000000
0.994848 0.101375 0.000000 217.982032 -0.101375 0.994848 0.000000 67.465744 0.000000 0.000000 1.000000 0.000000
0.993264 0.115875 0.000000 220.145164 -0.115875 0.993264 0.000000 67.204286 0.000000 0.000000 1.000000 0.000000
0.991865 0.127295 0.000000 222.301264 -0.127295 0.991865 0.000000 66.918194 0.000000 0.000000 1.000000 0.000000
0.990391 0.138298 0.000000 224.449234 -0.138298 0.990391 0.000000 66.571070 0.000000 0.000000 1.000000 0.000000
0.988454 0.151523 0.000000 226.593005 -0.151523 0.988454 0.000000 66.265315 0.000000 0.000000 1.000000 0.000000
0.985896 0.167361 0.000000 228.741583 -0.167361 0.985896 0.000000 65.889633 0.000000 0.000000 1.000000 0.000000
0.983079 0.183181 0.000000 230.953728 -0.183181 0.983079 0.000000 65.534634 0.000000 0.000000 1.000000 0.000000
0.979935 0.199317 0.000000 233.107710 -0.199317 0.979935 0.000000 65.077717 0.000000 0.000000 1.000000 0.000000
0.976022 0.217671 0.000000 235.227707 -0.217671 0.976022 0.000000 64.597214 0.000000 0.000000 1.000000 0.000000
0.971726 0.236112 0.000000 237.340308 -0.236112 0.971726 0.000000 64.067579 0.000000 0.000000 1.000000 0.000000
0.967786 0.251773 0.000000 239.412092 -0.251773 0.967786 0.000000 63.505479 0.000000 0.000000 1.000000 0.000000
0.964250 0.264995 0.000000 241.533167 -0.264995 0.964250 0.000000 62.887819 0.000000 0.000000 1.000000 0.000000
0.959851 0.280511 0.000000 243.641331 -0.280511 0.959851 0.000000 62.269183 0.000000 0.000000 1.000000 0.000000
0.953328 0.301937 0.000000 245.726650 -0.301937 0.953328 0.000000 61.575854 0.000000 0.000000 1.000000 0.000000
0.944679 0.327996 0.000000 247.805528 -0.327996 0.944679 0.000000 60.886983 0.000000 0.000000 1.000000 0.000000
0.935169 0.354202 0.000000 249.798692 -0.354202 0.935169 0.000000 60.057545 0.000000 0.000000 1.000000 0.000000
0.924313 0.381636 0.000000 251.871986 -0.381636 0.924313 0.000000 59.242294 0.000000 0.000000 1.000000 0.000000
0.912348 0.409415 0.000000 253.789669 -0.409415 0.912348 0.000000 58.334523 0.000000 0.000000 1.000000 0.000000
0.900084 0.435717 0.000000 255.753046 -0.435717 0.900084 0.000000 57.374264 0.000000 0.000000 1.000000 0.000000
0.885747 0.464167 0.000000 257.726019 -0.464167 0.885747 0.000000 56.367187 0.000000 0.000000 1.000000 0.000000
0.871355 0.490653 0.000000 259.669404 -0.490653 0.871355 0.000000 55.252203 0.000000 0.000000 1.000000 0.000000
0.857680 0.514184 0.000000 261.550441 -0.514184 0.857680 0.000000 54.136395 0.000000 0.000000 1.000000 0.000000
0.846024 0.533145 0.000000 263.369166 -0.533145 0.846024 0.000000 52.978166 0.000000 0.000000 1.000000 0.000000
0.835450 0.549567 0.000000 265.220431 -0.549567 0.835450 0.000000 51.840115 0.000000 0.000000 1.000000 0.000000
0.826037 0.563615 0.000000 266.912924 -0.563615 0.826037 0.000000 50.598372 0.000000 0.000000 1.000000 0.000000
0.815738 0.578422 0.000000 268.710212 -0.578422 0.815738 0.000000 49.406633 0.000000 0.000000 1.000000 0.000000
0.805053 0.593203 0.000000 270.357253 -0.593203 0.805053 0.000000 48.129425 0.000000 0.000000 1.000000 0.000000
0.795141 0.606424 0.000000 272.050328 -0.606424 0.795141 0.000000 46.826527 0.000000 0.000000 1.000000 0.000000
0.783633 0.621225 0.000000 273.641482 -0.621225 0.783633 0.000000 45.572907 0.000000 0.000000 1.000000 0.000000
0.771010 0.636824 0.000000 275.169159 -0.636824 0.771010 0.000000 44.234766 0.000000 0.000000 1.000000 0.000000
0.757426 0.652922 0.000000 276.702695 -0.652922 0.757426 0.000000 42.849296 0.000000 0.000000 1.000000 0.000000
0.743325 0.668930 0.000000 278.219916 -0.668930 0.743325 0.000000 41.555323 0.000000 0.000000 1.000000 0.000000
0.729210 0.684290 0.000000 279.703550 -0.684290 0.729210 0.000000 40.143096 0.000000 0.000000 1.000000 0.000000
0.715964 0.698137 0.000000 281.138995 -0.698137 0.715964 0.000000 38.702597 0.000000 0.000000 1.000000 0.000000
0.705935 0.708277 0.000000 282.561385 -0.708277 0.705935 0.000000 37.263460 0.000000 0.000000 1.000000 0.000000
0.698328 0.715778 0.000000 283.969979 -0.715778 0.698328 0.000000 35.801617 0.000000 0.000000 1.000000 0.000000
0.689254 0.724520 0.000000 285.375844 -0.724520 0.689254 0.000000 34.373740 0.000000 0.000000 1.000000 0.000000
0.680705 0.732557 0.000000 286.778952 -0.732557 0.680705 0.000000 32.939780 0.000000 0.000000 1.000000 0.000000
0.675219 0.737617 0.000000 288.123882 -0.737617 0.675219 0.000000 31.463685 0.000000 0.000000 1.000000 0.000000
0.671544 0.740965 0.000000 289.444036 -0.740965 0.671544 0.000000 29.936129 0.000000 0.000000 1.000000 0.000000
0.669066 0.743203 0.000000 290.823389 -0.743203 0.669066 0.000000 28.514515 0.000000 0.000000 1.000000 0.000000
0.669830 0.742515 0.000000 292.100012 -0.742515 0.669830 0.000000 27.038654 0.000000 0.000000 1.000000 0.000000
0.673060 0.739588 0.000000 293.490249 -0.739588 0.673060 0.000000 25.619271 0.000000 0.000000 1.000000 0.000000
0.679631 0.733554 0.000000 294.784936 -0.733554 0.679631 0.000000 24.213853 0.000000 0.000000 1.000000 0.000000
0.690671 0.723169 0.000000 296.092756 -0.723169 0.690671 0.000000 22.802737 0.000000 0.000000 1.000000 0.000000
0.703640 0.710557 0.000000 297.456227 -0.710557 0.703640 0.000000 21.508828 0.000000 0.000000 1.000000 0.000000
0.718490 0.695537 0.000000 298.798987 -0.695537 0.718490 0.000000 20.156273 0.000000 0.000000 1.000000 0.000000
0.733656 0.679521 0.000000 300.185810 -0.679521 0.733656 0.000000 18.904760 0.000000 0.000000 1.000000 0.000000
0.750180 0.661234 0.000000 301.598608 -0.661234 0.750180 0.000000 17.681702 0.000000 0.000000 1.000000 0.000000
0.766512 0.642230 0.000000 303.058948 -0.642230 0.766512 0.000000 16.526181 0.000000 0.000000 1.000000 0.000000
0.783301 0.621642 0.000000 304.539958 -0.621642 0.783301 0.000000 15.431307 0.000000 0.000000 1.000000 0.000000
0.800278 0.599629 0.000000 306.025148 -0.599629 0.800278 0.000000 14.318630 0.000000 0.000000 1.000000 0.000000
0.820599 0.571505 0.000000 307.552417 -0.571505 0.820599 0.000000 13.299220 0.000000 0.000000 1.000000 0.000000
0.841438 0.540353 0.000000 309.138371 -0.540353 0.841438 0.000000 12.304995 0.000000 0.000000 1.000000 0.000000
0.862178 0.506606 0.000000 310.729778 -0.506606 0.862178 0.000000 11.384914 0.000000 0.000000 1.000000 0.000000
0.884093 0.467312 0.000000 312.371575 -0.467312 0.884093 0.000000 10.526399 0.000000 0.000000 1.000000 0.000000
0.904988 0.425437 0.000000 314.116417 -0.425437 0.904988 0.000000 9.762066 0.000000 0.000000 1.000000 0.000000
0.925795 0.378026 0.000000 315.856497 -0.378026 0.925795 0.000000 9.097831 0.000000 0.000000 1.000000 0.000000
0.944608 0.328201 0.000000 317.645091 -0.328201 0.944608 0.000000 8.467860 0.000000 0.000000 1.000000 0.000000
0.960745 0.277434 0.000000 319.480753 -0.277434 0.960745 0.000000 7.995300 0.000000 0.000000 1.000000 0.000000
0.973398 0.229121 0.000000 321.396898 -0.229121 0.973398 0.000000 7.536451 0.000000 0.000000 1.000000 0.000000
0.981859 0.189612 0.000000 323.384153 -0.189612 0.981859 0.000000 7.232925 0.000000 0.000000 1.000000 0.000000
0.986888 0.161409 0.000000 325.301470 -0.161409 0.986888 0.000000 6.944425 0.000000 0.000000 1.000000 0.000000
0.990899 0.134609 0.000000 327.172308 -0.134609 0.990899 0.000000 6.682263 0.000000 0.000000 1.000000 0.000000
0.993894 0.110338 0.000000 329.149430 -0.110338 0.993894 0.000000 6.472538 0.000000 0.000000 1.000000 0.000000
0.996087 0.088377 0.000000 331.093086 -0.088377 0.996087 0.000000 6.337844 0.000000 0.000000 1.000000 0.000000
0.997538 0.070133 0.000000 333.104047 -0.070133 0.997538 0.000000 6.203607 0.000000 0.000000 1.000000 0.000000
0.998249 0.059156 0.000000 335.148236 -0.059156 0.998249 0.000000 6.043369 0.000000 0.000000 1.000000 0.000000
0.998702 0.050928 0.000000 337.154303 -0.050928 0.998702 0.000000 5.922893 0.000000 0.000000 1.000000 0.000000
0.998775 0.049492 0.000000 339.144119 -0.049492 0.998775 0.000000 5.901930 0.000000 0.000000 1.000000 0.000000
0.998768 0.049633 0.000000 341.222744 -0.049633 0.998768 0.000000 5.778561 0.000000 0.000000 1.000000 0.000000
0.998564 0.053574 0.000000 343.311349 -0.053574 0.998564 0.000000 5.650920 0.000000 0.000000 1.000000 0.000000
0.998373 0.057019 0.000000 345.372169 -0.057019 0.998373 0.000000 5.545676 0.000000 0.000000 1.000000 0.000000
0.998039 0.062590 0.000000 347.421376 -0.062590 0.998039 0.000000 5.433118 0.000000 0.000000 1.000000 0.000000
0.997803 0.066250 0.000000 349.517410 -0.066250 0.997803 0.000000 5.234887 0.000000 0.000000 1.000000 0.000000
0.997575 0.069607 0.000000 351.669426 -0.069607 0.997575 0.000000 5.121746 0.000000 0.000000 1.000000 0.000000
0.997370 0.072476 0.000000 353.705452 -0.072476 0.997370 0.000000 4.968883 0.000000 0.000000 1.000000 0.000000
0.997129 0.075727 0.000000 355.845698 -0.075727 0.997129 0.000000 4.759366 0.000000 0.000000 1.000000 0.000000
0.996728 0.080824 0.000000 357.980123 -0.080824 0.996728 0.000000 4.574880 0.000000 0.000000 1.000000 0.000000
0.996646 0.081833 0.000000 360.115581 -0.081833 0.996646 0.000000 4.401512 0.000000 0.000000 1.000000 0.000000
0.996461 0.084055 0.000000 362.251323 -0.084055 0.996461 0.000000 4.249173 0.000000 0.000000 1.000000 0.000000
0.996602 0.082366 0.000000 364.457942 -0.082366 0.996602 0.000000 4.081119 0.000000 0.000000 1.000000 0.000000
0.996786 0.080112 0.000000 366.636864 -0.080112 0.996786 0.000000 3.835389 0.000000 0.000000 1.000000 0.000000
0.997075 0.076436 0.000000 368.845522 -0.076436 0.997075 0.000000 3.650480 0.000000 0.000000 1.000000 0.000000
0.997337 0.072927 0.000000 371.063934 -0.072927 0.997337 0.000000 3.447814 0.000000 0.000000 1.000000 0.000000
0.997611 0.069084 0.000000 373.276404 -0.069084 0.997611 0.000000 3.351637 0.000000 0.000000 1.000000 0.000000
0.997820 0.065999 0.000000 375.467789 -0.065999 0.997820 0.000000 3.206413 0.000000 0.000000 1.000000 0.000000
0.998270 0.058800 0.000000 377.722077 -0.058800 0.998270 0.000000 3.023309 0.000000 0.000000 1.000000 0.000000
0.998764 0.049698 0.000000 379.996459 -0.049698 0.998764 0.000000 2.931572 0.000000 0.000000 1.000000 0.000000
0.999127 0.041788 0.000000 382.253477 -0.041788 0.999127 0.000000 2.813942 0.000000 0.000000 1.000000 0.000000
0.999333 0.036520 0.000000 384.560799 -0.036520 0.999333 0.000000 2.700075 0.000000 0.000000 1.000000 0.000000
0.999504 0.031491 0.000000 386.837782 -0.031491 0.999504 0.000000 2.639829 0.000000 0.000000 1.000000 0.000000
0.999629 0.027238 0.000000 389.101320 -0.027238 0.999629 0.000000 2.610388 0.000000 0.000000 1.000000 0.000000
0.999747 0.022478 0.000000 391.409580 -0.022478 0.999747 0.000000 2.507231 0.000000 0.000000 1.000000 0.000000
0.999830 0.018441 0.000000 393.647939 -0.018441 0.999830 0.000000 2.476941 0.000000 0.000000 1.000000 0.000000
0.999903 0.013909 0.000000 395.883460 -0.013909 0.999903 0.000000 2.428491 0.000000 0.000000 1.000000 0.000000
0.999929 0.011892 0.000000 398.163125 -0.011892 0.999929 0.000000 2.404206 0.000000 0.000000 1.000000 0.000000
0.999939 0.011085 0.000000 400.397198 -0.011085 0.999939 0.000000 2.393970 0.000000 0.000000 1.000000 0.000000
0.999939 0.011085 0.000000 402.583622 -0.011085 0.999939 0.000000 2.340289 0.000000 0.000000 1.000000 0.000000
0.999937 0.011254 0.000000 404.791063 -0.011254 0.999937 0.000000 2.320702 0.000000 0.000000 1.000000 0.000000
0.999934 0.011485 0.000000 406.989546 -0.011485 0.999934 0.000000 2.293636 0.000000 0.000000 1.000000 0.000000
0.999939 0.011088 0.000000 409.173983 -0.011088 0.999939 0.000000 2.291063 0.000000 0.000000 1.000000 0.000000
0.999931 0.011716 0.000000 411.319631 -0.011716 0.999931 0.000000 2.336306 0.000000 0.000000 1.000000 0.000000
0.999931 0.011738 0.000000 413.587674 -0.011738 0.999931 0.000000 2.296642 0.000000 0.000000 1.000000 0.000000
0.999930 0.011843 0.000000 415.762965 -0.011843 0.999930 0.000000 2.217712 0.000000 0.000000 1.000000 0.000000
0.999918 0.012801 0.000000 417.980272 -0.012801 0.999918 0.000000 2.184926 0.000000 0.000000 1.000000 0.000000
0.999897 0.014334 0.000000 420.186638 -0.014334 0.999897 0.000000 2.215271 0.000000 0.000000 1.000000 0.000000
0.999905 0.013779 0.000000 422.379543 -0.013779 0.999905 0.000000 2.194242 0.000000 0.000000 1.000000 0.000000
0.999930 0.011805 0.000000 424.534386 -0.011805 0.999930 0.000000 2.134015 0.000000 0.000000 1.000000 0.000000
0.999946 0.010360 0.000000 426.650803 -0.010360 0.999946 0.000000 2.077931 0.000000 0.000000 1.000000 0.000000
0.999965 0.008412 0.000000 428.800275 -0.008412 0.999965 0.000000 2.096233 0.000000 0.000000 1.000000 0.000000
0.999972 0.007429 0.000000 430.892914 -0.007429 0.999972 0.000000 2.085959 0.000000 0.000000 1.000000 0.000000
0.999994 0.003442 0.000000 432.968499 -0.003442 0.999994 0.000000 2.027345 0.000000 0.000000 1.000000 0.000000
1.000000 -0.000068 0.000000 435.041109 0.000068 1.000000 0.000000 2.088946 0.000000 0.000000 1.000000 0.000000
0.999991 -0.004347 0.000000 437.132995 0.004347 0.999991 0.000000 2.008846 0.000000 0.000000 1.000000 0.000000
0.999988 -0.004864 0.000000 439.122088 0.004864 0.999988 0.000000 2.015851 0.000000 0.000000 1.000000 0.000000
0.999973 -0.007402 0.000000 441.153822 0.007402 0.999973 0.000000 1.976299 0.000000 0.000000 1.000000 0.000000
0.999954 -0.009632 0.000000 443.163635 0.009632 0.999954 0.000000 2.042688 0.000000 0.000000 1.000000 0.000000
0.999958 -0.009164 0.000000 445.105945 0.009164 0.999958 0.000000 2.038448 0.000000 0.000000 1.000000 0.000000
0.999925 -0.012222 0.000000 447.136885 0.012222 0.999925 0.000000 2.151519 0.000000 0.000000 1.000000 0.000000
0.999933 -0.011573 0.000000 449.046680 0.011573 0.999933 0.000000 2.135280 0.000000 0.000000 1.000000 0.000000
0.999904 -0.013862 0.000000 450.976593 0.013862 0.999904 0.000000 2.136821 0.000000 0.000000 1.000000 0.000000
0.999894 -0.014528 0.000000 452.899613 0.014528 0.999894 0.000000 2.260340 0.000000 0.000000 1.000000 0.000000
0.999925 -0.012258 0.000000 454.807123 0.012258 0.999925 0.000000 2.261896 0.000000 0.000000 1.000000 0.000000
0.999949 -0.010141 0.000000 456.687068 0.010141 0.999949 0.000000 2.251438 0.000000 0.000000 1.000000 0.000000
0.999981 -0.006159 0.000000 458.466874 0.006159 0.999981 0.000000 2.236301 0.000000 0.000000 1.000000 0.000000
0.999978 -0.006602 0.000000 460.233479 0.006602 0.999978 0.000000 2.259473 0.000000 0.000000 1.000000 0.000000
0.999997 -0.002357 0.000000 461.913797 0.002357 0.999997 0.000000 2.197580 0.000000 0.000000 1.000000 0.000000
1.000000 -0.000994 0.000000 463.565833 0.000994 1.000000 0.000000 2.241150 0.000000 0.000000 1.000000 0.000000
1.000000 0.000768 0.000000 465.153360 -0.000768 1.000000 0.000000 2.202834 0.000000 0.000000 1.000000 0.000000
0.999955 0.009498 0.000000 466.663332 -0.009498 0.999955 0.000000 2.211402 0.000000 0.000000 1.000000 0.000000
0.999829 0.018489 0.000000 468.119782 -0.018489 0.999829 0.000000 2.156298 0.000000 0.000000 1.000000 0.000000
0.999424 0.033929 0.000000 469.508306 -0.033929 0.999424 0.000000 2.053137 0.000000 0.000000 1.000000 0.000000
0.998607 0.052768 0.000000 470.893470 -0.052768 0.998607 0.000000 1.965040 0.000000 0.000000 1.000000 0.000000
0.995706 0.092575 0.000000 472.220255 -0.092575 0.995706 0.000000 1.793478 0.000000 0.000000 1.000000 0.000000
0.989656 0.143461 0.000000 473.397768 -0.143461 0.989656 0.000000 1.535136 0.000000 0.000000 1.000000 0.000000
0.979482 0.201530 0.000000 474.610315 -0.201530 0.979482 0.000000 1.221004 0.000000 0.000000 1.000000 0.000000
0.964667 0.263473 0.000000 475.745806 -0.263473 0.964667 0.000000 0.809208 0.000000 0.000000 1.000000 0.000000
0.945770 0.324836 0.000000 476.868678 -0.324836 0.945770 0.000000 0.346030 0.000000 0.000000 1.000000 0.000000
0.920242 0.391350 0.000000 477.951392 -0.391350 0.920242 0.000000 -0.079183 0.000000 0.000000 1.000000 0.000000
0.888927 0.458048 0.000000 478.961451 -0.458048 0.888927 0.000000 -0.713700 0.000000 0.000000 1.000000 0.000000
0.850460 0.526039 0.000000 479.931138 -0.526039 0.850460 0.000000 -1.412645 0.000000 0.000000 1.000000 0.000000
0.805221 0.592974 0.000000 480.840460 -0.592974 0.805221 0.000000 -2.171018 0.000000 0.000000 1.000000 0.000000
0.749704 0.661774 0.000000 481.716518 -0.661774 0.749704 0.000000 -3.016996 0.000000 0.000000 1.000000 0.000000
0.685451 0.728119 0.000000 482.426166 -0.728119 0.685451 0.000000 -3.976391 0.000000 0.000000 1.000000 0.000000
0.610866 0.791734 0.000000 483.087367 -0.791734 0.610866 0.000000 -4.915322 0.000000 0.000000 1.000000 0.000000
0.527433 0.849596 0.000000 483.634601 -0.849596 0.527433 0.000000 -6.006596 0.000000 0.000000 1.000000 0.000000
0.439272 0.898354 0.000000 484.080448 -0.898354 0.439272 0.000000 -7.142126 0.000000 0.000000 1.000000 0.000000
0.349032 0.937111 0.000000 484.409282 -0.937111 0.349032 0.000000 -8.300659 0.000000 0.000000 1.000000 0.000000
0.268810 0.963193 0.000000 484.671783 -0.963193 0.268810 0.000000 -9.569407 0.000000 0.000000 1.000000 0.000000
0.213194 0.977010 0.000000 484.754470 -0.977010 0.213194 0.000000 -10.883021 0.000000 0.000000 1.000000 0.000000
0.177287 0.984159 0.000000 485.057643 -0.984159 0.177287 0.000000 -12.081968 0.000000 0.000000 1.000000 0.000000
0.150382 0.988628 0.000000 485.222552 -0.988628 0.150382 0.000000 -13.424554 0.000000 0.000000 1.000000 0.000000
0.129100 0.991632 0.000000 485.466830 -0.991632 0.129100 0.000000 -14.812902 0.000000 0.000000 1.000000 0.000000
0.110580 0.993867 0.000000 485.603275 -0.993867 0.110580 0.000000 -16.244188 0.000000 0.000000 1.000000 0.000000
0.091914 0.995767 0.000000 485.751694 -0.995767 0.091914 0.000000 -17.701076 0.000000 0.000000 1.000000 0.000000
0.077815 0.996968 0.000000 485.822668 -0.996968 0.077815 0.000000 -19.200758 0.000000 0.000000 1.000000 0.000000
0.066238 0.997804 0.000000 485.957857 -0.997804 0.066238 0.000000 -20.703482 0.000000 0.000000 1.000000 0.000000
0.054395 0.998519 0.000000 486.045125 -0.998519 0.054395 0.000000 -22.297495 0.000000 0.000000 1.000000 0.000000
0.044593 0.999005 0.000000 486.112869 -0.999005 0.044593 0.000000 -23.912699 0.000000 0.000000 1.000000 0.000000
0.033274 0.999446 0.000000 486.162275 -0.999446 0.033274 0.000000 -25.542474 0.000000 0.000000 1.000000 0.000000
0.020934 0.999781 0.000000 486.242646 -0.999781 0.020934 0.000000 -27.231624 0.000000 0.000000 1.000000 0.000000
0.009528 0.999955 0.000000 486.229454 -0.999955 0.009528 0.000000 -28.943741 0.000000 0.000000 1.000000 0.000000
-0.002268 0.999997 0.000000 486.234264 -0.999997 -0.002268 0.000000 -30.694495 0.000000 0.000000 1.000000 0.000000
-0.011057 0.999939 0.000000 486.184785 -0.999939 -0.011057 0.000000 -32.452753 0.000000 0.000000 1.000000 0.000000
-0.018702 0.999825 0.000000 486.137916 -0.999825 -0.018702 0.000000 -34.265024 0.000000 0.000000 1.000000 0.000000
-0.024008 0.999712 0.000000 486.086004 -0.999712 -0.024008 0.000000 -36.115268 0.000000 0.000000 1.000000 0.000000
-0.027928 0.999610 0.000000 486.028241 -0.999610 -0.027928 0.000000 -38.005022 0.000000 0.000000 1.000000 0.000000
-0.031628 0.999500 0.000000 486.031980 -0.999500 -0.031628 0.000000 -39.890037 0.000000 0.000000 1.000000 0.000000
-0.031441 0.999506 0.000000 485.952355 -0.999506 -0.031441 0.000000 -41.878081 0.000000 0.000000 1.000000 0.000000
-0.030237 0.999543 0.000000 485.857174 -0.999543 -0.030237 0.000000 -43.889206 0.000000 0.000000 1.000000 0.000000
-0.031056 0.999518 0.000000 485.810439 -0.999518 -0.031056 0.000000 -45.853411 0.000000 0.000000 1.000000 0.000000
-0.032829 0.999461 0.000000 485.783301 -0.999461 -0.032829 0.000000 -47.860925 0.000000 0.000000 1.000000 0.000000
-0.037325 0.999303 0.000000 485.729627 -0.999303 -0.037325 0.000000 -49.818852 0.000000 0.000000 1.000000 0.000000
-0.042761 0.999085 0.000000 485.627546 -0.999085 -0.042761 0.000000 -51.798408 0.000000 0.000000 1.000000 0.000000
-0.047039 0.998893 0.000000 485.528706 -0.998893 -0.047039 0.000000 -53.777160 0.000000 0.000000 1.000000 0.000000
-0.048202 0.998838 0.000000 485.469942 -0.998838 -0.048202 0.000000 -55.827741 0.000000 0.000000 1.000000 0.000000
-0.046726 0.998908 0.000000 485.380230 -0.998908 -0.046726 0.000000 -57.831327 0.000000 0.000000 1.000000 0.000000
-0.044211 0.999022 0.000000 485.264476 -0.999022 -0.044211 0.000000 -59.922497 0.000000 0.000000 1.000000 0.000000
-0.043638 0.999047 0.000000 485.159887 -0.999047 -0.043638 0.000000 -61.975021 0.000000 0.000000 1.000000 0.000000
-0.044223 0.999022 0.000000 485.065277 -0.999022 -0.044223 0.000000 -64.045813 0.000000 0.000000 1.000000 0.000000
-0.044231 0.999021 0.000000 484.966157 -0.999021 -0.044231 0.000000 -66.190231 0.000000 0.000000 1.000000 0.000000
-0.045651 0.998957 0.000000 484.820105 -0.998957 -0.045651 0.000000 -68.311775 0.000000 0.000000 1.000000 0.000000
-0.047472 0.998873 0.000000 484.781273 -0.998873 -0.047472 0.000000 -70.480135 0.000000 0.000000 1.000000 0.000000
-0.048504 0.998823 0.000000 484.635091 -0.998823 -0.048504 0.000000 -72.625222 0.000000 0.000000 1.000000 0.000000
-0.049923 0.998753 0.000000 484.576032 -0.998753 -0.049923 0.000000 -74.805621 0.000000 0.000000 1.000000 0.000000
-0.050629 0.998718 0.000000 484.425606 -0.998718 -0.050629 0.000000 -76.985873 0.000000 0.000000 1.000000 0.000000
-0.053396 0.998573 0.000000 484.303337 -0.998573 -0.053396 0.000000 -79.154322 0.000000 0.000000 1.000000 0.000000
-0.056100 0.998425 0.000000 484.132745 -0.998425 -0.056100 0.000000 -81.395123 0.000000 0.000000 1.000000 0.000000
-0.060780 0.998151 0.000000 484.031367 -0.998151 -0.060780 0.000000 -83.616854 0.000000 0.000000 1.000000 0.000000
-0.065776 0.997834 0.000000 483.867674 -0.997834 -0.065776 0.000000 -85.873347 0.000000 0.000000 1.000000 0.000000
-0.075680 0.997132 0.000000 483.698190 -0.997132 -0.075680 0.000000 -88.114900 0.000000 0.000000 1.000000 0.000000
-0.083304 0.996524 0.000000 483.434889 -0.996524 -0.083304 0.000000 -90.488823 0.000000 0.000000 1.000000 0.000000
-0.090895 0.995860 0.000000 483.224558 -0.995860 -0.090895 0.000000 -92.722887 0.000000 0.000000 1.000000 0.000000
