1.000000 0.000731 0.000000 1.324214 -0.000731 1.000000 0.000000 0.034345 0.000000 0.000000 1.000000 0.000000
1.000000 0.000636 0.000000 1.696754 -0.000636 1.000000 0.000000 0.014107 0.000000 0.000000 1.000000 0.000000
1.000000 0.000165 0.000000 2.122020 -0.000165 1.000000 0.000000 0.016143 0.000000 0.000000 1.000000 0.000000
1.000000 -0.000203 0.000000 2.575795 0.000203 1.000000 0.000000 0.024101 0.000000 0.000000 1.000000 0.000000
1.000000 -0.000107 0.000000 2.997596 0.000107 1.000000 0.000000 0.040470 0.000000 0.000000 1.000000 0.000000
1.000000 0.000561 0.000000 3.515857 -0.000561 1.000000 0.000000 0.011578 0.000000 0.000000 1.000000 0.000000
1.000000 0.000366 0.000000 3.970232 -0.000366 1.000000 0.000000 0.024255 0.000000 0.000000 1.000000 0.000000
0.999999 0.001024 0.000000 4.551925 -0.001024 0.999999 0.000000 -0.005084 0.000000 0.000000 1.000000 0.000000
0.999999 0.001465 0.000000 5.051500 -0.001465 0.999999 0.000000 0.019657 0.000000 0.000000 1.000000 0.000000
0.999999 0.001036 0.000000 5.581328 -0.001036 0.999999 0.000000 0.036552 0.000000 0.000000 1.000000 0.000000
1.000000 0.000790 0.000000 6.125667 -0.000790 1.000000 0.000000 0.044320 0.000000 0.000000 1.000000 0.000000
1.000000 0.000007 0.000000 6.686838 -0.000007 1.000000 0.000000 0.036799 0.000000 0.000000 1.000000 0.000000
1.000000 -0.000165 0.000000 7.218928 0.000165 1.000000 0.000000 0.059354 0.000000 0.000000 1.000000 0.000000
0.999999 -0.001329 0.000000 7.763218 0.001329 0.999999 0.000000 0.074906 0.000000 0.000000 1.000000 0.000000
0.999997 -0.002409 0.000000 8.295650 0.002409 0.999997 0.000000 0.088088 0.000000 0.000000 1.000000 0.000000
0.999986 -0.005228 0.000000 8.827357 0.005228 0.999986 0.000000 0.088090 0.000000 0.000000 1.000000 0.000000
0.999971 -0.007663 0.000000 9.374228 0.007663 0.999971 0.000000 0.097137 0.000000 0.000000 1.000000 0.000000
0.999947 -0.010295 0.000000 9.919295 0.010295 0.999947 0.000000 0.107560 0.000000 0.000000 1.000000 0.000000
0.999924 -0.012320 0.000000 10.452660 0.012320 0.999924 0.000000 0.102688 0.000000 0.000000 1.000000 0.000000
0.999888 -0.014945 0.000000 10.976429 0.014945 0.999888 0.000000 0.117996 0.000000 0.000000 1.000000 0.000000
0.999844 -0.017688 0.000000 11.503762 0.017688 0.999844 0.000000 0.129026 0.000000 0.000000 1.000000 0.000000
0.999820 -0.018965 0.000000 12.016717 0.018965 0.999820 0.000000 0.162092 0.000000 0.000000 1.000000 0.000000
0.999774 -0.021257 0.000000 12.557890 0.021257 0.999774 0.000000 0.178538 0.000000 0.000000 1.000000 0.000000
0.999730 -0.023242 0.000000 13.049391 0.023242 0.999730 0.000000 0.189423 0.000000 0.000000 1.000000 0.000000
0.999682 -0.025218 0.000000 13.541591 0.025218 0.999682 0.000000 0.222679 0.000000 0.000000 1.000000 0.000000
0.999584 -0.028852 0.000000 14.008710 0.028852 0.999584 0.000000 0.231554 0.000000 0.000000 1.000000 0.000000
0.999612 -0.027866 0.000000 14.506119 0.027866 0.999612 0.000000 0.248004 0.000000 0.000000 1.000000 0.000000
0.999566 -0.029455 0.000000 14.940014 0.029455 0.999566 0.000000 0.259372 0.000000 0.000000 1.000000 0.000000
0.999554 -0.029866 0.000000 15.404903 0.029866 0.999554 0.000000 0.283342 0.000000 0.000000 1.000000 0.000000
0.999543 -0.030227 0.000000 15.879121 0.030227 0.999543 0.000000 0.301076 0.000000 0.000000 1.000000 0.000000
0.999515 -0.031125 0.000000 16.314931 0.031125 0.999515 0.000000 0.317729 0.000000 0.000000 1.000000 0.000000
0.999497 -0.031705 0.000000 16.708554 0.031705 0.999497 0.000000 0.383784 0.000000 0.000000 1.000000 0.000000
0.999424 -0.033930 0.000000 17.056367 0.033930 0.999424 0.000000 0.373434 0.000000 0.000000 1.000000 0.000000
0.999281 -0.037913 0.000000 17.420523 0.037913 0.999281 0.000000 0.387435 0.000000 0.000000 1.000000 0.000000
0.999086 -0.042748 0.000000 17.723570 0.042748 0.999086 0.000000 0.436335 0.000000 0.000000 1.000000 0.000000
0.998827 -0.048412 0.000000 18.053774 0.048412 0.998827 0.000000 0.449515 0.000000 0.000000 1.000000 0.000000
0.998509 -0.054589 0.000000 18.342078 0.054589 0.998509 0.000000 0.463882 0.000000 0.000000 1.000000 0.000000
0.998083 -0.061894 0.000000 18.626572 0.061894 0.998083 0.000000 0.502333 0.000000 0.000000 1.000000 0.000000
0.997457 -0.071267 0.000000 18.950961 0.071267 0.997457 0.000000 0.544788 0.000000 0.000000 1.000000 0.000000
0.996795 -0.080000 0.000000 19.232934 0.080000 0.996795 0.000000 0.560911 0.000000 0.000000 1.000000 0.000000
0.995918 -0.090267 0.000000 19.557926 0.090267 0.995918 0.000000 0.589082 0.000000 0.000000 1.000000 0.000000
0.994797 -0.101878 0.000000 19.896134 0.101878 0.994797 0.000000 0.685612 0.000000 0.000000 1.000000 0.000000
0.993298 -0.115586 0.000000 20.268715 0.115586 0.993298 0.000000 0.741838 0.000000 0.000000 1.000000 0.000000
0.991456 -0.130445 0.000000 20.678307 0.130445 0.991456 0.000000 0.861840 0.000000 0.000000 1.000000 0.000000
0.989252 -0.146224 0.000000 21.164412 0.146224 0.989252 0.000000 0.893451 0.000000 0.000000 1.000000 0.000000
0.986589 -0.163226 0.000000 21.629977 0.163226 0.986589 0.000000 1.016362 0.000000 0.000000 1.000000 0.000000
0.983386 -0.181525 0.000000 22.180573 0.181525 0.983386 0.000000 1.148615 0.000000 0.000000 1.000000 0.000000
0.979255 -0.202631 0.000000 22.836167 0.202631 0.979255 0.000000 1.289912 0.000000 0.000000 1.000000 0.000000
0.974658 -0.223702 0.000000 23.500974 0.223702 0.974658 0.000000 1.484681 0.000000 0.000000 1.000000 0.000000
0.969063 -0.246813 0.000000 24.170637 0.246813 0.969063 0.000000 1.712848 0.000000 0.000000 1.000000 0.000000
0.962511 -0.271242 0.000000 24.918959 0.271242 0.962511 0.000000 1.888527 0.000000 0.000000 1.000000 0.000000
0.955189 -0.295996 0.000000 25.674566 0.295996 0.955189 0.000000 2.143996 0.000000 0.000000 1.000000 0.000000
0.948358 -0.317202 0.000000 26.486610 0.317202 0.948358 0.000000 2.450179 0.000000 0.000000 1.000000 0.000000
0.942976 -0.332860 0.000000 27.340277 0.332860 0.942976 0.000000 2.789350 0.000000 0.000000 1.000000 0.000000
0.939665 -0.342097 0.000000 28.207954 0.342097 0.939665 0.000000 3.093898 0.000000 0.000000 1.000000 0.000000
0.939076 -0.343711 0.000000 29.086211 0.343711 0.939076 0.000000 3.443190 0.000000 0.000000 1.000000 0.000000
0.941259 -0.337684 0.000000 30.003251 0.337684 0.941259 0.000000 3.793275 0.000000 0.000000 1.000000 0.000000
0.946464 -0.322809 0.000000 30.968240 0.322809 0.946464 0.000000 4.078492 0.000000 0.000000 1.000000 0.000000
0.952829 -0.303508 0.000000 31.967201 0.303508 0.952829 0.000000 4.395986 0.000000 0.000000 1.000000 0.000000
0.960209 -0.279284 0.000000 33.018544 0.279284 0.960209 0.000000 4.650757 0.000000 0.000000 1.000000 0.000000
0.967655 -0.252277 0.000000 34.100285 0.252277 0.967655 0.000000 4.913490 0.000000 0.000000 1.000000 0.000000
0.974305 -0.225231 0.000000 35.199754 0.225231 0.974305 0.000000 5.163853 0.000000 0.000000 1.000000 0.000000
0.980529 -0.196375 0.000000 36.329372 0.196375 0.980529 0.000000 5.319991 0.000000 0.000000 1.000000 0.000000
0.985928 -0.167171 0.000000 37.481393 0.167171 0.985928 0.000000 5.532187 0.000000 0.000000 1.000000 0.000000
0.990371 -0.138440 0.000000 38.732128 0.138440 0.990371 0.000000 5.665410 0.000000 0.000000 1.000000 0.000000
0.993549 -0.113407 0.000000 39.985085 0.113407 0.993549 0.000000 5.824144 0.000000 0.000000 1.000000 0.000000
0.995692 -0.092725 0.000000 41.280972 0.092725 0.995692 0.000000 5.936412 0.000000 0.000000 1.000000 0.000000
0.997167 -0.075221 0.000000 42.601405 0.075221 0.997167 0.000000 6.000844 0.000000 0.000000 1.000000 0.000000
0.997951 -0.063980 0.000000 43.977305 0.063980 0.997951 0.000000 6.082937 0.000000 0.000000 1.000000 0.000000
0.998520 -0.054382 0.000000 45.389433 0.054382 0.998520 0.000000 6.207913 0.000000 0.000000 1.000000 0.000000
0.998683 -0.051303 0.000000 46.774487 0.051303 0.998683 0.000000 6.236949 0.000000 0.000000 1.000000 0.000000
0.998752 -0.049942 0.000000 48.216500 0.049942 0.998752 0.000000 6.331306 0.000000 0.000000 1.000000 0.000000
0.998671 -0.051529 0.000000 49.659957 0.051529 0.998671 0.000000 6.387967 0.000000 0.000000 1.000000 0.000000
0.998635 -0.052226 0.000000 51.101850 0.052226 0.998635 0.000000 6.523277 0.000000 0.000000 1.000000 0.000000
0.998577 -0.053330 0.000000 52.525385 0.053330 0.998577 0.000000 6.612446 0.000000 0.000000 1.000000 0.000000
0.998497 -0.054809 0.000000 54.021625 0.054809 0.998497 0.000000 6.677898 0.000000 0.000000 1.000000 0.000000
0.998355 -0.057338 0.000000 55.487598 0.057338 0.998355 0.000000 6.799043 0.000000 0.000000 1.000000 0.000000
0.998246 -0.059197 0.000000 56.961235 0.059197 0.998246 0.000000 6.853565 0.000000 0.000000 1.000000 0.000000
0.998128 -0.061166 0.000000 58.469062 0.061166 0.998128 0.000000 6.983794 0.000000 0.000000 1.000000 0.000000
0.998055 -0.062341 0.000000 59.975780 0.062341 0.998055 0.000000 7.091920 0.000000 0.000000 1.000000 0.000000
0.998026 -0.062797 0.000000 61.505819 0.062797 0.998026 0.000000 7.187783 0.000000 0.000000 1.000000 0.000000
0.997806 -0.066202 0.000000 63.012235 0.066202 0.997806 0.000000 7.338438 0.000000 0.000000 1.000000 0.000000
0.997341 -0.072880 0.000000 64.574770 0.072880 0.997341 0.000000 7.495343 0.000000 0.000000 1.000000 0.000000
0.996532 -0.083214 0.000000 66.151731 0.083214 0.996532 0.000000 7.598093 0.000000 0.000000 1.000000 0.000000
0.995573 -0.093995 0.000000 67.699985 0.093995 0.995573 0.000000 7.760896 0.000000 0.000000 1.000000 0.000000
0.994532 -0.104430 0.000000 69.230932 0.104430 0.994532 0.000000 7.980248 0.000000 0.000000 1.000000 0.000000
0.992929 -0.118710 0.000000 70.818794 0.118710 0.992929 0.000000 8.170378 0.000000 0.000000 1.000000 0.000000
0.991006 -0.133820 0.000000 72.290708 0.133820 0.991006 0.000000 8.355673 0.000000 0.000000 1.000000 0.000000
0.988758 -0.149522 0.000000 73.743211 0.149522 0.988758 0.000000 8.618530 0.000000 0.000000 1.000000 0.000000
0.986181 -0.165670 0.000000 75.218100 0.165670 0.986181 0.000000 8.902102 0.000000 0.000000 1.000000 0.000000
0.983414 -0.181375 0.000000 76.714439 0.181375 0.983414 0.000000 9.146600 0.000000 0.000000 1.000000 0.000000
0.980126 -0.198376 0.000000 78.179228 0.198376 0.980126 0.000000 9.434767 0.000000 0.000000 1.000000 0.000000
0.976981 -0.213328 0.000000 79.605500 0.213328 0.976981 0.000000 9.785720 0.000000 0.000000 1.000000 0.000000
0.973437 -0.228954 0.000000 80.941543 0.228954 0.973437 0.000000 10.168200 0.000000 0.000000 1.000000 0.000000
0.970028 -0.242994 0.000000 82.364523 0.242994 0.970028 0.000000 10.521010 0.000000 0.000000 1.000000 0.000000
0.965742 -0.259505 0.000000 83.653298 0.259505 0.965742 0.000000 10.855553 0.000000 0.000000 1.000000 0.000000
0.961084 -0.276256 0.000000 84.962838 0.276256 0.961084 0.000000 11.253936 0.000000 0.000000 1.000000 0.000000
0.956589 -0.291442 0.000000 86.281347 0.291442 0.956589 0.000000 11.758383 0.000000 0.000000 1.000000 0.000000
0.951033 -0.309090 0.000000 87.527101 0.309090 0.951033 0.000000 12.146175 0.000000 0.000000 1.000000 0.000000
0.945200 -0.326490 0.000000 88.742116 0.326490 0.945200 0.000000 12.562489 0.000000 0.000000 1.000000 0.000000
0.939019 -0.343866 0.000000 89.982621 0.343866 0.939019 0.000000 13.084656 0.000000 0.000000 1.000000 0.000000
0.931163 -0.364603 0.000000 91.153871 0.364603 0.931163 0.000000 13.485009 0.000000 0.000000 1.000000 0.000000
0.923916 -0.382596 0.000000 92.262781 0.382596 0.923916 0.000000 14.037199 0.000000 0.000000 1.000000 0.000000
0.914845 -0.403806 0.000000 93.421331 0.403806 0.914845 0.000000 14.580738 0.000000 0.000000 1.000000 0.000000
0.905327 -0.424716 0.000000 94.578381 0.424716 0.905327 0.000000 15.164131 0.000000 0.000000 1.000000 0.000000
0.895145 -0.445776 0.000000 95.573481 0.445776 0.895145 0.000000 15.680061 0.000000 0.000000 1.000000 0.000000
0.884980 -0.465629 0.000000 96.590471 0.465629 0.884980 0.000000 16.259775 0.000000 0.000000 1.000000 0.000000
0.871941 -0.489611 0.000000 97.550670 0.489611 0.871941 0.000000 16.821927 0.000000 0.000000 1.000000 0.000000
0.859798 -0.510634 0.000000 98.503361 0.510634 0.859798 0.000000 17.445827 0.000000 0.000000 1.000000 0.000000
0.847541 -0.530729 0.000000 99.454717 0.530729 0.847541 0.000000 18.076577 0.000000 0.000000 1.000000 0.000000
0.833181 -0.553000 0.000000 100.343143 0.553000 0.833181 0.000000 18.734344 0.000000 0.000000 1.000000 0.000000
0.817090 -0.576511 0.000000 101.241842 0.576511 0.817090 0.000000 19.409143 0.000000 0.000000 1.000000 0.000000
0.798567 -0.601906 0.000000 102.092820 0.601906 0.798567 0.000000 20.089547 0.000000 0.000000 1.000000 0.000000
0.777779 -0.628538 0.000000 102.891189 0.628538 0.777779 0.000000 20.759003 0.000000 0.000000 1.000000 0.000000
0.758289 -0.651919 0.000000 103.693371 0.651919 0.758289 0.000000 21.426030 0.000000 0.000000 1.000000 0.000000
0.740076 -0.672523 0.000000 104.449471 0.672523 0.740076 0.000000 22.182198 0.000000 0.000000 1.000000 0.000000
0.728117 -0.685453 0.000000 105.221001 0.685453 0.728117 0.000000 23.012052 0.000000 0.000000 1.000000 0.000000
0.720675 -0.693273 0.000000 105.937579 0.693273 0.720675 0.000000 23.709542 0.000000 0.000000 1.000000 0.000000
0.715160 -0.698961 0.000000 106.582250 0.698961 0.715160 0.000000 24.287218 0.000000 0.000000 1.000000 0.000000
0.712725 -0.701444 0.000000 107.169411 0.701444 0.712725 0.000000 24.859201 0.000000 0.000000 1.000000 0.000000
0.713418 -0.700739 0.000000 107.632804 0.700739 0.713418 0.000000 25.364738 0.000000 0.000000 1.000000 0.000000
0.713998 -0.700148 0.000000 108.025217 0.700148 0.713998 0.000000 25.742337 0.000000 0.000000 1.000000 0.000000
0.715240 -0.698879 0.000000 108.440532 0.698879 0.715240 0.000000 26.128930 0.000000 0.000000 1.000000 0.000000
0.717040 -0.697032 0.000000 108.779469 0.697032 0.717040 0.000000 26.453998 0.000000 0.000000 1.000000 0.000000
0.718112 -0.695928 0.000000 109.088410 0.695928 0.718112 0.000000 26.736540 0.000000 0.000000 1.000000 0.000000
0.719129 -0.694876 0.000000 109.390518 0.694876 0.719129 0.000000 27.078490 0.000000 0.000000 1.000000 0.000000
0.721207 -0.692720 0.000000 109.757425 0.692720 0.721207 0.000000 27.390918 0.000000 0.000000 1.000000 0.000000
0.723143 -0.690699 0.000000 110.054173 0.690699 0.723143 0.000000 27.714284 0.000000 0.000000 1.000000 0.000000
0.724889 -0.688866 0.000000 110.381770 0.688866 0.724889 0.000000 28.033336 0.000000 0.000000 1.000000 0.000000
0.727258 -0.686364 0.000000 110.750054 0.686364 0.727258 0.000000 28.352657 0.000000 0.000000 1.000000 0.000000
0.729260 -0.684237 0.000000 111.097923 0.684237 0.729260 0.000000 28.718238 0.000000 0.000000 1.000000 0.000000
0.731241 -0.682119 0.000000 111.494541 0.682119 0.731241 0.000000 29.064632 0.000000 0.000000 1.000000 0.000000
0.731985 -0.681321 0.000000 111.818980 0.681321 0.731985 0.000000 29.367443 0.000000 0.000000 1.000000 0.000000
0.734293 -0.678832 0.000000 112.293169 0.678832 0.734293 0.000000 29.791298 0.000000 0.000000 1.000000 0.000000
0.736036 -0.676942 0.000000 112.742689 0.676942 0.736036 0.000000 30.197148 0.000000 0.000000 1.000000 0.000000
0.737805 -0.675014 0.000000 113.213815 0.675014 0.737805 0.000000 30.640326 0.000000 0.000000 1.000000 0.000000
0.739068 -0.673631 0.000000 113.716023 0.673631 0.739068 0.000000 31.112855 0.000000 0.000000 1.000000 0.000000
0.739989 -0.672619 0.000000 114.280710 0.672619 0.739989 0.000000 31.630369 0.000000 0.000000 1.000000 0.000000
0.741074 -0.671424 0.000000 114.876655 0.671424 0.741074 0.000000 32.168175 0.000000 0.000000 1.000000 0.000000
0.741365 -0.671102 0.000000 115.501632 0.671102 0.741365 0.000000 32.724232 0.000000 0.000000 1.000000 0.000000
0.742113 -0.670275 0.000000 116.087707 0.670275 0.742113 0.000000 33.221704 0.000000 0.000000 1.000000 0.000000
0.742712 -0.669611 0.000000 116.758135 0.669611 0.742712 0.000000 33.827336 0.000000 0.000000 1.000000 0.000000
0.742247 -0.670127 0.000000 117.308664 0.670127 0.742247 0.000000 34.389828 0.000000 0.000000 1.000000 0.000000
0.742010 -0.670389 0.000000 117.972457 0.670389 0.742010 0.000000 34.966488 0.000000 0.000000 1.000000 0.000000
0.741244 -0.671236 0.000000 118.582990 0.671236 0.741244 0.000000 35.581597 0.000000 0.000000 1.000000 0.000000
0.740922 -0.671591 0.000000 119.278995 0.671591 0.740922 0.000000 36.180067 0.000000 0.000000 1.000000 0.000000
0.740283 -0.672295 0.000000 119.968802 0.672295 0.740283 0.000000 36.855350 0.000000 0.000000 1.000000 0.000000
0.739498 -0.673159 0.000000 120.675942 0.673159 0.739498 0.000000 37.495164 0.000000 0.000000 1.000000 0.000000
0.739210 -0.673475 0.000000 121.433076 0.673475 0.739210 0.000000 38.149666 0.000000 0.000000 1.000000 0.000000
0.737951 -0.674854 0.000000 122.160666 0.674854 0.737951 0.000000 38.878791 0.000000 0.000000 1.000000 0.000000
0.737274 -0.675594 0.000000 122.934916 0.675594 0.737274 0.000000 39.569321 0.000000 0.000000 1.000000 0.000000
0.737167 -0.675711 0.000000 123.794866 0.675711 0.737167 0.000000 40.335241 0.000000 0.000000 1.000000 0.000000
0.738156 -0.674630 0.000000 124.543367 0.674630 0.738156 0.000000 41.078909 0.000000 0.000000 1.000000 0.000000
0.739358 -0.673313 0.000000 125.474831 0.673313 0.739358 0.000000 41.874901 0.000000 0.000000 1.000000 0.000000
0.741093 -0.671402 0.000000 126.272973 0.671402 0.741093 0.000000 42.650332 0.000000 0.000000 1.000000 0.000000
0.744753 -0.667340 0.000000 127.198353 0.667340 0.744753 0.000000 43.478002 0.000000 0.000000 1.000000 0.000000
0.747073 -0.664742 0.000000 128.013865 0.664742 0.747073 0.000000 44.254330 0.000000 0.000000 1.000000 0.000000
0.750811 -0.660518 0.000000 128.940943 0.660518 0.750811 0.000000 45.100619 0.000000 0.000000 1.000000 0.000000
0.753967 -0.656913 0.000000 129.839132 0.656913 0.753967 0.000000 45.839387 0.000000 0.000000 1.000000 0.000000
0.758446 -0.651736 0.000000 130.815008 0.651736 0.758446 0.000000 46.722774 0.000000 0.000000 1.000000 0.000000
0.762855 -0.646569 0.000000 131.692363 0.646569 0.762855 0.000000 47.459450 0.000000 0.000000 1.000000 0.000000
0.768998 -0.639251 0.000000 132.779499 0.639251 0.768998 0.000000 48.397358 0.000000 0.000000 1.000000 0.000000
0.774580 -0.632476 0.000000 133.700462 0.632476 0.774580 0.000000 49.153694 0.000000 0.000000 1.000000 0.000000
0.780223 -0.625502 0.000000 134.871502 0.625502 0.780223 0.000000 50.029503 0.000000 0.000000 1.000000 0.000000
0.787132 -0.616785 0.000000 135.887559 0.616785 0.787132 0.000000 50.819131 0.000000 0.000000 1.000000 0.000000
0.794600 -0.607134 0.000000 136.969599 0.607134 0.794600 0.000000 51.683657 0.000000 0.000000 1.000000 0.000000
0.802361 -0.596839 0.000000 138.020333 0.596839 0.802361 0.000000 52.461564 0.000000 0.000000 1.000000 0.000000
0.810823 -0.585292 0.000000 139.135040 0.585292 0.810823 0.000000 53.263167 0.000000 0.000000 1.000000 0.000000
0.819583 -0.572961 0.000000 140.239776 0.572961 0.819583 0.000000 54.020411 0.000000 0.000000 1.000000 0.000000
0.829678 -0.558242 0.000000 141.328229 0.558242 0.829678 0.000000 54.732762 0.000000 0.000000 1.000000 0.000000
0.839708 -0.543038 0.000000 142.465985 0.543038 0.839708 0.000000 55.465125 0.000000 0.000000 1.000000 0.000000
0.850340 -0.526233 0.000000 143.545069 0.526233 0.850340 0.000000 56.104219 0.000000 0.000000 1.000000 0.000000
0.859776 -0.510672 0.000000 144.655364 0.510672 0.859776 0.000000 56.765303 0.000000 0.000000 1.000000 0.000000
0.868244 -0.496138 0.000000 145.679823 0.496138 0.868244 0.000000 57.356473 0.000000 0.000000 1.000000 0.000000
0.876165 -0.482011 0.000000 146.751402 0.482011 0.876165 0.000000 57.915927 0.000000 0.000000 1.000000 0.000000
0.884442 -0.466650 0.000000 147.812030 0.466650 0.884442 0.000000 58.463489 0.000000 0.000000 1.000000 0.000000
0.891411 -0.453195 0.000000 148.743892 0.453195 0.891411 0.000000 58.951940 0.000000 0.000000 1.000000 0.000000
0.896969 -0.442094 0.000000 149.756633 0.442094 0.896969 0.000000 59.440625 0.000000 0.000000 1.000000 0.000000
0.900010 -0.435870 0.000000 150.622341 0.435870 0.900010 0.000000 59.871265 0.000000 0.000000 1.000000 0.000000
0.902460 -0.430773 0.000000 151.399613 0.430773 0.902460 0.000000 60.226517 0.000000 0.000000 1.000000 0.000000
0.904401 -0.426684 0.000000 152.086140 0.426684 0.904401 0.000000 60.542800 0.000000 0.000000 1.000000 0.000000
0.905173 -0.425044 0.000000 152.760156 0.425044 0.905173 0.000000 60.844564 0.000000 0.000000 1.000000 0.000000
0.906182 -0.422888 0.000000 153.304954 0.422888 0.906182 0.000000 61.106888 0.000000 0.000000 1.000000 0.000000
0.905811 -0.423682 0.000000 153.897295 0.423682 0.905811 0.000000 61.389314 0.000000 0.000000 1.000000 0.000000
0.906472 -0.422266 0.000000 154.450524 0.422266 0.906472 0.000000 61.652935 0.000000 0.000000 1.000000 0.000000
0.906059 -0.423152 0.000000 154.967804 0.423152 0.906059 0.000000 61.887882 0.000000 0.000000 1.000000 0.000000
0.904228 -0.427050 0.000000 155.439196 0.427050 0.904228 0.000000 62.140075 0.000000 0.000000 1.000000 0.000000
0.901674 -0.432416 0.000000 155.955126 0.432416 0.901674 0.000000 62.374177 0.000000 0.000000 1.000000 0.000000
0.896712 -0.442615 0.000000 156.387713 0.442615 0.896712 0.000000 62.620931 0.000000 0.000000 1.000000 0.000000
0.891686 -0.452655 0.000000 156.870604 0.452655 0.891686 0.000000 62.875674 0.000000 0.000000 1.000000 0.000000
0.887608 -0.460600 0.000000 157.460639 0.460600 0.887608 0.000000 63.222519 0.000000 0.000000 1.000000 0.000000
0.887918 -0.460002 0.000000 158.066397 0.460002 0.887918 0.000000 63.456619 0.000000 0.000000 1.000000 0.000000
0.889644 -0.456655 0.000000 158.662040 0.456655 0.889644 0.000000 63.799819 0.000000 0.000000 1.000000 0.000000
0.895881 -0.444293 0.000000 159.301969 0.444293 0.895881 0.000000 64.117600 0.000000 0.000000 1.000000 0.000000
0.904641 -0.426175 0.000000 160.057933 0.426175 0.904641 0.000000 64.457910 0.000000 0.000000 1.000000 0.000000
0.915244 -0.402900 0.000000 160.872996 0.402900 0.915244 0.000000 64.796199 0.000000 0.000000 1.000000 0.000000
0.925988 -0.377554 0.000000 161.717338 0.377554 0.925988 0.000000 65.123619 0.000000 0.000000 1.000000 0.000000
0.936679 -0.350190 0.000000 162.644177 0.350190 0.936679 0.000000 65.411713 0.000000 0.000000 1.000000 0.000000
0.947076 -0.321008 0.000000 163.680486 0.321008 0.947076 0.000000 65.729804 0.000000 0.000000 1.000000 0.000000
0.956925 -0.290337 0.000000 164.748141 0.290337 0.956925 0.000000 65.994393 0.000000 0.000000 1.000000 0.000000
0.965916 -0.258857 0.000000 165.890250 0.258857 0.965916 0.000000 66.306417 0.000000 0.000000 1.000000 0.000000
0.973461 -0.228853 0.000000 167.058216 0.228853 0.973461 0.000000 66.525807 0.000000 0.000000 1.000000 0.000000
0.980186 -0.198081 0.000000 168.368745 0.198081 0.980186 0.000000 66.758857 0.000000 0.000000 1.000000 0.000000
0.985339 -0.170609 0.000000 169.671292 0.170609 0.985339 0.000000 66.943967 0.000000 0.000000 1.000000 0.000000
0.988554 -0.150868 0.000000 170.993063 0.150868 0.988554 0.000000 67.080338 0.000000 0.000000 1.000000 0.000000
0.989813 -0.142376 0.000000 172.417493 0.142376 0.989813 0.000000 67.272809 0.000000 0.000000 1.000000 0.000000
0.990288 -0.139029 0.000000 173.874503 0.139029 0.990288 0.000000 67.559820 0.000000 0.000000 1.000000 0.000000
0.990616 -0.136676 0.000000 175.354500 0.136676 0.990616 0.000000 67.817057 0.000000 0.000000 1.000000 0.000000
0.991068 -0.133358 0.000000 176.818484 0.133358 0.991068 0.000000 67.957517 0.000000 0.000000 1.000000 0.000000
0.991655 -0.128920 0.000000 178.338928 0.128920 0.991655 0.000000 68.190388 0.000000 0.000000 1.000000 0.000000
0.991947 -0.126651 0.000000 179.919729 0.126651 0.991947 0.000000 68.394799 0.000000 0.000000 1.000000 0.000000
0.992309 -0.123787 0.000000 181.543349 0.123787 0.992309 0.000000 68.605175 0.000000 0.000000 1.000000 0.000000
0.992638 -0.121119 0.000000 183.180030 0.121119 0.992638 0.000000 68.767010 0.000000 0.000000 1.000000 0.000000
0.993389 -0.114800 0.000000 184.829464 0.114800 0.993389 0.000000 68.991897 0.000000 0.000000 1.000000 0.000000
0.994237 -0.107203 0.000000 186.538300 0.107203 0.994237 0.000000 69.178091 0.000000 0.000000 1.000000 0.000000
0.995048 -0.099392 0.000000 188.289568 0.099392 0.995048 0.000000 69.375828 0.000000 0.000000 1.000000 0.000000
0.995995 -0.089404 0.000000 190.098378 0.089404 0.995995 0.000000 69.546718 0.000000 0.000000 1.000000 0.000000
0.996956 -0.077962 0.000000 191.913885 0.077962 0.996956 0.000000 69.685425 0.000000 0.000000 1.000000 0.000000
0.997993 -0.063321 0.000000 193.776478 0.063321 0.997993 0.000000 69.823614 0.000000 0.000000 1.000000 0.000000
0.999053 -0.043508 0.000000 195.671328 0.043508 0.999053 0.000000 69.905240 0.000000 0.000000 1.000000 0.000000
0.999761 -0.021861 0.000000 197.517031 0.021861 0.999761 0.000000 69.931161 0.000000 0.000000 1.000000 0.000000
0.999996 -0.002667 0.000000 199.427148 0.002667 0.999996 0.000000 69.920333 0.000000 0.000000 1.000000 0.000000
0.999921 0.012587 0.000000 201.434158 -0.012587 0.999921 0.000000 69.910872 0.000000 0.000000 1.000000 0.000000
0.999696 0.024668 0.000000 203.347491 -0.024668 0.999696 0.000000 69.848040 0.000000 0.000000 1.000000 0.000000
0.999282 0.037888 0.000000 205.367105 -0.037888 0.999282 0.000000 69.744813 0.000000 0.000000 1.000000 0.000000
0.998698 0.051018 0.000000 207.332649 -0.051018 0.998698 0.000000 69.673815 0.000000 0.000000 1.000000 0.000000
0.997883 0.065035 0.000000 209.398861 -0.065035 0.997883 0.000000 69.503169 0.000000 0.000000 1.000000 0.000000
0.996944 0.078118 0.000000 211.416566 -0.078118 0.996944 0.000000 69.361535 0.000000 0.000000 1.000000 0.000000
0.995999 0.089361 0.000000 213.500781 -0.089361 0.995999 0.000000 69.191722 0.000000 0.000000 1.000000 0.000000
0.994902 0.100845 0.000000 215.617519 -0.100845 0.994902 0.000000 68.986408 0.000000 0.000000 1.000000 0.000000
0.993763 0.111517 0.000000 217.740371 -0.111517 0.993763 0.000000 68.757248 0.000000 0.000000 1.000000 0.000000
0.992481 0.122395 0.000000 219.850510 -0.122395 0.992481 0.000000 68.478486 0.000000 0.000000 1.000000 0.000000
0.991100 0.133117 0.000000 221.932598 -0.133117 0.991100 0.000000 68.221944 0.000000 0.000000 1.000000 0.000000
0.989324 0.145736 0.000000 224.046090 -0.145736 0.989324 0.000000 67.894353 0.000000 0.000000 1.000000 0.000000
0.987466 0.157830 0.000000 226.091824 -0.157830 0.987466 0.000000 67.587584 0.000000 0.000000 1.000000 0.000000
0.984982 0.172656 0.000000 228.166054 -0.172656 0.984982 0.000000 67.221460 0.000000 0.000000 1.000000 0.000000
0.982214 0.187766 0.000000 230.225446 -0.187766 0.982214 0.000000 66.822979 0.000000 0.000000 1.000000 0.000000
0.978890 0.204386 0.000000 232.220118 -0.204386 0.978890 0.000000 66.380963 0.000000 0.000000 1.000000 0.000000
0.974808 0.223046 0.000000 234.283788 -0.223046 0.974808 0.000000 65.925699 0.000000 0.000000 1.000000 0.000000
0.969882 0.243576 0.000000 236.283627 -0.243576 0.969882 0.000000 65.389096 0.000000 0.000000 1.000000 0.000000
0.964592 0.263746 0.000000 238.306767 -0.263746 0.964592 0.000000 64.804424 0.000000 0.000000 1.000000 0.000000
0.958305 0.285747 0.000000 240.395437 -0.285747 0.958305 0.000000 64.262559 0.000000 0.000000 1.000000 0.000000
0.951718 0.306973 0.000000 242.407740 -0.306973 0.951718 0.000000 63.587261 0.000000 0.000000 1.000000 0.000000
0.944421 0.328738 0.000000 244.374417 -0.328738 0.944421 0.000000 62.924729 0.000000 0.000000 1.000000 0.000000
0.935964 0.352096 0.000000 246.313503 -0.352096 0.935964 0.000000 62.198459 0.000000 0.000000 1.000000 0.000000
0.927064 0.374904 0.000000 248.255305 -0.374904 0.927064 0.000000 61.453688 0.000000 0.000000 1.000000 0.000000
0.917945 0.396707 0.000000 250.187752 -0.396707 0.917945 0.000000 60.587249 0.000000 0.000000 1.000000 0.000000
0.906965 0.421207 0.000000 252.081699 -0.421207 0.906965 0.000000 59.695834 0.000000 0.000000 1.000000 0.000000
0.895500 0.445061 0.000000 253.956788 -0.445061 0.895500 0.000000 58.789655 0.000000 0.000000 1.000000 0.000000
0.882899 0.469564 0.000000 255.846183 -0.469564 0.882899 0.000000 57.754132 0.000000 0.000000 1.000000 0.000000
0.870848 0.491552 0.000000 257.697220 -0.491552 0.870848 0.000000 56.715992 0.000000 0.000000 1.000000 0.000000
0.859776 0.510672 0.000000 259.503667 -0.510672 0.859776 0.000000 55.664786 0.000000 0.000000 1.000000 0.000000
0.847155 0.531347 0.000000 261.304278 -0.531347 0.847155 0.000000 54.538418 0.000000 0.000000 1.000000 0.000000
0.833753 0.552137 0.000000 263.090617 -0.552137 0.833753 0.000000 53.388076 0.000000 0.000000 1.000000 0.000000
0.822220 0.569170 0.000000 264.786347 -0.569170 0.822220 0.000000 52.159748 0.000000 0.000000 1.000000 0.000000
0.810113 0.586274 0.000000 266.534857 -0.586274 0.810113 0.000000 50.945420 0.000000 0.000000 1.000000 0.000000
0.798986 0.601350 0.000000 268.219583 -0.601350 0.798986 0.000000 49.647009 0.000000 0.000000 1.000000 0.000000
0.787911 0.615789 0.000000 269.934488 -0.615789 0.787911 0.000000 48.354683 0.000000 0.000000 1.000000 0.000000
0.777270 0.629167 0.000000 271.568293 -0.629167 0.777270 0.000000 46.985645 0.000000 0.000000 1.000000 0.000000
0.766255 0.642537 0.000000 273.173377 -0.642537 0.766255 0.000000 45.658208 0.000000 0.000000 1.000000 0.000000
0.755555 0.655085 0.000000 274.783986 -0.655085 0.755555 0.000000 44.273407 0.000000 0.000000 1.000000 0.000000
0.745748 0.666229 0.000000 276.375938 -0.666229 0.745748 0.000000 42.887079 0.000000 0.000000 1.000000 0.000000
0.735289 0.677754 0.000000 277.954855 -0.677754 0.735289 0.000000 41.416207 0.000000 0.000000 1.000000 0.000000
0.725854 0.687849 0.000000 279.537370 -0.687849 0.725854 0.000000 39.965060 0.000000 0.000000 1.000000 0.000000
0.717492 0.696567 0.000000 281.038754 -0.696567 0.717492 0.000000 38.444918 0.000000 0.000000 1.000000 0.000000
0.708728 0.705482 0.000000 282.595294 -0.705482 0.708728 0.000000 36.931427 0.000000 0.000000 1.000000 0.000000
0.700536 0.713618 0.000000 284.183604 -0.713618 0.700536 0.000000 35.432060 0.000000 0.000000 1.000000 0.000000
0.693338 0.720612 0.000000 285.677874 -0.720612 0.693338 0.000000 33.845785 0.000000 0.000000 1.000000 0.000000
0.690492 0.723340 0.000000 287.113041 -0.723340 0.690492 0.000000 32.371107 0.000000 0.000000 1.000000 0.000000
0.692501 0.721417 0.000000 288.632082 -0.721417 0.692501 0.000000 30.832118 0.000000 0.000000 1.000000 0.000000
0.698908 0.715212 0.000000 290.047541 -0.715212 0.698908 0.000000 29.329975 0.000000 0.000000 1.000000 0.000000
0.708356 0.705855 0.000000 291.621045 -0.705855 0.708356 0.000000 27.810935 0.000000 0.000000 1.000000 0.000000
0.720402 0.693557 0.000000 293.149076 -0.693557 0.720402 0.000000 26.403901 0.000000 0.000000 1.000000 0.000000
0.733324 0.679879 0.000000 294.677987 -0.679879 0.733324 0.000000 24.991830 0.000000 0.000000 1.000000 0.000000
0.747238 0.664557 0.000000 296.224533 -0.664557 0.747238 0.000000 23.662525 0.000000 0.000000 1.000000 0.000000
0.761899 0.647696 0.000000 297.857536 -0.647696 0.761899 0.000000 22.292960 0.000000 0.000000 1.000000 0.000000
0.779187 0.626792 0.000000 299.439923 -0.626792 0.779187 0.000000 21.004348 0.000000 0.000000 1.000000 0.000000
0.796659 0.604429 0.000000 301.117278 -0.604429 0.796659 0.000000 19.730085 0.000000 0.000000 1.000000 0.000000
0.815283 0.579063 0.000000 302.921244 -0.579063 0.815283 0.000000 18.622348 0.000000 0.000000 1.000000 0.000000
0.834248 0.551389 0.000000 304.688247 -0.551389 0.834248 0.000000 17.426134 0.000000 0.000000 1.000000 0.000000
0.852957 0.521981 0.000000 306.509728 -0.521981 0.852957 0.000000 16.348086 0.000000 0.000000 1.000000 0.000000
0.870989 0.491302 0.000000 308.428230 -0.491302 0.870989 0.000000 15.348768 0.000000 0.000000 1.000000 0.000000
0.889855 0.456243 0.000000 310.345318 -0.456243 0.889855 0.000000 14.376246 0.000000 0.000000 1.000000 0.000000
0.907965 0.419046 0.000000 312.309248 -0.419046 0.907965 0.000000 13.462462 0.000000 0.000000 1.000000 0.000000
0.924826 0.380390 0.000000 314.392809 -0.380390 0.924826 0.000000 12.634978 0.000000 0.000000 1.000000 0.000000
0.940651 0.339375 0.000000 316.467078 -0.339375 0.940651 0.000000 11.931138 0.000000 0.000000 1.000000 0.000000
0.953996 0.299821 0.000000 318.652578 -0.299821 0.953996 0.000000 11.208747 0.000000 0.000000 1.000000 0.000000
0.963693 0.267012 0.000000 320.838613 -0.267012 0.963693 0.000000 10.666287 0.000000 0.000000 1.000000 0.000000
0.971006 0.239055 0.000000 323.055672 -0.239055 0.971006 0.000000 10.139273 0.000000 0.000000 1.000000 0.000000
0.977038 0.213064 0.000000 325.301550 -0.213064 0.977038 0.000000 9.662953 0.000000 0.000000 1.000000 0.000000
0.981159 0.193203 0.000000 327.539423 -0.193203 0.981159 0.000000 9.289309 0.000000 0.000000 1.000000 0.000000
0.984821 0.173571 0.000000 329.841862 -0.173571 0.984821 0.000000 8.927003 0.000000 0.000000 1.000000 0.000000
0.987396 0.158270 0.000000 332.162712 -0.158270 0.987396 0.000000 8.534738 0.000000 0.000000 1.000000 0.000000
0.989498 0.144545 0.000000 334.485667 -0.144545 0.989498 0.000000 8.265134 0.000000 0.000000 1.000000 0.000000
0.991259 0.131933 0.000000 336.849063 -0.131933 0.991259 0.000000 7.977652 0.000000 0.000000 1.000000 0.000000
0.992593 0.121487 0.000000 339.203260 -0.121487 0.992593 0.000000 7.702703 0.000000 0.000000 1.000000 0.000000
0.993982 0.109541 0.000000 341.596439 -0.109541 0.993982 0.000000 7.471827 0.000000 0.000000 1.000000 0.000000
0.995008 0.099800 0.000000 344.009982 -0.099800 0.995008 0.000000 7.210804 0.000000 0.000000 1.000000 0.000000
0.996024 0.089089 0.000000 346.459588 -0.089089 0.996024 0.000000 7.005278 0.000000 0.000000 1.000000 0.000000
0.996663 0.081626 0.000000 348.891609 -0.081626 0.996663 0.000000 6.842467 0.000000 0.000000 1.000000 0.000000
0.997514 0.070474 0.000000 351.313606 -0.070474 0.997514 0.000000 6.631292 0.000000 0.000000 1.000000 0.000000
0.997953 0.063949 0.000000 353.765448 -0.063949 0.997953 0.000000 6.505905 0.000000 0.000000 1.000000 0.000000
0.998482 0.055075 0.000000 356.264750 -0.055075 0.998482 0.000000 6.388190 0.000000 0.000000 1.000000 0.000000
0.998957 0.045661 0.000000 358.745729 -0.045661 0.998957 0.000000 6.238919 0.000000 0.000000 1.000000 0.000000
0.999320 0.036870 0.000000 361.287901 -0.036870 0.999320 0.000000 6.239981 0.000000 0.000000 1.000000 0.000000
0.999490 0.031931 0.000000 363.730658 -0.031931 0.999490 0.000000 6.118915 0.000000 0.000000 1.000000 0.000000
0.999621 0.027522 0.000000 366.236625 -0.027522 0.999621 0.000000 6.041888 0.000000 0.000000 1.000000 0.000000
0.999726 0.023416 0.000000 368.618014 -0.023416 0.999726 0.000000 6.014373 0.000000 0.000000 1.000000 0.000000
0.999817 0.019108 0.000000 371.079736 -0.019108 0.999817 0.000000 6.003748 0.000000 0.000000 1.000000 0.000000
0.999882 0.015344 0.000000 373.507825 -0.015344 0.999882 0.000000 5.893817 0.000000 0.000000 1.000000 0.000000
0.999968 0.008049 0.000000 375.985327 -0.008049 0.999968 0.000000 5.954143 0.000000 0.000000 1.000000 0.000000
0.999964 0.008485 0.000000 378.436853 -0.008485 0.999964 0.000000 5.905147 0.000000 0.000000 1.000000 0.000000
0.999949 0.010064 0.000000 380.837478 -0.010064 0.999949 0.000000 5.851433 0.000000 0.000000 1.000000 0.000000
0.999954 0.009576 0.000000 383.340270 -0.009576 0.999954 0.000000 5.880981 0.000000 0.000000 1.000000 0.000000
0.999965 0.008340 0.000000 385.808640 -0.008340 0.999965 0.000000 5.891415 0.000000 0.000000 1.000000 0.000000
0.999980 0.006286 0.000000 388.274427 -0.006286 0.999980 0.000000 5.853882 0.000000 0.000000 1.000000 0.000000
0.999990 0.004567 0.000000 390.768687 -0.004567 0.999990 0.000000 5.845343 0.000000 0.000000 1.000000 0.000000
0.999994 0.003438 0.000000 393.224732 -0.003438 0.999994 0.000000 5.855931 0.000000 0.000000 1.000000 0.000000
0.999997 0.002283 0.000000 395.693059 -0.002283 0.999997 0.000000 5.847726 0.000000 0.000000 1.000000 0.000000
0.999999 0.001345 0.000000 398.150863 -0.001345 0.999999 0.000000 5.816724 0.000000 0.000000 1.000000 0.000000
1.000000 -0.000334 0.000000 400.616890 0.000334 1.000000 0.000000 5.827272 0.000000 0.000000 1.000000 0.000000
1.000000 0.000185 0.000000 403.029394 -0.000185 1.000000 0.000000 5.834790 0.000000 0.000000 1.000000 0.000000
0.999997 -0.002528 0.000000 405.431471 0.002528 0.999997 0.000000 5.877849 0.000000 0.000000 1.000000 0.000000
0.999995 -0.003061 0.000000 407.887778 0.003061 0.999995 0.000000 5.908160 0.000000 0.000000 1.000000 0.000000
0.999996 -0.002978 0.000000 410.264652 0.002978 0.999996 0.000000 5.928592 0.000000 0.000000 1.000000 0.000000
0.999992 -0.004083 0.000000 412.656036 0.004083 0.999992 0.000000 5.925837 0.000000 0.000000 1.000000 0.000000
0.999976 -0.006969 0.000000 415.028963 0.006969 0.999976 0.000000 5.931942 0.000000 0.000000 1.000000 0.000000
0.999972 -0.007438 0.000000 417.489526 0.007438 0.999972 0.000000 5.986364 0.000000 0.000000 1.000000 0.000000
0.999979 -0.006546 0.000000 419.804576 0.006546 0.999979 0.000000 6.012959 0.000000 0.000000 1.000000 0.000000
0.999988 -0.004921 0.000000 422.195509 0.004921 0.999988 0.000000 6.025907 0.000000 0.000000 1.000000 0.000000
0.999995 -0.003097 0.000000 424.474821 0.003097 0.999995 0.000000 5.980000 0.000000 0.000000 1.000000 0.000000
0.999994 -0.003577 0.000000 426.807761 0.003577 0.999994 0.000000 6.028797 0.000000 0.000000 1.000000 0.000000
0.999993 -0.003682 0.000000 429.113923 0.003682 0.999993 0.000000 6.041084 0.000000 0.000000 1.000000 0.000000
0.999998 -0.002006 0.000000 431.338127 0.002006 0.999998 0.000000 6.050103 0.000000 0.000000 1.000000 0.000000
0.999989 -0.004673 0.000000 433.627159 0.004673 0.999989 0.000000 6.054170 0.000000 0.000000 1.000000 0.000000
0.999994 -0.003593 0.000000 435.885156 0.003593 0.999994 0.000000 6.070194 0.000000 0.000000 1.000000 0.000000
0.999992 -0.004115 0.000000 438.115844 0.004115 0.999992 0.000000 6.054361 0.000000 0.000000 1.000000 0.000000
0.999996 -0.002875 0.000000 440.285105 0.002875 0.999996 0.000000 6.063429 0.000000 0.000000 1.000000 0.000000
1.000000 -0.000418 0.000000 442.519113 0.000418 1.000000 0.000000 6.092380 0.000000 0.000000 1.000000 0.000000
1.000000 0.000382 0.000000 444.684705 -0.000382 1.000000 0.000000 6.181170 0.000000 0.000000 1.000000 0.000000
0.999998 0.002161 0.000000 446.839523 -0.002161 0.999998 0.000000 6.132377 0.000000 0.000000 1.000000 0.000000
0.999998 0.001744 0.000000 448.974398 -0.001744 0.999998 0.000000 6.184596 0.000000 0.000000 1.000000 0.000000
0.999994 0.003360 0.000000 450.989008 -0.003360 0.999994 0.000000 6.158951 0.000000 0.000000 1.000000 0.000000
0.999986 0.005268 0.000000 452.935537 -0.005268 0.999986 0.000000 6.262849 0.000000 0.000000 1.000000 0.000000
0.999977 0.006785 0.000000 454.879374 -0.006785 0.999977 0.000000 6.267782 0.000000 0.000000 1.000000 0.000000
0.999988 0.004829 0.000000 456.706622 -0.004829 0.999988 0.000000 6.182081 0.000000 0.000000 1.000000 0.000000
0.999971 0.007632 0.000000 458.476370 -0.007632 0.999971 0.000000 6.203733 0.000000 0.000000 1.000000 0.000000
0.999957 0.009259 0.000000 460.206743 -0.009259 0.999957 0.000000 6.195958 0.000000 0.000000 1.000000 0.000000
0.999973 0.007362 0.000000 461.870886 -0.007362 0.999973 0.000000 6.191669 0.000000 0.000000 1.000000 0.000000
0.999954 0.009543 0.000000 463.430349 -0.009543 0.999954 0.000000 6.181756 0.000000 0.000000 1.000000 0.000000
0.999950 0.010041 0.000000 464.958114 -0.010041 0.999950 0.000000 6.226535 0.000000 0.000000 1.000000 0.000000
0.999867 0.016304 0.000000 466.371028 -0.016304 0.999867 0.000000 6.175044 0.000000 0.000000 1.000000 0.000000
0.999554 0.029855 0.000000 467.732169 -0.029855 0.999554 0.000000 6.169725 0.000000 0.000000 1.000000 0.000000
0.998709 0.050807 0.000000 469.109921 -0.050807 0.998709 0.000000 6.040580 0.000000 0.000000 1.000000 0.000000
0.996222 0.086848 0.000000 470.275454 -0.086848 0.996222 0.000000 5.834815 0.000000 0.000000 1.000000 0.000000
0.991919 0.126873 0.000000 471.525694 -0.126873 0.991919 0.000000 5.698127 0.000000 0.000000 1.000000 0.000000
0.984891 0.173174 0.000000 472.731361 -0.173174 0.984891 0.000000 5.398218 0.000000 0.000000 1.000000 0.000000
0.973721 0.227746 0.000000 473.923664 -0.227746 0.973721 0.000000 5.107256 0.000000 0.000000 1.000000 0.000000
0.957919 0.287037 0.000000 475.046762 -0.287037 0.957919 0.000000 4.678508 0.000000 0.000000 1.000000 0.000000
