1.000000 0.000000 0.000000 0.000000 0.000000 1.000000 0.000000 0.000000 0.000000 0.000000 1.000000 0.000000
1.000000 0.000539 0.000000 0.015826 -0.000539 1.000000 0.000000 -0.005757 0.000000 0.000000 1.000000 0.000000
1.000000 0.000078 0.000000 0.019691 -0.000078 1.000000 0.000000 -0.013985 0.000000 0.000000 1.000000 0.000000
1.000000 0.000039 0.000000 0.009773 -0.000039 1.000000 0.000000 -0.011008 0.000000 0.000000 1.000000 0.000000
1.000000 0.000406 0.000000 0.018447 -0.000406 1.000000 0.000000 -0.008560 0.000000 0.000000 1.000000 0.000000
1.000000 0.000091 0.000000 0.002042 -0.000091 1.000000 0.000000 -0.011668 0.000000 0.000000 1.000000 0.000000
1.000000 -0.000731 0.000000 -0.009386 0.000731 1.000000 0.000000 -0.005354 0.000000 0.000000 1.000000 0.000000
1.000000 -0.000290 0.000000 0.010366 0.000290 1.000000 0.000000 -0.004204 0.000000 0.000000 1.000000 0.000000
1.000000 0.000429 0.000000 -0.002267 -0.000429 1.000000 0.000000 -0.019160 0.000000 0.000000 1.000000 0.000000
1.000000 0.000150 0.000000 0.006771 -0.000150 1.000000 0.000000 0.010798 0.000000 0.000000 1.000000 0.000000
1.000000 0.000000 0.000000 -0.001742 -0.000000 1.000000 0.000000 -0.009277 0.000000 0.000000 1.000000 0.000000
1.000000 0.000196 0.000000 0.010581 -0.000196 1.000000 0.000000 -0.000840 0.000000 0.000000 1.000000 0.000000
1.000000 -0.000233 0.000000 0.009839 0.000233 1.000000 0.000000 -0.000980 0.000000 0.000000 1.000000 0.000000
1.000000 -0.000676 0.000000 0.006780 0.000676 1.000000 0.000000 -0.005455 0.000000 0.000000 1.000000 0.000000
1.000000 0.000091 0.000000 -0.004129 -0.000091 1.000000 0.000000 -0.015264 0.000000 0.000000 1.000000 0.000000
1.000000 0.000009 0.000000 0.000193 -0.000009 1.000000 0.000000 0.008323 0.000000 0.000000 1.000000 0.000000
1.000000 -0.000123 0.000000 -0.006806 0.000123 1.000000 0.000000 -0.012744 0.000000 0.000000 1.000000 0.000000
1.000000 -0.000815 0.000000 -0.003982 0.000815 1.000000 0.000000 -0.001901 0.000000 0.000000 1.000000 0.000000
1.000000 -0.000759 0.000000 0.002153 0.000759 1.000000 0.000000 -0.007052 0.000000 0.000000 1.000000 0.000000
1.000000 0.000830 0.000000 -0.011683 -0.000830 1.000000 0.000000 -0.007182 0.000000 0.000000 1.000000 0.000000
1.000000 -0.000017 0.000000 -0.005811 0.000017 1.000000 0.000000 0.001688 0.000000 0.000000 1.000000 0.000000
1.000000 -0.000016 0.000000 0.013507 0.000016 1.000000 0.000000 0.012392 0.000000 0.000000 1.000000 0.000000
0.999999 0.001040 0.000000 0.043736 -0.001040 0.999999 0.000000 0.002433 0.000000 0.000000 1.000000 0.000000
1.000000 0.000403 0.000000 0.100541 -0.000403 1.000000 0.000000 -0.002631 0.000000 0.000000 1.000000 0.000000
1.000000 0.000937 0.000000 0.206831 -0.000937 1.000000 0.000000 0.008851 0.000000 0.000000 1.000000 0.000000
0.999998 0.001950 0.000000 0.341219 -0.001950 0.999998 0.000000 0.008191 0.000000 0.000000 1.000000 0.000000
0.999999 0.001142 0.000000 0.516230 -0.001142 0.999999 0.000000 0.025738 0.000000 0.000000 1.000000 0.000000
0.999983 -0.005788 0.000000 0.720180 0.005788 0.999983 0.000000 0.055392 0.000000 0.000000 1.000000 0.000000
0.999921 -0.012558 0.000000 0.960938 0.012558 0.999921 0.000000 0.060329 0.000000 0.000000 1.000000 0.000000
0.999971 -0.007555 0.000000 1.242976 0.007555 0.999971 0.000000 0.061610 0.000000 0.000000 1.000000 0.000000
0.999969 -0.007876 0.000000 1.520496 0.007876 0.999969 0.000000 0.100538 0.000000 0.000000 1.000000 0.000000
0.999989 -0.004635 0.000000 1.822583 0.004635 0.999989 0.000000 0.099540 0.000000 0.000000 1.000000 0.000000
1.000000 -0.000274 0.000000 2.104703 0.000274 1.000000 0.000000 0.080751 0.000000 0.000000 1.000000 0.000000
0.999986 0.005196 0.000000 2.465018 -0.005196 0.999986 0.000000 0.096481 0.000000 0.000000 1.000000 0.000000
0.999963 0.008559 0.000000 2.799821 -0.008559 0.999963 0.000000 0.115860 0.000000 0.000000 1.000000 0.000000
0.999886 0.015082 0.000000 3.133889 -0.015082 0.999886 0.000000 0.075405 0.000000 0.000000 1.000000 0.000000
0.999774 0.021243 0.000000 3.481746 -0.021243 0.999774 0.000000 0.043678 0.000000 0.000000 1.000000 0.000000
0.999639 0.026882 0.000000 3.832937 -0.026882 0.999639 0.000000 0.005833 0.000000 0.000000 1.000000 0.000000
0.999471 0.032532 0.000000 4.182732 -0.032532 0.999471 0.000000 0.009246 0.000000 0.000000 1.000000 0.000000
0.999272 0.038142 0.000000 4.521276 -0.038142 0.999272 0.000000 0.026828 0.000000 0.000000 1.000000 0.000000
0.999078 0.042936 0.000000 4.880270 -0.042936 0.999078 0.000000 0.021842 0.000000 0.000000 1.000000 0.000000
0.998897 0.046951 0.000000 5.270367 -0.046951 0.998897 0.000000 0.017096 0.000000 0.000000 1.000000 0.000000
0.998659 0.051761 0.000000 5.674599 -0.051761 0.998659 0.000000 0.003365 0.000000 0.000000 1.000000 0.000000
0.998287 0.058501 0.000000 6.063469 -0.058501 0.998287 0.000000 -0.037025 0.000000 0.000000 1.000000 0.000000
0.997842 0.065659 0.000000 6.439039 -0.065659 0.997842 0.000000 -0.050547 0.000000 0.000000 1.000000 0.000000
0.997713 0.067598 0.000000 6.789991 -0.067598 0.997713 0.000000 -0.064353 0.000000 0.000000 1.000000 0.000000
0.997429 0.071667 0.000000 7.173268 -0.071667 0.997429 0.000000 -0.134680 0.000000 0.000000 1.000000 0.000000
0.996807 0.079852 0.000000 7.551390 -0.079852 0.996807 0.000000 -0.189266 0.000000 0.000000 1.000000 0.000000
0.996269 0.086305 0.000000 7.898860 -0.086305 0.996269 0.000000 -0.207183 0.000000 0.000000 1.000000 0.000000
0.995892 0.090545 0.000000 8.312378 -0.090545 0.995892 0.000000 -0.262923 0.000000 0.000000 1.000000 0.000000
0.995449 0.095293 0.000000 8.690789 -0.095293 0.995449 0.000000 -0.284656 0.000000 0.000000 1.000000 0.000000
0.996000 0.089355 0.000000 9.062892 -0.089355 0.996000 0.000000 -0.287563 0.000000 0.000000 1.000000 0.000000
0.997348 0.072775 0.000000 9.519695 -0.072775 0.997348 0.000000 -0.258551 0.000000 0.000000 1.000000 0.000000
0.997890 0.064931 0.000000 10.028382 -0.064931 0.997890 0.000000 -0.286998 0.000000 0.000000 1.000000 0.000000
0.997533 0.070196 0.000000 10.508664 -0.070196 0.997533 0.000000 -0.350122 0.000000 0.000000 1.000000 0.000000
0.996431 0.084417 0.000000 10.991244 -0.084417 0.996431 0.000000 -0.383244 0.000000 0.000000 1.000000 0.000000
0.994053 0.108901 0.000000 11.506839 -0.108901 0.994053 0.000000 -0.491745 0.000000 0.000000 1.000000 0.000000
0.990412 0.138144 0.000000 11.956480 -0.138144 0.990412 0.000000 -0.576365 0.000000 0.000000 1.000000 0.000000
0.983972 0.178324 0.000000 12.402028 -0.178324 0.983972 0.000000 -0.752489 0.000000 0.000000 1.000000 0.000000
0.976008 0.217735 0.000000 12.819221 -0.217735 0.976008 0.000000 -0.905508 0.000000 0.000000 1.000000 0.000000
0.967303 0.253623 0.000000 13.208768 -0.253623 0.967303 0.000000 -1.084476 0.000000 0.000000 1.000000 0.000000
0.958297 0.285775 0.000000 13.642161 -0.285775 0.958297 0.000000 -1.196031 0.000000 0.000000 1.000000 0.000000
0.949347 0.314229 0.000000 14.081774 -0.314229 0.949347 0.000000 -1.345917 0.000000 0.000000 1.000000 0.000000
0.937904 0.346895 0.000000 14.507479 -0.346895 0.937904 0.000000 -1.470065 0.000000 0.000000 1.000000 0.000000
0.922604 0.385749 0.000000 14.937749 -0.385749 0.922604 0.000000 -1.672558 0.000000 0.000000 1.000000 0.000000
0.905198 0.424989 0.000000 15.406845 -0.424989 0.905198 0.000000 -1.949745 0.000000 0.000000 1.000000 0.000000
0.881842 0.471546 0.000000 15.816688 -0.471546 0.881842 0.000000 -2.232494 0.000000 0.000000 1.000000 0.000000
0.852688 0.522420 0.000000 16.220462 -0.522420 0.852688 0.000000 -2.528891 0.000000 0.000000 1.000000 0.000000
0.825981 0.563699 0.000000 16.667176 -0.563699 0.825981 0.000000 -2.850040 0.000000 0.000000 1.000000 0.000000
0.805020 0.593248 0.000000 17.040218 -0.593248 0.805020 0.000000 -3.079216 0.000000 0.000000 1.000000 0.000000
0.793717 0.608287 0.000000 17.479916 -0.608287 0.793717 0.000000 -3.383004 0.000000 0.000000 1.000000 0.000000
0.788114 0.615529 0.000000 17.867062 -0.615529 0.788114 0.000000 -3.838513 0.000000 0.000000 1.000000 0.000000
0.779449 0.626465 0.000000 18.257328 -0.626465 0.779449 0.000000 -4.192300 0.000000 0.000000 1.000000 0.000000
0.770190 0.637815 0.000000 18.705400 -0.637815 0.770190 0.000000 -4.460772 0.000000 0.000000 1.000000 0.000000
0.764465 0.644666 0.000000 19.147747 -0.644666 0.764465 0.000000 -4.814219 0.000000 0.000000 1.000000 0.000000
0.760343 0.649522 0.000000 19.566709 -0.649522 0.760343 0.000000 -5.189433 0.000000 0.000000 1.000000 0.000000
0.757261 0.653113 0.000000 20.039830 -0.653113 0.757261 0.000000 -5.594263 0.000000 0.000000 1.000000 0.000000
0.763637 0.645646 0.000000 20.481351 -0.645646 0.763637 0.000000 -5.902586 0.000000 0.000000 1.000000 0.000000
0.772197 0.635383 0.000000 20.953502 -0.635383 0.772197 0.000000 -6.266386 0.000000 0.000000 1.000000 0.000000
0.777557 0.628812 0.000000 21.425878 -0.628812 0.777557 0.000000 -6.680885 0.000000 0.000000 1.000000 0.000000
0.779019 0.627001 0.000000 21.869912 -0.627001 0.779019 0.000000 -7.050104 0.000000 0.000000 1.000000 0.000000
0.782883 0.622170 0.000000 22.335676 -0.622170 0.782883 0.000000 -7.401184 0.000000 0.000000 1.000000 0.000000
0.790067 0.613020 0.000000 22.820032 -0.613020 0.790067 0.000000 -7.732724 0.000000 0.000000 1.000000 0.000000
0.794479 0.607292 0.000000 23.272099 -0.607292 0.794479 0.000000 -8.045897 0.000000 0.000000 1.000000 0.000000
0.797646 0.603126 0.000000 23.738151 -0.603126 0.797646 0.000000 -8.359279 0.000000 0.000000 1.000000 0.000000
0.802731 0.596341 0.000000 24.234954 -0.596341 0.802731 0.000000 -8.673866 0.000000 0.000000 1.000000 0.000000
0.808943 0.587887 0.000000 24.679401 -0.587887 0.808943 0.000000 -9.035928 0.000000 0.000000 1.000000 0.000000
0.812169 0.583423 0.000000 25.142708 -0.583423 0.812169 0.000000 -9.370385 0.000000 0.000000 1.000000 0.000000
0.813641 0.581368 0.000000 25.656347 -0.581368 0.813641 0.000000 -9.674312 0.000000 0.000000 1.000000 0.000000
0.819313 0.573346 0.000000 26.188125 -0.573346 0.819313 0.000000 -10.011076 0.000000 0.000000 1.000000 0.000000
0.825068 0.565034 0.000000 26.664144 -0.565034 0.825068 0.000000 -10.342476 0.000000 0.000000 1.000000 0.000000
0.828896 0.559403 0.000000 27.145541 -0.559403 0.828896 0.000000 -10.592949 0.000000 0.000000 1.000000 0.000000
0.831293 0.555835 0.000000 27.669485 -0.555835 0.831293 0.000000 -10.966900 0.000000 0.000000 1.000000 0.000000
0.835818 0.549006 0.000000 28.177796 -0.549006 0.835818 0.000000 -11.306751 0.000000 0.000000 1.000000 0.000000
0.840511 0.541794 0.000000 28.663362 -0.541794 0.840511 0.000000 -11.654462 0.000000 0.000000 1.000000 0.000000
0.844374 0.535754 0.000000 29.177270 -0.535754 0.844374 0.000000 -11.916802 0.000000 0.000000 1.000000 0.000000
0.847482 0.530824 0.000000 29.716018 -0.530824 0.847482 0.000000 -12.198799 0.000000 0.000000 1.000000 0.000000
0.851144 0.524932 0.000000 30.215861 -0.524932 0.851144 0.000000 -12.530061 0.000000 0.000000 1.000000 0.000000
0.855510 0.517786 0.000000 30.724629 -0.517786 0.855510 0.000000 -12.801026 0.000000 0.000000 1.000000 0.000000
0.855576 0.517677 0.000000 31.264793 -0.517677 0.855576 0.000000 -13.082577 0.000000 0.000000 1.000000 0.000000
0.856941 0.515414 0.000000 31.743085 -0.515414 0.856941 0.000000 -13.401305 0.000000 0.000000 1.000000 0.000000
0.859204 0.511633 0.000000 32.251911 -0.511633 0.859204 0.000000 -13.623358 0.000000 0.000000 1.000000 0.000000
0.861030 0.508554 0.000000 32.732554 -0.508554 0.861030 0.000000 -13.866247 0.000000 0.000000 1.000000 0.000000
0.864414 0.502781 0.000000 33.199594 -0.502781 0.864414 0.000000 -14.169683 0.000000 0.000000 1.000000 0.000000
0.866974 0.498353 0.000000 33.645149 -0.498353 0.866974 0.000000 -14.462777 0.000000 0.000000 1.000000 0.000000
0.870225 0.492654 0.000000 34.063058 -0.492654 0.870225 0.000000 -14.723240 0.000000 0.000000 1.000000 0.000000
0.879453 0.475985 0.000000 34.488979 -0.475985 0.879453 0.000000 -14.947223 0.000000 0.000000 1.000000 0.000000
0.893417 0.449228 0.000000 34.929116 -0.449228 0.893417 0.000000 -15.138607 0.000000 0.000000 1.000000 0.000000
0.903572 0.428436 0.000000 35.360220 -0.428436 0.903572 0.000000 -15.278539 0.000000 0.000000 1.000000 0.000000
0.912246 0.409642 0.000000 35.753211 -0.409642 0.912246 0.000000 -15.336818 0.000000 0.000000 1.000000 0.000000
0.924642 0.380838 0.000000 36.102330 -0.380838 0.924642 0.000000 -15.485947 0.000000 0.000000 1.000000 0.000000
0.939376 0.342889 0.000000 36.417477 -0.342889 0.939376 0.000000 -15.586878 0.000000 0.000000 1.000000 0.000000
0.948414 0.317034 0.000000 36.838447 -0.317034 0.948414 0.000000 -15.693214 0.000000 0.000000 1.000000 0.000000
0.956489 0.291769 0.000000 37.135494 -0.291769 0.956489 0.000000 -15.661168 0.000000 0.000000 1.000000 0.000000
0.965844 0.259125 0.000000 37.445920 -0.259125 0.965844 0.000000 -15.677552 0.000000 0.000000 1.000000 0.000000
0.971871 0.235514 0.000000 37.793072 -0.235514 0.971871 0.000000 -15.797222 0.000000 0.000000 1.000000 0.000000
0.975576 0.219661 0.000000 38.070078 -0.219661 0.975576 0.000000 -15.818433 0.000000 0.000000 1.000000 0.000000
0.979487 0.201506 0.000000 38.270473 -0.201506 0.979487 0.000000 -15.943614 0.000000 0.000000 1.000000 0.000000
0.983643 0.180132 0.000000 38.511272 -0.180132 0.983643 0.000000 -16.044695 0.000000 0.000000 1.000000 0.000000
0.988027 0.154283 0.000000 38.869377 -0.154283 0.988027 0.000000 -15.960152 0.000000 0.000000 1.000000 0.000000
0.991442 0.130549 0.000000 38.968949 -0.130549 0.991442 0.000000 -15.785144 0.000000 0.000000 1.000000 0.000000
0.994887 0.100999 0.000000 39.129536 -0.100999 0.994887 0.000000 -15.820246 0.000000 0.000000 1.000000 0.000000
0.997645 0.068592 0.000000 39.401522 -0.068592 0.997645 0.000000 -15.946416 0.000000 0.000000 1.000000 0.000000
0.999323 0.036797 0.000000 39.634186 -0.036797 0.999323 0.000000 -15.893245 0.000000 0.000000 1.000000 0.000000
0.999975 0.007127 0.000000 39.831541 -0.007127 0.999975 0.000000 -15.865116 0.000000 0.000000 1.000000 0.000000
0.999620 -0.027558 0.000000 40.201283 0.027558 0.999620 0.000000 -15.895995 0.000000 0.000000 1.000000 0.000000
0.998021 -0.062886 0.000000 40.445518 0.062886 0.998021 0.000000 -15.959334 0.000000 0.000000 1.000000 0.000000
0.995863 -0.090872 0.000000 40.837483 0.090872 0.995863 0.000000 -15.832854 0.000000 0.000000 1.000000 0.000000
0.991917 -0.126887 0.000000 41.105919 0.126887 0.991917 0.000000 -15.897283 0.000000 0.000000 1.000000 0.000000
0.987506 -0.157580 0.000000 41.515145 0.157580 0.987506 0.000000 -15.817146 0.000000 0.000000 1.000000 0.000000
0.982028 -0.188736 0.000000 41.849879 0.188736 0.982028 0.000000 -15.842994 0.000000 0.000000 1.000000 0.000000
0.975774 -0.218780 0.000000 42.254106 0.218780 0.975774 0.000000 -15.668166 0.000000 0.000000 1.000000 0.000000
0.968113 -0.250516 0.000000 42.475729 0.250516 0.968113 0.000000 -15.442057 0.000000 0.000000 1.000000 0.000000
0.957315 -0.289048 0.000000 42.849383 0.289048 0.957315 0.000000 -15.300859 0.000000 0.000000 1.000000 0.000000
0.944116 -0.329613 0.000000 43.303172 0.329613 0.944116 0.000000 -15.138204 0.000000 0.000000 1.000000 0.000000
0.931691 -0.363251 0.000000 43.642351 0.363251 0.931691 0.000000 -14.902745 0.000000 0.000000 1.000000 0.000000
0.914455 -0.404688 0.000000 43.879570 0.404688 0.914455 0.000000 -14.643443 0.000000 0.000000 1.000000 0.000000
0.893118 -0.449823 0.000000 44.408525 0.449823 0.893118 0.000000 -14.353417 0.000000 0.000000 1.000000 0.000000
0.864873 -0.501990 0.000000 44.876709 0.501990 0.864873 0.000000 -14.210278 0.000000 0.000000 1.000000 0.000000
0.835393 -0.549653 0.000000 45.330338 0.549653 0.835393 0.000000 -13.829206 0.000000 0.000000 1.000000 0.000000
0.800807 -0.598923 0.000000 45.746991 0.598923 0.800807 0.000000 -13.516546 0.000000 0.000000 1.000000 0.000000
0.762836 -0.646592 0.000000 46.108405 0.646592 0.762836 0.000000 -13.057362 0.000000 0.000000 1.000000 0.000000
0.719096 -0.694911 0.000000 46.385921 0.694911 0.719096 0.000000 -12.687547 0.000000 0.000000 1.000000 0.000000
0.671426 -0.741072 0.000000 46.752157 0.741072 0.671426 0.000000 -12.242219 0.000000 0.000000 1.000000 0.000000
0.620862 -0.783920 0.000000 47.015267 0.783920 0.620862 0.000000 -11.713818 0.000000 0.000000 1.000000 0.000000
0.565919 -0.824461 0.000000 47.262116 0.824461 0.565919 0.000000 -11.297779 0.000000 0.000000 1.000000 0.000000
0.500887 -0.865513 0.000000 47.467178 0.865513 0.500887 0.000000 -10.758706 0.000000 0.000000 1.000000 0.000000
0.428050 -0.903755 0.000000 47.577094 0.903755 0.428050 0.000000 -10.283561 0.000000 0.000000 1.000000 0.000000
0.347066 -0.937841 0.000000 47.726475 0.937841 0.347066 0.000000 -9.688546 0.000000 0.000000 1.000000 0.000000
0.270371 -0.962756 0.000000 47.854463 0.962756 0.270371 0.000000 -9.079054 0.000000 0.000000 1.000000 0.000000
0.204515 -0.978863 0.000000 47.857921 0.978863 0.204515 0.000000 -8.448236 0.000000 0.000000 1.000000 0.000000
0.161785 -0.986826 0.000000 47.882627 0.986826 0.161785 0.000000 -7.825432 0.000000 0.000000 1.000000 0.000000
0.126621 -0.991951 0.000000 47.968606 0.991951 0.126621 0.000000 -7.200550 0.000000 0.000000 1.000000 0.000000
0.098036 -0.995183 0.000000 47.913818 0.995183 0.098036 0.000000 -6.548633 0.000000 0.000000 1.000000 0.000000
0.078506 -0.996914 0.000000 47.980171 0.996914 0.078506 0.000000 -5.849267 0.000000 0.000000 1.000000 0.000000
0.070477 -0.997513 0.000000 47.953588 0.997513 0.070477 0.000000 -5.174861 0.000000 0.000000 1.000000 0.000000
0.071120 -0.997468 0.000000 47.999043 0.997468 0.071120 0.000000 -4.489658 0.000000 0.000000 1.000000 0.000000
0.081649 -0.996661 0.000000 48.077020 0.996661 0.081649 0.000000 -3.766263 0.000000 0.000000 1.000000 0.000000
0.096003 -0.995381 0.000000 48.190035 0.995381 0.096003 0.000000 -3.009846 0.000000 0.000000 1.000000 0.000000
0.110606 -0.993864 0.000000 48.218761 0.993864 0.110606 0.000000 -2.267937 0.000000 0.000000 1.000000 0.000000
0.128522 -0.991707 0.000000 48.282617 0.991707 0.128522 0.000000 -1.568147 0.000000 0.000000 1.000000 0.000000
0.140568 -0.990071 0.000000 48.463720 0.990071 0.140568 0.000000 -0.770733 0.000000 0.000000 1.000000 0.000000
0.149523 -0.988758 0.000000 48.479761 0.988758 0.149523 0.000000 -0.088051 0.000000 0.000000 1.000000 0.000000
0.155625 -0.987816 0.000000 48.618209 0.987816 0.155625 0.000000 0.719273 0.000000 0.000000 1.000000 0.000000
0.157972 -0.987444 0.000000 48.702838 0.987444 0.157972 0.000000 1.502949 0.000000 0.000000 1.000000 0.000000
0.159982 -0.987120 0.000000 48.839634 0.987120 0.159982 0.000000 2.264384 0.000000 0.000000 1.000000 0.000000
0.166657 -0.986015 0.000000 48.963203 0.986015 0.166657 0.000000 3.024344 0.000000 0.000000 1.000000 0.000000
0.169372 -0.985552 0.000000 49.065197 0.985552 0.169372 0.000000 3.802201 0.000000 0.000000 1.000000 0.000000
0.177205 -0.984174 0.000000 49.194091 0.984174 0.177205 0.000000 4.444937 0.000000 0.000000 1.000000 0.000000
0.194780 -0.980847 0.000000 49.327689 0.980847 0.194780 0.000000 5.209705 0.000000 0.000000 1.000000 0.000000
0.195470 -0.980710 0.000000 49.423101 0.980710 0.195470 0.000000 5.910385 0.000000 0.000000 1.000000 0.000000
0.188899 -0.981996 0.000000 49.530092 0.981996 0.188899 0.000000 6.526147 0.000000 0.000000 1.000000 0.000000
0.175881 -0.984411 0.000000 49.700797 0.984411 0.175881 0.000000 7.368861 0.000000 0.000000 1.000000 0.000000
0.165651 -0.986184 0.000000 49.806582 0.986184 0.165651 0.000000 8.079038 0.000000 0.000000 1.000000 0.000000
0.151957 -0.988387 0.000000 49.845398 0.988387 0.151957 0.000000 8.837727 0.000000 0.000000 1.000000 0.000000
0.139236 -0.990259 0.000000 49.923277 0.990259 0.139236 0.000000 9.605023 0.000000 0.000000 1.000000 0.000000
0.122569 -0.992460 0.000000 50.018319 0.992460 0.122569 0.000000 10.303720 0.000000 0.000000 1.000000 0.000000
0.106808 -0.994280 0.000000 50.046271 0.994280 0.106808 0.000000 11.174489 0.000000 0.000000 1.000000 0.000000
0.085775 -0.996315 0.000000 50.058136 0.996315 0.085775 0.000000 12.069404 0.000000 0.000000 1.000000 0.000000
0.059768 -0.998212 0.000000 50.142380 0.998212 0.059768 0.000000 12.684196 0.000000 0.000000 1.000000 0.000000
0.051767 -0.998659 0.000000 50.175230 0.998659 0.051767 0.000000 13.574428 0.000000 0.000000 1.000000 0.000000
0.047306 -0.998880 0.000000 50.101027 0.998880 0.047306 0.000000 14.367550 0.000000 0.000000 1.000000 0.000000
0.044936 -0.998990 0.000000 50.177094 0.998990 0.044936 0.000000 15.215080 0.000000 0.000000 1.000000 0.000000
0.042904 -0.999079 0.000000 50.204500 0.999079 0.042904 0.000000 16.009419 0.000000 0.000000 1.000000 0.000000
0.039544 -0.999218 0.000000 50.170144 0.999218 0.039544 0.000000 16.812430 0.000000 0.000000 1.000000 0.000000
0.033591 -0.999436 0.000000 50.195211 0.999436 0.033591 0.000000 17.755199 0.000000 0.000000 1.000000 0.000000
0.024808 -0.999692 0.000000 50.250008 0.999692 0.024808 0.000000 18.570585 0.000000 0.000000 1.000000 0.000000
0.020694 -0.999786 0.000000 50.285977 0.999786 0.020694 0.000000 19.411489 0.000000 0.000000 1.000000 0.000000
0.013318 -0.999911 0.000000 50.205811 0.999911 0.013318 0.000000 20.288604 0.000000 0.000000 1.000000 0.000000
0.005665 -0.999984 0.000000 50.170891 0.999984 0.005665 0.000000 21.160120 0.000000 0.000000 1.000000 0.000000
-0.003809 -0.999993 0.000000 50.155966 0.999993 -0.003809 0.000000 22.044978 0.000000 0.000000 1.000000 0.000000
-0.012145 -0.999926 0.000000 50.179780 0.999926 -0.012145 0.000000 22.911654 0.000000 0.000000 1.000000 0.000000
-0.018789 -0.999823 0.000000 50.144723 0.999823 -0.018789 0.000000 23.821751 0.000000 0.000000 1.000000 0.000000
-0.023146 -0.999732 0.000000 50.098791 0.999732 -0.023146 0.000000 24.674182 0.000000 0.000000 1.000000 0.000000
-0.030701 -0.999529 0.000000 50.009464 0.999529 -0.030701 0.000000 25.573947 0.000000 0.000000 1.000000 0.000000
-0.036221 -0.999344 0.000000 49.889516 0.999344 -0.036221 0.000000 26.460981 0.000000 0.000000 1.000000 0.000000
-0.037486 -0.999297 0.000000 49.885095 0.999297 -0.037486 0.000000 27.354940 0.000000 0.000000 1.000000 0.000000
-0.038142 -0.999272 0.000000 49.894713 0.999272 -0.038142 0.000000 28.272977 0.000000 0.000000 1.000000 0.000000
-0.037855 -0.999283 0.000000 49.762121 0.999283 -0.037855 0.000000 29.113695 0.000000 0.000000 1.000000 0.000000
-0.036570 -0.999331 0.000000 49.685347 0.999331 -0.036570 0.000000 30.043616 0.000000 0.000000 1.000000 0.000000
-0.037174 -0.999309 0.000000 49.671335 0.999309 -0.037174 0.000000 30.898159 0.000000 0.000000 1.000000 0.000000
-0.037276 -0.999305 0.000000 49.607431 0.999305 -0.037276 0.000000 31.820790 0.000000 0.000000 1.000000 0.000000
-0.036170 -0.999346 0.000000 49.567102 0.999346 -0.036170 0.000000 32.670398 0.000000 0.000000 1.000000 0.000000
-0.037285 -0.999305 0.000000 49.484326 0.999305 -0.037285 0.000000 33.515639 0.000000 0.000000 1.000000 0.000000
-0.041977 -0.999119 0.000000 49.441644 0.999119 -0.041977 0.000000 34.405941 0.000000 0.000000 1.000000 0.000000
-0.042722 -0.999087 0.000000 49.458926 0.999087 -0.042722 0.000000 35.278481 0.000000 0.000000 1.000000 0.000000
-0.044213 -0.999022 0.000000 49.344023 0.999022 -0.044213 0.000000 36.126822 0.000000 0.000000 1.000000 0.000000
-0.050134 -0.998742 0.000000 49.240626 0.998742 -0.050134 0.000000 36.997278 0.000000 0.000000 1.000000 0.000000
-0.056435 -0.998406 0.000000 49.199441 0.998406 -0.056435 0.000000 37.887761 0.000000 0.000000 1.000000 0.000000
-0.060351 -0.998177 0.000000 49.142632 0.998177 -0.060351 0.000000 38.714563 0.000000 0.000000 1.000000 0.000000
-0.064006 -0.997949 0.000000 49.045358 0.997949 -0.064006 0.000000 39.620595 0.000000 0.000000 1.000000 0.000000
-0.069054 -0.997613 0.000000 48.957836 0.997613 -0.069054 0.000000 40.515725 0.000000 0.000000 1.000000 0.000000
-0.072128 -0.997395 0.000000 48.867383 0.997395 -0.072128 0.000000 41.345257 0.000000 0.000000 1.000000 0.000000
-0.076135 -0.997098 0.000000 48.752957 0.997098 -0.076135 0.000000 42.238597 0.000000 0.000000 1.000000 0.000000
-0.080953 -0.996718 0.000000 48.703601 0.996718 -0.080953 0.000000 43.116166 0.000000 0.000000 1.000000 0.000000
-0.081151 -0.996702 0.000000 48.561351 0.996702 -0.081151 0.000000 44.003398 0.000000 0.000000 1.000000 0.000000
-0.080484 -0.996756 0.000000 48.507311 0.996756 -0.080484 0.000000 44.913789 0.000000 0.000000 1.000000 0.000000
-0.081887 -0.996642 0.000000 48.429977 0.996642 -0.081887 0.000000 45.768796 0.000000 0.000000 1.000000 0.000000
-0.081758 -0.996652 0.000000 48.294078 0.996652 -0.081758 0.000000 46.659178 0.000000 0.000000 1.000000 0.000000
-0.082124 -0.996622 0.000000 48.236705 0.996622 -0.082124 0.000000 47.520572 0.000000 0.000000 1.000000 0.000000
-0.083254 -0.996528 0.000000 48.135737 0.996528 -0.083254 0.000000 48.444561 0.000000 0.000000 1.000000 0.000000
-0.085119 -0.996371 0.000000 48.032479 0.996371 -0.085119 0.000000 49.277513 0.000000 0.000000 1.000000 0.000000
-0.085266 -0.996358 0.000000 47.944933 0.996358 -0.085266 0.000000 50.188397 0.000000 0.000000 1.000000 0.000000
-0.084080 -0.996459 0.000000 47.886722 0.996459 -0.084080 0.000000 51.015104 0.000000 0.000000 1.000000 0.000000
-0.083245 -0.996529 0.000000 47.843003 0.996529 -0.083245 0.000000 51.852216 0.000000 0.000000 1.000000 0.000000
-0.083501 -0.996508 0.000000 47.746333 0.996508 -0.083501 0.000000 52.732330 0.000000 0.000000 1.000000 0.000000
-0.082302 -0.996607 0.000000 47.640325 0.996607 -0.082302 0.000000 53.564990 0.000000 0.000000 1.000000 0.000000
-0.084837 -0.996395 0.000000 47.599231 0.996395 -0.084837 0.000000 54.358249 0.000000 0.000000 1.000000 0.000000
-0.083777 -0.996485 0.000000 47.540814 0.996485 -0.083777 0.000000 55.162920 0.000000 0.000000 1.000000 0.000000
-0.082394 -0.996600 0.000000 47.431211 0.996600 -0.082394 0.000000 55.985472 0.000000 0.000000 1.000000 0.000000
-0.085586 -0.996331 0.000000 47.350392 0.996331 -0.085586 0.000000 56.814002 0.000000 0.000000 1.000000 0.000000
-0.088444 -0.996081 0.000000 47.320502 0.996081 -0.088444 0.000000 57.521218 0.000000 0.000000 1.000000 0.000000
-0.090886 -0.995861 0.000000 47.177977 0.995861 -0.090886 0.000000 58.313536 0.000000 0.000000 1.000000 0.000000
-0.094574 -0.995518 0.000000 47.158748 0.995518 -0.094574 0.000000 58.990944 0.000000 0.000000 1.000000 0.000000
-0.097297 -0.995255 0.000000 46.994742 0.995255 -0.097297 0.000000 59.727109 0.000000 0.000000 1.000000 0.000000
-0.098452 -0.995142 0.000000 46.876960 0.995142 -0.098452 0.000000 60.428783 0.000000 0.000000 1.000000 0.000000
-0.095630 -0.995417 0.000000 46.891234 0.995417 -0.095630 0.000000 60.959126 0.000000 0.000000 1.000000 0.000000
-0.097382 -0.995247 0.000000 46.834133 0.995247 -0.097382 0.000000 61.580002 0.000000 0.000000 1.000000 0.000000
-0.096591 -0.995324 0.000000 46.817035 0.995324 -0.096591 0.000000 62.128317 0.000000 0.000000 1.000000 0.000000
-0.097825 -0.995204 0.000000 46.693272 0.995204 -0.097825 0.000000 62.683347 0.000000 0.000000 1.000000 0.000000
-0.097201 -0.995265 0.000000 46.667108 0.995265 -0.097201 0.000000 63.126624 0.000000 0.000000 1.000000 0.000000
-0.096835 -0.995300 0.000000 46.576661 0.995300 -0.096835 0.000000 63.623629 0.000000 0.000000 1.000000 0.000000
-0.095185 -0.995460 0.000000 46.549370 0.995460 -0.095185 0.000000 64.019021 0.000000 0.000000 1.000000 0.000000
-0.099458 -0.995042 0.000000 46.467355 0.995042 -0.099458 0.000000 64.499496 0.000000 0.000000 1.000000 0.000000
-0.099268 -0.995061 0.000000 46.411989 0.995061 -0.099268 0.000000 64.851872 0.000000 0.000000 1.000000 0.000000
-0.097822 -0.995204 0.000000 46.392256 0.995204 -0.097822 0.000000 65.243764 0.000000 0.000000 1.000000 0.000000
-0.095716 -0.995409 0.000000 46.383431 0.995409 -0.095716 0.000000 65.520903 0.000000 0.000000 1.000000 0.000000
-0.098187 -0.995168 0.000000 46.294003 0.995168 -0.098187 0.000000 65.891509 0.000000 0.000000 1.000000 0.000000
-0.097539 -0.995232 0.000000 46.293263 0.995232 -0.097539 0.000000 66.155430 0.000000 0.000000 1.000000 0.000000
-0.098925 -0.995095 0.000000 46.272745 0.995095 -0.098925 0.000000 66.453007 0.000000 0.000000 1.000000 0.000000
-0.097538 -0.995232 0.000000 46.178111 0.995232 -0.097538 0.000000 66.756371 0.000000 0.000000 1.000000 0.000000
-0.097445 -0.995241 0.000000 46.136469 0.995241 -0.097445 0.000000 67.016267 0.000000 0.000000 1.000000 0.000000
-0.098735 -0.995114 0.000000 46.070904 0.995114 -0.098735 0.000000 67.257834 0.000000 0.000000 1.000000 0.000000
-0.099424 -0.995045 0.000000 46.105479 0.995045 -0.099424 0.000000 67.508409 0.000000 0.000000 1.000000 0.000000
-0.098317 -0.995155 0.000000 46.040256 0.995155 -0.098317 0.000000 67.802723 0.000000 0.000000 1.000000 0.000000
-0.097666 -0.995219 0.000000 45.990085 0.995219 -0.097666 0.000000 67.990951 0.000000 0.000000 1.000000 0.000000
-0.098836 -0.995104 0.000000 45.938879 0.995104 -0.098836 0.000000 68.234249 0.000000 0.000000 1.000000 0.000000
-0.099924 -0.994995 0.000000 45.918807 0.994995 -0.099924 0.000000 68.495037 0.000000 0.000000 1.000000 0.000000
-0.100845 -0.994902 0.000000 45.910683 0.994902 -0.100845 0.000000 68.714275 0.000000 0.000000 1.000000 0.000000
-0.100527 -0.994934 0.000000 45.845913 0.994934 -0.100527 0.000000 68.915723 0.000000 0.000000 1.000000 0.000000
-0.102310 -0.994753 0.000000 45.815330 0.994753 -0.102310 0.000000 69.081436 0.000000 0.000000 1.000000 0.000000
-0.101008 -0.994886 0.000000 45.830394 0.994886 -0.101008 0.000000 69.250921 0.000000 0.000000 1.000000 0.000000
-0.102404 -0.994743 0.000000 45.754811 0.994743 -0.102404 0.000000 69.422551 0.000000 0.000000 1.000000 0.000000
-0.103405 -0.994639 0.000000 45.720389 0.994639 -0.103405 0.000000 69.601055 0.000000 0.000000 1.000000 0.000000
-0.102673 -0.994715 0.000000 45.684499 0.994715 -0.102673 0.000000 69.814052 0.000000 0.000000 1.000000 0.000000
-0.101626 -0.994823 0.000000 45.689536 0.994823 -0.101626 0.000000 70.072715 0.000000 0.000000 1.000000 0.000000
-0.100491 -0.994938 0.000000 45.635321 0.994938 -0.100491 0.000000 70.304725 0.000000 0.000000 1.000000 0.000000
-0.099697 -0.995018 0.000000 45.632291 0.995018 -0.099697 0.000000 70.515049 0.000000 0.000000 1.000000 0.000000
-0.100449 -0.994942 0.000000 45.585971 0.994942 -0.100449 0.000000 70.689274 0.000000 0.000000 1.000000 0.000000
-0.103687 -0.994610 0.000000 45.529957 0.994610 -0.103687 0.000000 70.877835 0.000000 0.000000 1.000000 0.000000
-0.102030 -0.994781 0.000000 45.533148 0.994781 -0.102030 0.000000 71.046085 0.000000 0.000000 1.000000 0.000000
-0.101249 -0.994861 0.000000 45.558671 0.994861 -0.101249 0.000000 71.152446 0.000000 0.000000 1.000000 0.000000
-0.101390 -0.994847 0.000000 45.554028 0.994847 -0.101390 0.000000 71.209799 0.000000 0.000000 1.000000 0.000000
-0.100964 -0.994890 0.000000 45.506764 0.994890 -0.100964 0.000000 71.398267 0.000000 0.000000 1.000000 0.000000
-0.102148 -0.994769 0.000000 45.492631 0.994769 -0.102148 0.000000 71.518962 0.000000 0.000000 1.000000 0.000000
-0.101708 -0.994814 0.000000 45.460872 0.994814 -0.101708 0.000000 71.664836 0.000000 0.000000 1.000000 0.000000
-0.100563 -0.994931 0.000000 45.464037 0.994931 -0.100563 0.000000 71.782346 0.000000 0.000000 1.000000 0.000000
-0.101287 -0.994857 0.000000 45.399405 0.994857 -0.101287 0.000000 71.929902 0.000000 0.000000 1.000000 0.000000
-0.101752 -0.994810 0.000000 45.420847 0.994810 -0.101752 0.000000 72.000065 0.000000 0.000000 1.000000 0.000000
-0.101171 -0.994869 0.000000 45.430977 0.994869 -0.101171 0.000000 72.093317 0.000000 0.000000 1.000000 0.000000
-0.101526 -0.994833 0.000000 45.417457 0.994833 -0.101526 0.000000 72.229082 0.000000 0.000000 1.000000 0.000000
-0.102485 -0.994735 0.000000 45.382027 0.994735 -0.102485 0.000000 72.299541 0.000000 0.000000 1.000000 0.000000
-0.101260 -0.994860 0.000000 45.357540 0.994860 -0.101260 0.000000 72.366061 0.000000 0.000000 1.000000 0.000000
-0.100816 -0.994905 0.000000 45.384274 0.994905 -0.100816 0.000000 72.538476 0.000000 0.000000 1.000000 0.000000
-0.101881 -0.994797 0.000000 45.376558 0.994797 -0.101881 0.000000 72.618963 0.000000 0.000000 1.000000 0.000000
-0.101658 -0.994819 0.000000 45.368482 0.994819 -0.101658 0.000000 72.736270 0.000000 0.000000 1.000000 0.000000
-0.100526 -0.994934 0.000000 45.349731 0.994934 -0.100526 0.000000 72.844513 0.000000 0.000000 1.000000 0.000000
-0.100336 -0.994954 0.000000 45.332204 0.994954 -0.100336 0.000000 72.888779 0.000000 0.000000 1.000000 0.000000
-0.100188 -0.994969 0.000000 45.366759 0.994969 -0.100188 0.000000 73.003112 0.000000 0.000000 1.000000 0.000000
-0.100001 -0.994987 0.000000 45.313974 0.994987 -0.100001 0.000000 73.143724 0.000000 0.000000 1.000000 0.000000
-0.100393 -0.994948 0.000000 45.261159 0.994948 -0.100393 0.000000 73.232043 0.000000 0.000000 1.000000 0.000000
-0.101796 -0.994805 0.000000 45.272007 0.994805 -0.101796 0.000000 73.404188 0.000000 0.000000 1.000000 0.000000
-0.101462 -0.994839 0.000000 45.267580 0.994839 -0.101462 0.000000 73.513554 0.000000 0.000000 1.000000 0.000000
-0.101321 -0.994854 0.000000 45.250916 0.994854 -0.101321 0.000000 73.588163 0.000000 0.000000 1.000000 0.000000
-0.101534 -0.994832 0.000000 45.242114 0.994832 -0.101534 0.000000 73.694730 0.000000 0.000000 1.000000 0.000000
-0.101975 -0.994787 0.000000 45.221200 0.994787 -0.101975 0.000000 73.757940 0.000000 0.000000 1.000000 0.000000
-0.101006 -0.994886 0.000000 45.240205 0.994886 -0.101006 0.000000 73.773314 0.000000 0.000000 1.000000 0.000000
-0.100953 -0.994891 0.000000 45.235598 0.994891 -0.100953 0.000000 73.799242 0.000000 0.000000 1.000000 0.000000
-0.100680 -0.994919 0.000000 45.245856 0.994919 -0.100680 0.000000 73.820425 0.000000 0.000000 1.000000 0.000000
-0.100848 -0.994902 0.000000 45.230513 0.994902 -0.100848 0.000000 73.830759 0.000000 0.000000 1.000000 0.000000
-0.100757 -0.994911 0.000000 45.242673 0.994911 -0.100757 0.000000 73.805891 0.000000 0.000000 1.000000 0.000000
-0.100776 -0.994909 0.000000 45.224487 0.994909 -0.100776 0.000000 73.816343 0.000000 0.000000 1.000000 0.000000
-0.099683 -0.995019 0.000000 45.251666 0.995019 -0.099683 0.000000 73.835063 0.000000 0.000000 1.000000 0.000000
-0.101137 -0.994873 0.000000 45.201470 0.994873 -0.101137 0.000000 73.824428 0.000000 0.000000 1.000000 0.000000
-0.100266 -0.994961 0.000000 45.222170 0.994961 -0.100266 0.000000 73.793300 0.000000 0.000000 1.000000 0.000000
-0.100331 -0.994954 0.000000 45.225320 0.994954 -0.100331 0.000000 73.855429 0.000000 0.000000 1.000000 0.000000
-0.100569 -0.994930 0.000000 45.267879 0.994930 -0.100569 0.000000 73.834072 0.000000 0.000000 1.000000 0.000000
-0.101929 -0.994792 0.000000 45.220933 0.994792 -0.101929 0.000000 73.837962 0.000000 0.000000 1.000000 0.000000
-0.099916 -0.994996 0.000000 45.260705 0.994996 -0.099916 0.000000 73.850977 0.000000 0.000000 1.000000 0.000000
-0.100307 -0.994957 0.000000 45.239701 0.994957 -0.100307 0.000000 73.812336 0.000000 0.000000 1.000000 0.000000
-0.099881 -0.994999 0.000000 45.215325 0.994999 -0.099881 0.000000 73.858373 0.000000 0.000000 1.000000 0.000000
-0.100163 -0.994971 0.000000 45.278537 0.994971 -0.100163 0.000000 73.844087 0.000000 0.000000 1.000000 0.000000
-0.100455 -0.994942 0.000000 45.244780 0.994942 -0.100455 0.000000 73.901521 0.000000 0.000000 1.000000 0.000000
-0.100061 -0.994981 0.000000 45.251323 0.994981 -0.100061 0.000000 73.906385 0.000000 0.000000 1.000000 0.000000
-0.099808 -0.995007 0.000000 45.222921 0.995007 -0.099808 0.000000 73.978224 0.000000 0.000000 1.000000 0.000000
-0.098930 -0.995094 0.000000 45.274564 0.995094 -0.098930 0.000000 73.992572 0.000000 0.000000 1.000000 0.000000
-0.100038 -0.994984 0.000000 45.253229 0.994984 -0.100038 0.000000 74.018889 0.000000 0.000000 1.000000 0.000000
-0.100167 -0.994971 0.000000 45.238328 0.994971 -0.100167 0.000000 74.006404 0.000000 0.000000 1.000000 0.000000
-0.099670 -0.995021 0.000000 45.237805 0.995021 -0.099670 0.000000 74.030361 0.000000 0.000000 1.000000 0.000000
-0.099364 -0.995051 0.000000 45.257029 0.995051 -0.099364 0.000000 73.994875 0.000000 0.000000 1.000000 0.000000
-0.099254 -0.995062 0.000000 45.210181 0.995062 -0.099254 0.000000 74.038186 0.000000 0.000000 1.000000 0.000000
-0.099246 -0.995063 0.000000 45.252513 0.995063 -0.099246 0.000000 73.960134 0.000000 0.000000 1.000000 0.000000
-0.100041 -0.994983 0.000000 45.228298 0.994983 -0.100041 0.000000 74.080272 0.000000 0.000000 1.000000 0.000000
-0.099072 -0.995080 0.000000 45.234605 0.995080 -0.099072 0.000000 74.081299 0.000000 0.000000 1.000000 0.000000
-0.100113 -0.994976 0.000000 45.186658 0.994976 -0.100113 0.000000 74.101094 0.000000 0.000000 1.000000 0.000000
-0.100069 -0.994980 0.000000 45.227214 0.994980 -0.100069 0.000000 74.081200 0.000000 0.000000 1.000000 0.000000
-0.099319 -0.995056 0.000000 45.202368 0.995056 -0.099319 0.000000 74.119998 0.000000 0.000000 1.000000 0.000000
-0.100446 -0.994943 0.000000 45.208950 0.994943 -0.100446 0.000000 74.137500 0.000000 0.000000 1.000000 0.000000
-0.100180 -0.994969 0.000000 45.214142 0.994969 -0.100180 0.000000 74.162105 0.000000 0.000000 1.000000 0.000000
-0.100175 -0.994970 0.000000 45.210495 0.994970 -0.100175 0.000000 74.202039 0.000000 0.000000 1.000000 0.000000
-0.101476 -0.994838 0.000000 45.161537 0.994838 -0.101476 0.000000 74.235023 0.000000 0.000000 1.000000 0.000000
-0.100638 -0.994923 0.000000 45.216250 0.994923 -0.100638 0.000000 74.257658 0.000000 0.000000 1.000000 0.000000
-0.100042 -0.994983 0.000000 45.210313 0.994983 -0.100042 0.000000 74.285570 0.000000 0.000000 1.000000 0.000000
-0.100567 -0.994930 0.000000 45.148446 0.994930 -0.100567 0.000000 74.365977 0.000000 0.000000 1.000000 0.000000
-0.099674 -0.995020 0.000000 45.192177 0.995020 -0.099674 0.000000 74.404615 0.000000 0.000000 1.000000 0.000000
-0.100400 -0.994947 0.000000 45.158855 0.994947 -0.100400 0.000000 74.481906 0.000000 0.000000 1.000000 0.000000
-0.099805 -0.995007 0.000000 45.162414 0.995007 -0.099805 0.000000 74.478669 0.000000 0.000000 1.000000 0.000000
-0.100714 -0.994915 0.000000 45.127980 0.994915 -0.100714 0.000000 74.560062 0.000000 0.000000 1.000000 0.000000
-0.101604 -0.994825 0.000000 45.148782 0.994825 -0.101604 0.000000 74.614067 0.000000 0.000000 1.000000 0.000000
-0.100910 -0.994896 0.000000 45.120757 0.994896 -0.100910 0.000000 74.650222 0.000000 0.000000 1.000000 0.000000
-0.100363 -0.994951 0.000000 45.100506 0.994951 -0.100363 0.000000 74.721616 0.000000 0.000000 1.000000 0.000000
-0.099983 -0.994989 0.000000 45.120083 0.994989 -0.099983 0.000000 74.797113 0.000000 0.000000 1.000000 0.000000
-0.101349 -0.994851 0.000000 45.089550 0.994851 -0.101349 0.000000 74.802385 0.000000 0.000000 1.000000 0.000000
-0.100007 -0.994987 0.000000 45.101539 0.994987 -0.100007 0.000000 74.818324 0.000000 0.000000 1.000000 0.000000
-0.099763 -0.995011 0.000000 45.079052 0.995011 -0.099763 0.000000 74.856562 0.000000 0.000000 1.000000 0.000000
-0.099270 -0.995060 0.000000 45.095304 0.995060 -0.099270 0.000000 74.877472 0.000000 0.000000 1.000000 0.000000
-0.099418 -0.995046 0.000000 45.097623 0.995046 -0.099418 0.000000 74.914814 0.000000 0.000000 1.000000 0.000000
-0.100010 -0.994986 0.000000 45.083075 0.994986 -0.100010 0.000000 74.926861 0.000000 0.000000 1.000000 0.000000
-0.099855 -0.995002 0.000000 45.115118 0.995002 -0.099855 0.000000 74.886615 0.000000 0.000000 1.000000 0.000000
-0.099963 -0.994991 0.000000 45.078456 0.994991 -0.099963 0.000000 74.926234 0.000000 0.000000 1.000000 0.000000
-0.098849 -0.995102 0.000000 45.069860 0.995102 -0.098849 0.000000 74.926019 0.000000 0.000000 1.000000 0.000000
-0.098723 -0.995115 0.000000 45.101126 0.995115 -0.098723 0.000000 74.914978 0.000000 0.000000 1.000000 0.000000
-0.098960 -0.995091 0.000000 45.091372 0.995091 -0.098960 0.000000 74.906946 0.000000 0.000000 1.000000 0.000000
-0.099153 -0.995072 0.000000 45.127472 0.995072 -0.099153 0.000000 74.932805 0.000000 0.000000 1.000000 0.000000
-0.099709 -0.995017 0.000000 45.097257 0.995017 -0.099709 0.000000 74.959036 0.000000 0.000000 1.000000 0.000000
-0.099953 -0.994992 0.000000 45.101191 0.994992 -0.099953 0.000000 74.932297 0.000000 0.000000 1.000000 0.000000
-0.099204 -0.995067 0.000000 45.115531 0.995067 -0.099204 0.000000 74.932982 0.000000 0.000000 1.000000 0.000000
