1.000000 0.000000 0.000000 0.000000 0.000000 1.000000 0.000000 0.000000 0.000000 0.000000 1.000000 0.000000
1.000000 -0.000175 0.000000 -0.004477 0.000175 1.000000 0.000000 0.003244 0.000000 0.000000 1.000000 0.000000
1.000000 0.000064 0.000000 -0.004971 -0.000064 1.000000 0.000000 0.001992 0.000000 0.000000 1.000000 0.000000
1.000000 0.000036 0.000000 0.004873 -0.000036 1.000000 0.000000 0.006004 0.000000 0.000000 1.000000 0.000000
1.000000 0.000173 0.000000 0.008154 -0.000173 1.000000 0.000000 -0.004551 0.000000 0.000000 1.000000 0.000000
1.000000 0.000231 0.000000 0.010127 -0.000231 1.000000 0.000000 0.001962 0.000000 0.000000 1.000000 0.000000
1.000000 0.000195 0.000000 0.003403 -0.000195 1.000000 0.000000 -0.005107 0.000000 0.000000 1.000000 0.000000
1.000000 0.000053 0.000000 0.006156 -0.000053 1.000000 0.000000 0.003256 0.000000 0.000000 1.000000 0.000000
1.000000 -0.000256 0.000000 -0.003632 0.000256 1.000000 0.000000 -0.002139 0.000000 0.000000 1.000000 0.000000
1.000000 -0.000139 0.000000 0.003462 0.000139 1.000000 0.000000 0.006780 0.000000 0.000000 1.000000 0.000000
1.000000 0.000165 0.000000 -0.001271 -0.000165 1.000000 0.000000 0.001206 0.000000 0.000000 1.000000 0.000000
1.000000 -0.000022 0.000000 -0.004926 0.000022 1.000000 0.000000 0.000451 0.000000 0.000000 1.000000 0.000000
1.000000 0.000116 0.000000 -0.001534 -0.000116 1.000000 0.000000 0.001535 0.000000 0.000000 1.000000 0.000000
1.000000 0.000381 0.000000 -0.002318 -0.000381 1.000000 0.000000 0.002640 0.000000 0.000000 1.000000 0.000000
1.000000 0.000600 0.000000 -0.001503 -0.000600 1.000000 0.000000 -0.002132 0.000000 0.000000 1.000000 0.000000
1.000000 0.000528 0.000000 0.003422 -0.000528 1.000000 0.000000 -0.001971 0.000000 0.000000 1.000000 0.000000
1.000000 0.000213 0.000000 0.000486 -0.000213 1.000000 0.000000 -0.011778 0.000000 0.000000 1.000000 0.000000
1.000000 0.000358 0.000000 0.000454 -0.000358 1.000000 0.000000 -0.005768 0.000000 0.000000 1.000000 0.000000
1.000000 0.000179 0.000000 -0.000433 -0.000179 1.000000 0.000000 0.000083 0.000000 0.000000 1.000000 0.000000
1.000000 0.000191 0.000000 0.005990 -0.000191 1.000000 0.000000 -0.008519 0.000000 0.000000 1.000000 0.000000
1.000000 0.000085 0.000000 -0.018770 -0.000085 1.000000 0.000000 -0.004187 0.000000 0.000000 1.000000 0.000000
1.000000 0.000100 0.000000 0.012384 -0.000100 1.000000 0.000000 0.005079 0.000000 0.000000 1.000000 0.000000
1.000000 0.000381 0.000000 0.031995 -0.000381 1.000000 0.000000 0.005941 0.000000 0.000000 1.000000 0.000000
1.000000 0.000753 0.000000 0.097392 -0.000753 1.000000 0.000000 -0.016771 0.000000 0.000000 1.000000 0.000000
1.000000 0.000958 0.000000 0.177332 -0.000958 1.000000 0.000000 0.015878 0.000000 0.000000 1.000000 0.000000
0.999998 0.002166 0.000000 0.310426 -0.002166 0.999998 0.000000 0.039573 0.000000 0.000000 1.000000 0.000000
1.000000 0.000949 0.000000 0.425617 -0.000949 1.000000 0.000000 0.061061 0.000000 0.000000 1.000000 0.000000
0.999984 -0.005649 0.000000 0.623023 0.005649 0.999984 0.000000 0.073107 0.000000 0.000000 1.000000 0.000000
0.999934 -0.011502 0.000000 0.972374 0.011502 0.999934 0.000000 0.069800 0.000000 0.000000 1.000000 0.000000
0.999964 -0.008473 0.000000 1.230479 0.008473 0.999964 0.000000 0.052624 0.000000 0.000000 1.000000 0.000000
0.999985 -0.005533 0.000000 1.485331 0.005533 0.999985 0.000000 0.090748 0.000000 0.000000 1.000000 0.000000
0.999995 -0.003016 0.000000 1.789904 0.003016 0.999995 0.000000 0.107538 0.000000 0.000000 1.000000 0.000000
1.000000 -0.000392 0.000000 2.093051 0.000392 1.000000 0.000000 0.099604 0.000000 0.000000 1.000000 0.000000
0.999995 0.003028 0.000000 2.462223 -0.003028 0.999995 0.000000 0.106166 0.000000 0.000000 1.000000 0.000000
0.999967 0.008064 0.000000 2.784600 -0.008064 0.999967 0.000000 0.081443 0.000000 0.000000 1.000000 0.000000
0.999887 0.015027 0.000000 3.111787 -0.015027 0.999887 0.000000 0.084431 0.000000 0.000000 1.000000 0.000000
0.999757 0.022034 0.000000 3.460711 -0.022034 0.999757 0.000000 0.066597 0.000000 0.000000 1.000000 0.000000
0.999619 0.027610 0.000000 3.822310 -0.027610 0.999619 0.000000 0.029990 0.000000 0.000000 1.000000 0.000000
0.999482 0.032169 0.000000 4.165191 -0.032169 0.999482 0.000000 0.048826 0.000000 0.000000 1.000000 0.000000
0.999267 0.038270 0.000000 4.503701 -0.038270 0.999267 0.000000 0.064837 0.000000 0.000000 1.000000 0.000000
0.999025 0.044157 0.000000 4.874475 -0.044157 0.999025 0.000000 0.049300 0.000000 0.000000 1.000000 0.000000
0.998837 0.048215 0.000000 5.249806 -0.048215 0.998837 0.000000 0.017406 0.000000 0.000000 1.000000 0.000000
0.998618 0.052565 0.000000 5.675620 -0.052565 0.998618 0.000000 -0.016889 0.000000 0.000000 1.000000 0.000000
0.998244 0.059233 0.000000 6.070022 -0.059233 0.998244 0.000000 -0.020785 0.000000 0.000000 1.000000 0.000000
0.997854 0.065478 0.000000 6.413600 -0.065478 0.997854 0.000000 -0.044703 0.000000 0.000000 1.000000 0.000000
0.997639 0.068681 0.000000 6.781537 -0.068681 0.997639 0.000000 -0.097678 0.000000 0.000000 1.000000 0.000000
0.997417 0.071833 0.000000 7.161614 -0.071833 0.997417 0.000000 -0.135585 0.000000 0.000000 1.000000 0.000000
0.996973 0.077749 0.000000 7.557437 -0.077749 0.996973 0.000000 -0.137434 0.000000 0.000000 1.000000 0.000000
0.996462 0.084047 0.000000 7.869005 -0.084047 0.996462 0.000000 -0.175400 0.000000 0.000000 1.000000 0.000000
0.995969 0.089693 0.000000 8.271913 -0.089693 0.995969 0.000000 -0.206753 0.000000 0.000000 1.000000 0.000000
0.995465 0.095133 0.000000 8.668208 -0.095133 0.995465 0.000000 -0.257194 0.000000 0.000000 1.000000 0.000000
0.995836 0.091161 0.000000 8.994422 -0.091161 0.995836 0.000000 -0.213851 0.000000 0.000000 1.000000 0.000000
0.997229 0.074390 0.000000 9.483249 -0.074390 0.997229 0.000000 -0.243293 0.000000 0.000000 1.000000 0.000000
0.997976 0.063592 0.000000 10.066378 -0.063592 0.997976 0.000000 -0.319346 0.000000 0.000000 1.000000 0.000000
0.997613 0.069047 0.000000 10.551058 -0.069047 0.997613 0.000000 -0.353822 0.000000 0.000000 1.000000 0.000000
0.996642 0.081881 0.000000 10.991760 -0.081881 0.996642 0.000000 -0.381520 0.000000 0.000000 1.000000 0.000000
0.994427 0.105423 0.000000 11.528623 -0.105423 0.994427 0.000000 -0.456475 0.000000 0.000000 1.000000 0.000000
0.990233 0.139419 0.000000 11.969174 -0.139419 0.990233 0.000000 -0.573624 0.000000 0.000000 1.000000 0.000000
0.983717 0.179726 0.000000 12.396050 -0.179726 0.983717 0.000000 -0.732146 0.000000 0.000000 1.000000 0.000000
0.975794 0.218691 0.000000 12.803292 -0.218691 0.975794 0.000000 -0.906415 0.000000 0.000000 1.000000 0.000000
0.967144 0.254229 0.000000 13.180785 -0.254229 0.967144 0.000000 -1.063746 0.000000 0.000000 1.000000 0.000000
0.958287 0.285807 0.000000 13.625573 -0.285807 0.958287 0.000000 -1.144124 0.000000 0.000000 1.000000 0.000000
0.949048 0.315131 0.000000 14.079855 -0.315131 0.949048 0.000000 -1.298844 0.000000 0.000000 1.000000 0.000000
0.938184 0.346138 0.000000 14.521265 -0.346138 0.938184 0.000000 -1.503710 0.000000 0.000000 1.000000 0.000000
0.923450 0.383718 0.000000 14.957773 -0.383718 0.923450 0.000000 -1.708559 0.000000 0.000000 1.000000 0.000000
0.906287 0.422662 0.000000 15.421197 -0.422662 0.906287 0.000000 -1.977027 0.000000 0.000000 1.000000 0.000000
0.882946 0.469474 0.000000 15.880029 -0.469474 0.882946 0.000000 -2.254294 0.000000 0.000000 1.000000 0.000000
0.854026 0.520231 0.000000 16.224538 -0.520231 0.854026 0.000000 -2.522673 0.000000 0.000000 1.000000 0.000000
0.825276 0.564729 0.000000 16.623590 -0.564729 0.825276 0.000000 -2.859576 0.000000 0.000000 1.000000 0.000000
0.800697 0.599070 0.000000 16.980228 -0.599070 0.800697 0.000000 -3.081228 0.000000 0.000000 1.000000 0.000000
0.788490 0.615048 0.000000 17.372703 -0.615048 0.788490 0.000000 -3.438283 0.000000 0.000000 1.000000 0.000000
0.786734 0.617292 0.000000 17.852292 -0.617292 0.786734 0.000000 -3.865455 0.000000 0.000000 1.000000 0.000000
0.781863 0.623450 0.000000 18.292869 -0.623450 0.781863 0.000000 -4.245144 0.000000 0.000000 1.000000 0.000000
0.774211 0.632927 0.000000 18.704785 -0.632927 0.774211 0.000000 -4.550115 0.000000 0.000000 1.000000 0.000000
0.765973 0.642873 0.000000 19.133753 -0.642873 0.765973 0.000000 -4.870286 0.000000 0.000000 1.000000 0.000000
0.760910 0.648857 0.000000 19.524220 -0.648857 0.760910 0.000000 -5.217889 0.000000 0.000000 1.000000 0.000000
0.759176 0.650886 0.000000 20.000843 -0.650886 0.759176 0.000000 -5.616076 0.000000 0.000000 1.000000 0.000000
0.761788 0.647826 0.000000 20.406776 -0.647826 0.761788 0.000000 -5.941509 0.000000 0.000000 1.000000 0.000000
0.770177 0.637830 0.000000 20.926379 -0.637830 0.770177 0.000000 -6.376445 0.000000 0.000000 1.000000 0.000000
0.777731 0.628597 0.000000 21.422965 -0.628597 0.777731 0.000000 -6.761430 0.000000 0.000000 1.000000 0.000000
0.779957 0.625833 0.000000 21.865327 -0.625833 0.779957 0.000000 -7.071648 0.000000 0.000000 1.000000 0.000000
0.782616 0.622505 0.000000 22.299358 -0.622505 0.782616 0.000000 -7.402938 0.000000 0.000000 1.000000 0.000000
0.787859 0.615855 0.000000 22.787812 -0.615855 0.787859 0.000000 -7.750822 0.000000 0.000000 1.000000 0.000000
0.793885 0.608069 0.000000 23.254287 -0.608069 0.793885 0.000000 -8.095606 0.000000 0.000000 1.000000 0.000000
0.798204 0.602387 0.000000 23.739130 -0.602387 0.798204 0.000000 -8.417038 0.000000 0.000000 1.000000 0.000000
0.802485 0.596673 0.000000 24.218585 -0.596673 0.802485 0.000000 -8.759569 0.000000 0.000000 1.000000 0.000000
0.808841 0.588027 0.000000 24.665079 -0.588027 0.808841 0.000000 -9.109816 0.000000 0.000000 1.000000 0.000000
0.813789 0.581160 0.000000 25.148446 -0.581160 0.813789 0.000000 -9.451096 0.000000 0.000000 1.000000 0.000000
0.814831 0.579698 0.000000 25.666224 -0.579698 0.814831 0.000000 -9.762603 0.000000 0.000000 1.000000 0.000000
0.817509 0.575916 0.000000 26.155123 -0.575916 0.817509 0.000000 -10.071279 0.000000 0.000000 1.000000 0.000000
0.823311 0.567590 0.000000 26.654460 -0.567590 0.823311 0.000000 -10.423199 0.000000 0.000000 1.000000 0.000000
0.828399 0.560139 0.000000 27.146637 -0.560139 0.828399 0.000000 -10.711762 0.000000 0.000000 1.000000 0.000000
0.831191 0.555987 0.000000 27.633130 -0.555987 0.831191 0.000000 -11.033812 0.000000 0.000000 1.000000 0.000000
0.835421 0.549610 0.000000 28.148088 -0.549610 0.835421 0.000000 -11.390283 0.000000 0.000000 1.000000 0.000000
0.840363 0.542024 0.000000 28.626234 -0.542024 0.840363 0.000000 -11.698763 0.000000 0.000000 1.000000 0.000000
0.844931 0.534875 0.000000 29.170860 -0.534875 0.844931 0.000000 -11.996610 0.000000 0.000000 1.000000 0.000000
0.847846 0.530242 0.000000 29.699627 -0.530242 0.847846 0.000000 -12.302374 0.000000 0.000000 1.000000 0.000000
0.851065 0.525061 0.000000 30.185759 -0.525061 0.851065 0.000000 -12.616697 0.000000 0.000000 1.000000 0.000000
0.856043 0.516905 0.000000 30.740965 -0.516905 0.856043 0.000000 -12.873899 0.000000 0.000000 1.000000 0.000000
0.857625 0.514276 0.000000 31.292432 -0.514276 0.857625 0.000000 -13.159681 0.000000 0.000000 1.000000 0.000000
0.858587 0.512668 0.000000 31.751553 -0.512668 0.858587 0.000000 -13.446712 0.000000 0.000000 1.000000 0.000000
0.859404 0.511298 0.000000 32.250537 -0.511298 0.859404 0.000000 -13.720724 0.000000 0.000000 1.000000 0.000000
0.860958 0.508675 0.000000 32.731563 -0.508675 0.860958 0.000000 -13.956736 0.000000 0.000000 1.000000 0.000000
0.864090 0.503338 0.000000 33.196668 -0.503338 0.864090 0.000000 -14.262351 0.000000 0.000000 1.000000 0.000000
0.867057 0.498209 0.000000 33.650586 -0.498209 0.867057 0.000000 -14.556603 0.000000 0.000000 1.000000 0.000000
0.871158 0.491004 0.000000 34.061069 -0.491004 0.871158 0.000000 -14.787635 0.000000 0.000000 1.000000 0.000000
0.879748 0.475439 0.000000 34.476173 -0.475439 0.879748 0.000000 -14.988935 0.000000 0.000000 1.000000 0.000000
0.893700 0.448665 0.000000 34.935290 -0.448665 0.893700 0.000000 -15.196975 0.000000 0.000000 1.000000 0.000000
0.905009 0.425392 0.000000 35.372565 -0.425392 0.905009 0.000000 -15.363768 0.000000 0.000000 1.000000 0.000000
0.913506 0.406825 0.000000 35.751783 -0.406825 0.913506 0.000000 -15.445248 0.000000 0.000000 1.000000 0.000000
0.924384 0.381463 0.000000 36.075497 -0.381463 0.924384 0.000000 -15.572384 0.000000 0.000000 1.000000 0.000000
0.938905 0.344177 0.000000 36.420348 -0.344177 0.938905 0.000000 -15.689096 0.000000 0.000000 1.000000 0.000000
0.948906 0.315559 0.000000 36.856056 -0.315559 0.948906 0.000000 -15.803619 0.000000 0.000000 1.000000 0.000000
0.957402 0.288758 0.000000 37.159774 -0.288758 0.957402 0.000000 -15.752888 0.000000 0.000000 1.000000 0.000000
0.965560 0.260181 0.000000 37.467369 -0.260181 0.965560 0.000000 -15.735918 0.000000 0.000000 1.000000 0.000000
0.972095 0.234588 0.000000 37.775698 -0.234588 0.972095 0.000000 -15.880419 0.000000 0.000000 1.000000 0.000000
0.975398 0.220453 0.000000 38.134727 -0.220453 0.975398 0.000000 -15.912215 0.000000 0.000000 1.000000 0.000000
0.979134 0.203215 0.000000 38.236243 -0.203215 0.979134 0.000000 -15.904358 0.000000 0.000000 1.000000 0.000000
0.983248 0.182274 0.000000 38.541992 -0.182274 0.983248 0.000000 -15.933146 0.000000 0.000000 1.000000 0.000000
0.987510 0.157557 0.000000 38.810362 -0.157557 0.987510 0.000000 -15.975120 0.000000 0.000000 1.000000 0.000000
0.991262 0.131907 0.000000 38.975964 -0.131907 0.991262 0.000000 -15.987745 0.000000 0.000000 1.000000 0.000000
0.994732 0.102511 0.000000 39.280211 -0.102511 0.994732 0.000000 -15.960738 0.000000 0.000000 1.000000 0.000000
0.997477 0.070989 0.000000 39.589970 -0.070989 0.997477 0.000000 -15.991699 0.000000 0.000000 1.000000 0.000000
0.999260 0.038453 0.000000 39.791180 -0.038453 0.999260 0.000000 -16.006651 0.000000 0.000000 1.000000 0.000000
0.999945 0.010474 0.000000 40.023188 -0.010474 0.999945 0.000000 -15.904664 0.000000 0.000000 1.000000 0.000000
0.999788 -0.020601 0.000000 40.282302 0.020601 0.999788 0.000000 -15.853790 0.000000 0.000000 1.000000 0.000000
0.998412 -0.056342 0.000000 40.584617 0.056342 0.998412 0.000000 -15.976846 0.000000 0.000000 1.000000 0.000000
0.996123 -0.087972 0.000000 40.925963 0.087972 0.996123 0.000000 -15.890456 0.000000 0.000000 1.000000 0.000000
0.992874 -0.119171 0.000000 41.206199 0.119171 0.992874 0.000000 -15.835250 0.000000 0.000000 1.000000 0.000000
0.988614 -0.150476 0.000000 41.528906 0.150476 0.988614 0.000000 -15.812674 0.000000 0.000000 1.000000 0.000000
0.983683 -0.179912 0.000000 41.860168 0.179912 0.983683 0.000000 -15.776620 0.000000 0.000000 1.000000 0.000000
0.977943 -0.208872 0.000000 42.308276 0.208872 0.977943 0.000000 -15.647309 0.000000 0.000000 1.000000 0.000000
0.970229 -0.242189 0.000000 42.523092 0.242189 0.970229 0.000000 -15.451083 0.000000 0.000000 1.000000 0.000000
0.959882 -0.280406 0.000000 42.869180 0.280406 0.959882 0.000000 -15.306652 0.000000 0.000000 1.000000 0.000000
0.947358 -0.320176 0.000000 43.278054 0.320176 0.947358 0.000000 -15.141757 0.000000 0.000000 1.000000 0.000000
0.934946 -0.354789 0.000000 43.643480 0.354789 0.934946 0.000000 -14.962041 0.000000 0.000000 1.000000 0.000000
0.918369 -0.395726 0.000000 43.842656 0.395726 0.918369 0.000000 -14.682781 0.000000 0.000000 1.000000 0.000000
0.897559 -0.440894 0.000000 44.249252 0.440894 0.897559 0.000000 -14.399293 0.000000 0.000000 1.000000 0.000000
0.871869 -0.489740 0.000000 44.709840 0.489740 0.871869 0.000000 -14.240375 0.000000 0.000000 1.000000 0.000000
0.841441 -0.540349 0.000000 45.159688 0.540349 0.841441 0.000000 -13.924438 0.000000 0.000000 1.000000 0.000000
0.807878 -0.589349 0.000000 45.579598 0.589349 0.807878 0.000000 -13.550746 0.000000 0.000000 1.000000 0.000000
0.771173 -0.636626 0.000000 45.909865 0.636626 0.771173 0.000000 -13.132151 0.000000 0.000000 1.000000 0.000000
0.728686 -0.684848 0.000000 46.246618 0.684848 0.728686 0.000000 -12.746349 0.000000 0.000000 1.000000 0.000000
0.679755 -0.733439 0.000000 46.610077 0.733439 0.679755 0.000000 -12.284687 0.000000 0.000000 1.000000 0.000000
0.629856 -0.776712 0.000000 46.953522 0.776712 0.629856 0.000000 -11.847015 0.000000 0.000000 1.000000 0.000000
0.575813 -0.817581 0.000000 47.113014 0.817581 0.575813 0.000000 -11.326683 0.000000 0.000000 1.000000 0.000000
0.512384 -0.858756 0.000000 47.345312 0.858756 0.512384 0.000000 -10.858084 0.000000 0.000000 1.000000 0.000000
0.438939 -0.898517 0.000000 47.447860 0.898517 0.438939 0.000000 -10.314087 0.000000 0.000000 1.000000 0.000000
0.358824 -0.933405 0.000000 47.617659 0.933405 0.358824 0.000000 -9.752419 0.000000 0.000000 1.000000 0.000000
0.281163 -0.959660 0.000000 47.768700 0.959660 0.281163 0.000000 -9.076949 0.000000 0.000000 1.000000 0.000000
0.214769 -0.976665 0.000000 47.730388 0.976665 0.214769 0.000000 -8.349767 0.000000 0.000000 1.000000 0.000000
0.168093 -0.985771 0.000000 47.687884 0.985771 0.168093 0.000000 -7.709640 0.000000 0.000000 1.000000 0.000000
0.137172 -0.990547 0.000000 47.799248 0.990547 0.137172 0.000000 -7.125694 0.000000 0.000000 1.000000 0.000000
0.109295 -0.994009 0.000000 47.861548 0.994009 0.109295 0.000000 -6.555246 0.000000 0.000000 1.000000 0.000000
0.088687 -0.996060 0.000000 47.905206 0.996060 0.088687 0.000000 -5.846059 0.000000 0.000000 1.000000 0.000000
0.081400 -0.996681 0.000000 47.896327 0.996681 0.081400 0.000000 -5.101049 0.000000 0.000000 1.000000 0.000000
0.083113 -0.996540 0.000000 47.938959 0.996540 0.083113 0.000000 -4.432135 0.000000 0.000000 1.000000 0.000000
0.091793 -0.995778 0.000000 47.994838 0.995778 0.091793 0.000000 -3.714119 0.000000 0.000000 1.000000 0.000000
0.105813 -0.994386 0.000000 48.104766 0.994386 0.105813 0.000000 -3.010630 0.000000 0.000000 1.000000 0.000000
0.122500 -0.992468 0.000000 48.173527 0.992468 0.122500 0.000000 -2.282431 0.000000 0.000000 1.000000 0.000000
0.138670 -0.990339 0.000000 48.239121 0.990339 0.138670 0.000000 -1.519888 0.000000 0.000000 1.000000 0.000000
0.152000 -0.988380 0.000000 48.399299 0.988380 0.152000 0.000000 -0.734167 0.000000 0.000000 1.000000 0.000000
0.161084 -0.986941 0.000000 48.508050 0.986941 0.161084 0.000000 -0.070171 0.000000 0.000000 1.000000 0.000000
0.166832 -0.985985 0.000000 48.592345 0.985985 0.166832 0.000000 0.692027 0.000000 0.000000 1.000000 0.000000
0.168466 -0.985708 0.000000 48.778506 0.985708 0.168466 0.000000 1.559119 0.000000 0.000000 1.000000 0.000000
0.171065 -0.985260 0.000000 48.869649 0.985260 0.171065 0.000000 2.257409 0.000000 0.000000 1.000000 0.000000
0.176344 -0.984329 0.000000 48.988471 0.984329 0.176344 0.000000 3.050614 0.000000 0.000000 1.000000 0.000000
0.180856 -0.983510 0.000000 49.103824 0.983510 0.180856 0.000000 3.838660 0.000000 0.000000 1.000000 0.000000
0.188995 -0.981978 0.000000 49.253913 0.981978 0.188995 0.000000 4.502244 0.000000 0.000000 1.000000 0.000000
0.203309 -0.979115 0.000000 49.380540 0.979115 0.203309 0.000000 5.261240 0.000000 0.000000 1.000000 0.000000
0.207009 -0.978339 0.000000 49.475742 0.978339 0.207009 0.000000 5.914126 0.000000 0.000000 1.000000 0.000000
0.201538 -0.979481 0.000000 49.603322 0.979481 0.201538 0.000000 6.618761 0.000000 0.000000 1.000000 0.000000
0.187292 -0.982304 0.000000 49.771729 0.982304 0.187292 0.000000 7.441278 0.000000 0.000000 1.000000 0.000000
0.174872 -0.984591 0.000000 49.879813 0.984591 0.174872 0.000000 8.103634 0.000000 0.000000 1.000000 0.000000
0.162655 -0.986683 0.000000 49.960008 0.986683 0.162655 0.000000 8.868646 0.000000 0.000000 1.000000 0.000000
0.149081 -0.988825 0.000000 50.047740 0.988825 0.149081 0.000000 9.617558 0.000000 0.000000 1.000000 0.000000
0.133577 -0.991038 0.000000 50.119461 0.991038 0.133577 0.000000 10.418310 0.000000 0.000000 1.000000 0.000000
0.117662 -0.993054 0.000000 50.156618 0.993054 0.117662 0.000000 11.220872 0.000000 0.000000 1.000000 0.000000
0.097676 -0.995218 0.000000 50.202390 0.995218 0.097676 0.000000 11.990654 0.000000 0.000000 1.000000 0.000000
0.072367 -0.997378 0.000000 50.284806 0.997378 0.072367 0.000000 12.783138 0.000000 0.000000 1.000000 0.000000
0.059005 -0.998258 0.000000 50.311185 0.998258 0.059005 0.000000 13.636208 0.000000 0.000000 1.000000 0.000000
0.059241 -0.998244 0.000000 50.306728 0.998244 0.059241 0.000000 14.466966 0.000000 0.000000 1.000000 0.000000
0.055235 -0.998473 0.000000 50.320073 0.998473 0.055235 0.000000 15.255390 0.000000 0.000000 1.000000 0.000000
0.051728 -0.998661 0.000000 50.386570 0.998661 0.051728 0.000000 16.110125 0.000000 0.000000 1.000000 0.000000
0.050174 -0.998741 0.000000 50.385406 0.998741 0.050174 0.000000 16.909965 0.000000 0.000000 1.000000 0.000000
0.044348 -0.999016 0.000000 50.388526 0.999016 0.044348 0.000000 17.833244 0.000000 0.000000 1.000000 0.000000
0.037011 -0.999315 0.000000 50.474959 0.999315 0.037011 0.000000 18.654037 0.000000 0.000000 1.000000 0.000000
0.029874 -0.999554 0.000000 50.483362 0.999554 0.029874 0.000000 19.522513 0.000000 0.000000 1.000000 0.000000
0.025180 -0.999683 0.000000 50.485898 0.999683 0.025180 0.000000 20.358390 0.000000 0.000000 1.000000 0.000000
0.014096 -0.999901 0.000000 50.358003 0.999901 0.014096 0.000000 21.279077 0.000000 0.000000 1.000000 0.000000
0.004821 -0.999988 0.000000 50.416944 0.999988 0.004821 0.000000 22.141930 0.000000 0.000000 1.000000 0.000000
-0.003714 -0.999993 0.000000 50.420470 0.999993 -0.003714 0.000000 23.028638 0.000000 0.000000 1.000000 0.000000
-0.008929 -0.999960 0.000000 50.429890 0.999960 -0.008929 0.000000 23.939704 0.000000 0.000000 1.000000 0.000000
-0.014056 -0.999901 0.000000 50.378203 0.999901 -0.014056 0.000000 24.777428 0.000000 0.000000 1.000000 0.000000
-0.020327 -0.999793 0.000000 50.302183 0.999793 -0.020327 0.000000 25.664451 0.000000 0.000000 1.000000 0.000000
-0.025561 -0.999673 0.000000 50.241390 0.999673 -0.025561 0.000000 26.601364 0.000000 0.000000 1.000000 0.000000
-0.028347 -0.999598 0.000000 50.207230 0.999598 -0.028347 0.000000 27.435722 0.000000 0.000000 1.000000 0.000000
-0.027317 -0.999627 0.000000 50.236569 0.999627 -0.027317 0.000000 28.377921 0.000000 0.000000 1.000000 0.000000
-0.027713 -0.999616 0.000000 50.143765 0.999616 -0.027713 0.000000 29.218546 0.000000 0.000000 1.000000 0.000000
-0.027062 -0.999634 0.000000 50.038840 0.999634 -0.027062 0.000000 30.159565 0.000000 0.000000 1.000000 0.000000
-0.027453 -0.999623 0.000000 50.042429 0.999623 -0.027453 0.000000 31.024636 0.000000 0.000000 1.000000 0.000000
-0.027039 -0.999634 0.000000 50.011521 0.999634 -0.027039 0.000000 31.944909 0.000000 0.000000 1.000000 0.000000
-0.026647 -0.999645 0.000000 49.954976 0.999645 -0.026647 0.000000 32.831631 0.000000 0.000000 1.000000 0.000000
-0.027602 -0.999619 0.000000 49.888287 0.999619 -0.027602 0.000000 33.663565 0.000000 0.000000 1.000000 0.000000
-0.031326 -0.999509 0.000000 49.862495 0.999509 -0.031326 0.000000 34.526853 0.000000 0.000000 1.000000 0.000000
-0.033828 -0.999428 0.000000 49.846115 0.999428 -0.033828 0.000000 35.426777 0.000000 0.000000 1.000000 0.000000
-0.036277 -0.999342 0.000000 49.766196 0.999342 -0.036277 0.000000 36.246277 0.000000 0.000000 1.000000 0.000000
-0.040462 -0.999181 0.000000 49.673733 0.999181 -0.040462 0.000000 37.165277 0.000000 0.000000 1.000000 0.000000
-0.046172 -0.998934 0.000000 49.647142 0.998934 -0.046172 0.000000 38.065373 0.000000 0.000000 1.000000 0.000000
-0.051175 -0.998690 0.000000 49.593548 0.998690 -0.051175 0.000000 38.883061 0.000000 0.000000 1.000000 0.000000
-0.055689 -0.998448 0.000000 49.504426 0.998448 -0.055689 0.000000 39.761103 0.000000 0.000000 1.000000 0.000000
-0.059972 -0.998200 0.000000 49.398688 0.998200 -0.059972 0.000000 40.735461 0.000000 0.000000 1.000000 0.000000
-0.062701 -0.998032 0.000000 49.317630 0.998032 -0.062701 0.000000 41.527366 0.000000 0.000000 1.000000 0.000000
-0.066251 -0.997803 0.000000 49.194069 0.997803 -0.066251 0.000000 42.472203 0.000000 0.000000 1.000000 0.000000
-0.071277 -0.997457 0.000000 49.127021 0.997457 -0.071277 0.000000 43.340424 0.000000 0.000000 1.000000 0.000000
-0.071743 -0.997423 0.000000 49.046196 0.997423 -0.071743 0.000000 44.209076 0.000000 0.000000 1.000000 0.000000
-0.071558 -0.997436 0.000000 48.991198 0.997436 -0.071558 0.000000 45.082128 0.000000 0.000000 1.000000 0.000000
-0.071647 -0.997430 0.000000 48.885597 0.997430 -0.071647 0.000000 45.983956 0.000000 0.000000 1.000000 0.000000
-0.071805 -0.997419 0.000000 48.817742 0.997419 -0.071805 0.000000 46.853815 0.000000 0.000000 1.000000 0.000000
-0.072606 -0.997361 0.000000 48.704276 0.997361 -0.072606 0.000000 47.741861 0.000000 0.000000 1.000000 0.000000
-0.073430 -0.997300 0.000000 48.621494 0.997300 -0.073430 0.000000 48.596957 0.000000 0.000000 1.000000 0.000000
-0.073769 -0.997275 0.000000 48.556058 0.997275 -0.073769 0.000000 49.446550 0.000000 0.000000 1.000000 0.000000
-0.074772 -0.997201 0.000000 48.479509 0.997201 -0.074772 0.000000 50.365894 0.000000 0.000000 1.000000 0.000000
-0.074700 -0.997206 0.000000 48.409707 0.997206 -0.074700 0.000000 51.242877 0.000000 0.000000 1.000000 0.000000
-0.074006 -0.997258 0.000000 48.311787 0.997258 -0.074006 0.000000 52.055030 0.000000 0.000000 1.000000 0.000000
-0.074453 -0.997224 0.000000 48.271751 0.997224 -0.074453 0.000000 52.979280 0.000000 0.000000 1.000000 0.000000
-0.074217 -0.997242 0.000000 48.201362 0.997242 -0.074217 0.000000 53.769341 0.000000 0.000000 1.000000 0.000000
-0.074691 -0.997207 0.000000 48.129007 0.997207 -0.074691 0.000000 54.594850 0.000000 0.000000 1.000000 0.000000
-0.074933 -0.997189 0.000000 48.076248 0.997189 -0.074933 0.000000 55.418352 0.000000 0.000000 1.000000 0.000000
-0.072791 -0.997347 0.000000 48.006240 0.997347 -0.072791 0.000000 56.225995 0.000000 0.000000 1.000000 0.000000
-0.075721 -0.997129 0.000000 47.891185 0.997129 -0.075721 0.000000 57.044052 0.000000 0.000000 1.000000 0.000000
-0.078174 -0.996940 0.000000 47.859844 0.996940 -0.078174 0.000000 57.756994 0.000000 0.000000 1.000000 0.000000
-0.080330 -0.996768 0.000000 47.807881 0.996768 -0.080330 0.000000 58.489624 0.000000 0.000000 1.000000 0.000000
-0.084206 -0.996448 0.000000 47.728231 0.996448 -0.084206 0.000000 59.178791 0.000000 0.000000 1.000000 0.000000
-0.087096 -0.996200 0.000000 47.640688 0.996200 -0.087096 0.000000 59.953881 0.000000 0.000000 1.000000 0.000000
-0.087638 -0.996152 0.000000 47.532455 0.996152 -0.087638 0.000000 60.597601 0.000000 0.000000 1.000000 0.000000
-0.087092 -0.996200 0.000000 47.463785 0.996200 -0.087092 0.000000 61.193801 0.000000 0.000000 1.000000 0.000000
-0.086052 -0.996291 0.000000 47.437845 0.996291 -0.086052 0.000000 61.799070 0.000000 0.000000 1.000000 0.000000
-0.086473 -0.996254 0.000000 47.385773 0.996254 -0.086473 0.000000 62.355484 0.000000 0.000000 1.000000 0.000000
-0.086458 -0.996256 0.000000 47.299827 0.996256 -0.086458 0.000000 62.897492 0.000000 0.000000 1.000000 0.000000
-0.086038 -0.996292 0.000000 47.292521 0.996292 -0.086038 0.000000 63.375808 0.000000 0.000000 1.000000 0.000000
-0.086070 -0.996289 0.000000 47.241293 0.996289 -0.086070 0.000000 63.852132 0.000000 0.000000 1.000000 0.000000
-0.085403 -0.996346 0.000000 47.132119 0.996346 -0.085403 0.000000 64.332244 0.000000 0.000000 1.000000 0.000000
-0.087803 -0.996138 0.000000 47.090167 0.996138 -0.087803 0.000000 64.754886 0.000000 0.000000 1.000000 0.000000
-0.088643 -0.996063 0.000000 47.081751 0.996063 -0.088643 0.000000 65.102221 0.000000 0.000000 1.000000 0.000000
-0.088344 -0.996090 0.000000 47.029773 0.996090 -0.088344 0.000000 65.471140 0.000000 0.000000 1.000000 0.000000
-0.086524 -0.996250 0.000000 47.007598 0.996250 -0.086524 0.000000 65.807164 0.000000 0.000000 1.000000 0.000000
-0.086257 -0.996273 0.000000 47.000201 0.996273 -0.086257 0.000000 66.144424 0.000000 0.000000 1.000000 0.000000
-0.087498 -0.996165 0.000000 46.962365 0.996165 -0.087498 0.000000 66.411468 0.000000 0.000000 1.000000 0.000000
-0.087970 -0.996123 0.000000 46.943889 0.996123 -0.087970 0.000000 66.730808 0.000000 0.000000 1.000000 0.000000
-0.087470 -0.996167 0.000000 46.877336 0.996167 -0.087470 0.000000 67.016031 0.000000 0.000000 1.000000 0.000000
-0.087271 -0.996185 0.000000 46.842219 0.996185 -0.087271 0.000000 67.260188 0.000000 0.000000 1.000000 0.000000
-0.088282 -0.996096 0.000000 46.765341 0.996096 -0.088282 0.000000 67.543700 0.000000 0.000000 1.000000 0.000000
-0.088727 -0.996056 0.000000 46.792061 0.996056 -0.088727 0.000000 67.751860 0.000000 0.000000 1.000000 0.000000
-0.087622 -0.996154 0.000000 46.719540 0.996154 -0.087622 0.000000 67.985100 0.000000 0.000000 1.000000 0.000000
-0.086480 -0.996254 0.000000 46.694194 0.996254 -0.086480 0.000000 68.237320 0.000000 0.000000 1.000000 0.000000
-0.087425 -0.996171 0.000000 46.662390 0.996171 -0.087425 0.000000 68.462278 0.000000 0.000000 1.000000 0.000000
-0.088611 -0.996066 0.000000 46.659801 0.996066 -0.088611 0.000000 68.706698 0.000000 0.000000 1.000000 0.000000
-0.089235 -0.996011 0.000000 46.609657 0.996011 -0.089235 0.000000 68.936791 0.000000 0.000000 1.000000 0.000000
-0.088982 -0.996033 0.000000 46.588880 0.996033 -0.088982 0.000000 69.114668 0.000000 0.000000 1.000000 0.000000
-0.089535 -0.995984 0.000000 46.550068 0.995984 -0.089535 0.000000 69.299049 0.000000 0.000000 1.000000 0.000000
-0.089536 -0.995984 0.000000 46.564769 0.995984 -0.089536 0.000000 69.493321 0.000000 0.000000 1.000000 0.000000
-0.089799 -0.995960 0.000000 46.530242 0.995960 -0.089799 0.000000 69.650310 0.000000 0.000000 1.000000 0.000000
-0.089864 -0.995954 0.000000 46.475219 0.995954 -0.089864 0.000000 69.837937 0.000000 0.000000 1.000000 0.000000
-0.090278 -0.995917 0.000000 46.474813 0.995917 -0.090278 0.000000 70.019194 0.000000 0.000000 1.000000 0.000000
-0.090457 -0.995900 0.000000 46.450331 0.995900 -0.090457 0.000000 70.340958 0.000000 0.000000 1.000000 0.000000
-0.089235 -0.996011 0.000000 46.400149 0.996011 -0.089235 0.000000 70.585085 0.000000 0.000000 1.000000 0.000000
-0.088620 -0.996065 0.000000 46.359530 0.996065 -0.088620 0.000000 70.762780 0.000000 0.000000 1.000000 0.000000
-0.088408 -0.996084 0.000000 46.361734 0.996084 -0.088408 0.000000 70.912270 0.000000 0.000000 1.000000 0.000000
-0.090296 -0.995915 0.000000 46.319201 0.995915 -0.090296 0.000000 71.115894 0.000000 0.000000 1.000000 0.000000
-0.090163 -0.995927 0.000000 46.321132 0.995927 -0.090163 0.000000 71.238236 0.000000 0.000000 1.000000 0.000000
-0.089234 -0.996011 0.000000 46.326263 0.996011 -0.089234 0.000000 71.397425 0.000000 0.000000 1.000000 0.000000
-0.088610 -0.996066 0.000000 46.318546 0.996066 -0.088610 0.000000 71.487685 0.000000 0.000000 1.000000 0.000000
-0.089228 -0.996011 0.000000 46.302840 0.996011 -0.089228 0.000000 71.595629 0.000000 0.000000 1.000000 0.000000
-0.089875 -0.995953 0.000000 46.300430 0.995953 -0.089875 0.000000 71.720989 0.000000 0.000000 1.000000 0.000000
-0.089381 -0.995998 0.000000 46.257057 0.995998 -0.089381 0.000000 71.855097 0.000000 0.000000 1.000000 0.000000
-0.089057 -0.996026 0.000000 46.256690 0.996026 -0.089057 0.000000 71.971215 0.000000 0.000000 1.000000 0.000000
-0.089425 -0.995994 0.000000 46.229619 0.995994 -0.089425 0.000000 72.100543 0.000000 0.000000 1.000000 0.000000
-0.089354 -0.996000 0.000000 46.218845 0.996000 -0.089354 0.000000 72.254985 0.000000 0.000000 1.000000 0.000000
-0.089064 -0.996026 0.000000 46.192775 0.996026 -0.089064 0.000000 72.335039 0.000000 0.000000 1.000000 0.000000
-0.089776 -0.995962 0.000000 46.194439 0.995962 -0.089776 0.000000 72.439360 0.000000 0.000000 1.000000 0.000000
-0.090585 -0.995889 0.000000 46.174208 0.995889 -0.090585 0.000000 72.533727 0.000000 0.000000 1.000000 0.000000
-0.089806 -0.995959 0.000000 46.175836 0.995959 -0.089806 0.000000 72.609561 0.000000 0.000000 1.000000 0.000000
-0.089517 -0.995985 0.000000 46.187857 0.995985 -0.089517 0.000000 72.729740 0.000000 0.000000 1.000000 0.000000
-0.090244 -0.995920 0.000000 46.180197 0.995920 -0.090244 0.000000 72.810229 0.000000 0.000000 1.000000 0.000000
-0.089946 -0.995947 0.000000 46.146677 0.995947 -0.089946 0.000000 72.933184 0.000000 0.000000 1.000000 0.000000
-0.089193 -0.996014 0.000000 46.127302 0.996014 -0.089193 0.000000 73.008099 0.000000 0.000000 1.000000 0.000000
-0.089014 -0.996030 0.000000 46.157716 0.996030 -0.089014 0.000000 73.097730 0.000000 0.000000 1.000000 0.000000
-0.088444 -0.996081 0.000000 46.138029 0.996081 -0.088444 0.000000 73.232878 0.000000 0.000000 1.000000 0.000000
-0.088034 -0.996117 0.000000 46.113889 0.996117 -0.088034 0.000000 73.378874 0.000000 0.000000 1.000000 0.000000
-0.087583 -0.996157 0.000000 46.102849 0.996157 -0.087583 0.000000 73.490099 0.000000 0.000000 1.000000 0.000000
-0.089336 -0.996002 0.000000 46.069355 0.996002 -0.089336 0.000000 73.598124 0.000000 0.000000 1.000000 0.000000
-0.089243 -0.996010 0.000000 46.053095 0.996010 -0.089243 0.000000 73.718595 0.000000 0.000000 1.000000 0.000000
-0.089261 -0.996008 0.000000 46.057013 0.996008 -0.089261 0.000000 73.815337 0.000000 0.000000 1.000000 0.000000
-0.089287 -0.996006 0.000000 46.074663 0.996006 -0.089287 0.000000 73.897223 0.000000 0.000000 1.000000 0.000000
-0.089439 -0.995992 0.000000 46.069608 0.995992 -0.089439 0.000000 73.973353 0.000000 0.000000 1.000000 0.000000
-0.089091 -0.996023 0.000000 46.048453 0.996023 -0.089091 0.000000 73.992906 0.000000 0.000000 1.000000 0.000000
-0.088924 -0.996038 0.000000 46.033551 0.996038 -0.088924 0.000000 74.015917 0.000000 0.000000 1.000000 0.000000
-0.089231 -0.996011 0.000000 46.041861 0.996011 -0.089231 0.000000 74.036604 0.000000 0.000000 1.000000 0.000000
-0.088784 -0.996051 0.000000 46.039249 0.996051 -0.088784 0.000000 74.054776 0.000000 0.000000 1.000000 0.000000
-0.088961 -0.996035 0.000000 46.021747 0.996035 -0.088961 0.000000 74.053670 0.000000 0.000000 1.000000 0.000000
-0.088842 -0.996046 0.000000 46.039142 0.996046 -0.088842 0.000000 74.055910 0.000000 0.000000 1.000000 0.000000
-0.088491 -0.996077 0.000000 46.045476 0.996077 -0.088491 0.000000 74.079076 0.000000 0.000000 1.000000 0.000000
-0.088402 -0.996085 0.000000 46.028399 0.996085 -0.088402 0.000000 74.062785 0.000000 0.000000 1.000000 0.000000
-0.088597 -0.996068 0.000000 46.031898 0.996068 -0.088597 0.000000 74.057805 0.000000 0.000000 1.000000 0.000000
-0.088811 -0.996048 0.000000 46.020287 0.996048 -0.088811 0.000000 74.078419 0.000000 0.000000 1.000000 0.000000
-0.088761 -0.996053 0.000000 46.040928 0.996053 -0.088761 0.000000 74.061383 0.000000 0.000000 1.000000 0.000000
-0.089235 -0.996011 0.000000 46.022359 0.996011 -0.089235 0.000000 74.103468 0.000000 0.000000 1.000000 0.000000
-0.088786 -0.996051 0.000000 46.034374 0.996051 -0.088786 0.000000 74.079496 0.000000 0.000000 1.000000 0.000000
-0.088420 -0.996083 0.000000 46.044757 0.996083 -0.088420 0.000000 74.064476 0.000000 0.000000 1.000000 0.000000
-0.088408 -0.996084 0.000000 46.031590 0.996084 -0.088408 0.000000 74.076953 0.000000 0.000000 1.000000 0.000000
-0.087612 -0.996155 0.000000 46.022476 0.996155 -0.087612 0.000000 74.067761 0.000000 0.000000 1.000000 0.000000
-0.088368 -0.996088 0.000000 46.009774 0.996088 -0.088368 0.000000 74.098331 0.000000 0.000000 1.000000 0.000000
-0.087781 -0.996140 0.000000 46.021658 0.996140 -0.087781 0.000000 74.129865 0.000000 0.000000 1.000000 0.000000
-0.088175 -0.996105 0.000000 46.044852 0.996105 -0.088175 0.000000 74.196357 0.000000 0.000000 1.000000 0.000000
-0.087978 -0.996122 0.000000 46.039496 0.996122 -0.087978 0.000000 74.213186 0.000000 0.000000 1.000000 0.000000
-0.087912 -0.996128 0.000000 46.034282 0.996128 -0.087912 0.000000 74.213630 0.000000 0.000000 1.000000 0.000000
-0.087599 -0.996156 0.000000 46.038876 0.996156 -0.087599 0.000000 74.227776 0.000000 0.000000 1.000000 0.000000
-0.088098 -0.996112 0.000000 46.024290 0.996112 -0.088098 0.000000 74.240532 0.000000 0.000000 1.000000 0.000000
-0.088213 -0.996102 0.000000 46.047226 0.996102 -0.088213 0.000000 74.228234 0.000000 0.000000 1.000000 0.000000
-0.088309 -0.996093 0.000000 46.026598 0.996093 -0.088309 0.000000 74.243213 0.000000 0.000000 1.000000 0.000000
-0.088135 -0.996109 0.000000 46.005474 0.996109 -0.088135 0.000000 74.214884 0.000000 0.000000 1.000000 0.000000
-0.087385 -0.996175 0.000000 46.031120 0.996175 -0.087385 0.000000 74.264922 0.000000 0.000000 1.000000 0.000000
-0.087418 -0.996172 0.000000 46.022052 0.996172 -0.087418 0.000000 74.328906 0.000000 0.000000 1.000000 0.000000
-0.087426 -0.996171 0.000000 46.019947 0.996171 -0.087426 0.000000 74.310537 0.000000 0.000000 1.000000 0.000000
-0.087084 -0.996201 0.000000 46.039545 0.996201 -0.087084 0.000000 74.325815 0.000000 0.000000 1.000000 0.000000
-0.087418 -0.996172 0.000000 46.011140 0.996172 -0.087418 0.000000 74.313838 0.000000 0.000000 1.000000 0.000000
-0.087054 -0.996204 0.000000 46.008644 0.996204 -0.087054 0.000000 74.332609 0.000000 0.000000 1.000000 0.000000
-0.087837 -0.996135 0.000000 46.010397 0.996135 -0.087837 0.000000 74.389448 0.000000 0.000000 1.000000 0.000000
-0.087508 -0.996164 0.000000 45.989019 0.996164 -0.087508 0.000000 74.387909 0.000000 0.000000 1.000000 0.000000
-0.088088 -0.996113 0.000000 45.972284 0.996113 -0.088088 0.000000 74.446413 0.000000 0.000000 1.000000 0.000000
-0.088147 -0.996107 0.000000 45.987424 0.996107 -0.088147 0.000000 74.482092 0.000000 0.000000 1.000000 0.000000
-0.087891 -0.996130 0.000000 45.992606 0.996130 -0.087891 0.000000 74.532116 0.000000 0.000000 1.000000 0.000000
-0.088231 -0.996100 0.000000 45.980801 0.996100 -0.088231 0.000000 74.558377 0.000000 0.000000 1.000000 0.000000
-0.088273 -0.996096 0.000000 45.971336 0.996096 -0.088273 0.000000 74.592866 0.000000 0.000000 1.000000 0.000000
-0.088101 -0.996112 0.000000 45.970331 0.996112 -0.088101 0.000000 74.678814 0.000000 0.000000 1.000000 0.000000
-0.088536 -0.996073 0.000000 45.973249 0.996073 -0.088536 0.000000 74.713986 0.000000 0.000000 1.000000 0.000000
-0.088819 -0.996048 0.000000 45.960058 0.996048 -0.088819 0.000000 74.744219 0.000000 0.000000 1.000000 0.000000
-0.088889 -0.996042 0.000000 45.949451 0.996042 -0.088889 0.000000 74.806034 0.000000 0.000000 1.000000 0.000000
-0.088996 -0.996032 0.000000 45.948713 0.996032 -0.088996 0.000000 74.849657 0.000000 0.000000 1.000000 0.000000
-0.088393 -0.996086 0.000000 45.937183 0.996086 -0.088393 0.000000 74.915394 0.000000 0.000000 1.000000 0.000000
-0.088440 -0.996082 0.000000 45.944519 0.996082 -0.088440 0.000000 74.961392 0.000000 0.000000 1.000000 0.000000
-0.088604 -0.996067 0.000000 45.949642 0.996067 -0.088604 0.000000 74.987524 0.000000 0.000000 1.000000 0.000000
-0.088405 -0.996085 0.000000 45.926549 0.996085 -0.088405 0.000000 75.027829 0.000000 0.000000 1.000000 0.000000
-0.088257 -0.996098 0.000000 45.919044 0.996098 -0.088257 0.000000 75.053956 0.000000 0.000000 1.000000 0.000000
-0.088163 -0.996106 0.000000 45.937915 0.996106 -0.088163 0.000000 75.070264 0.000000 0.000000 1.000000 0.000000
-0.088283 -0.996095 0.000000 45.926878 0.996095 -0.088283 0.000000 75.107714 0.000000 0.000000 1.000000 0.000000
-0.088465 -0.996079 0.000000 45.913526 0.996079 -0.088465 0.000000 75.141798 0.000000 0.000000 1.000000 0.000000
-0.088165 -0.996106 0.000000 45.919812 0.996106 -0.088165 0.000000 75.130797 0.000000 0.000000 1.000000 0.000000
-0.088243 -0.996099 0.000000 45.905346 0.996099 -0.088243 0.000000 75.126885 0.000000 0.000000 1.000000 0.000000
-0.088059 -0.996115 0.000000 45.917657 0.996115 -0.088059 0.000000 75.120447 0.000000 0.000000 1.000000 0.000000
-0.088202 -0.996103 0.000000 45.909842 0.996103 -0.088202 0.000000 75.104087 0.000000 0.000000 1.000000 0.000000
-0.088229 -0.996100 0.000000 45.952128 0.996100 -0.088229 0.000000 75.100987 0.000000 0.000000 1.000000 0.000000
-0.088547 -0.996072 0.000000 45.936446 0.996072 -0.088547 0.000000 75.129173 0.000000 0.000000 1.000000 0.000000
-0.088230 -0.996100 0.000000 45.943172 0.996100 -0.088230 0.000000 75.145190 0.000000 0.000000 1.000000 0.000000
-0.088516 -0.996075 0.000000 45.910705 0.996075 -0.088516 0.000000 75.126331 0.000000 0.000000 1.000000 0.000000
-0.088473 -0.996079 0.000000 45.941356 0.996079 -0.088473 0.000000 75.134417 0.000000 0.000000 1.000000 0.000000
