1.000000 -0.000240 0.000000 1.067239 0.000240 1.000000 0.000000 0.021799 0.000000 0.000000 1.000000 0.000000
1.000000 -0.000862 0.000000 1.374302 0.000862 1.000000 0.000000 0.009270 0.000000 0.000000 1.000000 0.000000
1.000000 -0.000964 0.000000 1.711632 0.000964 1.000000 0.000000 0.008182 0.000000 0.000000 1.000000 0.000000
1.000000 -0.000744 0.000000 2.088161 0.000744 1.000000 0.000000 0.023275 0.000000 0.000000 1.000000 0.000000
1.000000 -0.000929 0.000000 2.518676 0.000929 1.000000 0.000000 0.042124 0.000000 0.000000 1.000000 0.000000
1.000000 -0.000237 0.000000 3.002474 0.000237 1.000000 0.000000 0.014076 0.000000 0.000000 1.000000 0.000000
1.000000 0.000143 0.000000 3.538663 -0.000143 1.000000 0.000000 0.009441 0.000000 0.000000 1.000000 0.000000
1.000000 0.000102 0.000000 4.121582 -0.000102 1.000000 0.000000 0.010216 0.000000 0.000000 1.000000 0.000000
1.000000 -0.000123 0.000000 4.816653 0.000123 1.000000 0.000000 -0.003864 0.000000 0.000000 1.000000 0.000000
1.000000 0.000565 0.000000 5.514542 -0.000565 1.000000 0.000000 0.013933 0.000000 0.000000 1.000000 0.000000
0.999999 0.001041 0.000000 6.344727 -0.001041 0.999999 0.000000 0.025333 0.000000 0.000000 1.000000 0.000000
1.000000 0.000302 0.000000 7.235692 -0.000302 1.000000 0.000000 -0.000839 0.000000 0.000000 1.000000 0.000000
1.000000 0.000502 0.000000 8.191124 -0.000502 1.000000 0.000000 -0.010664 0.000000 0.000000 1.000000 0.000000
1.000000 0.000755 0.000000 9.247927 -0.000755 1.000000 0.000000 0.036085 0.000000 0.000000 1.000000 0.000000
1.000000 -0.000067 0.000000 10.378850 0.000067 1.000000 0.000000 0.026743 0.000000 0.000000 1.000000 0.000000
1.000000 0.000579 0.000000 11.545910 -0.000579 1.000000 0.000000 0.050806 0.000000 0.000000 1.000000 0.000000
0.999999 0.001463 0.000000 12.796924 -0.001463 0.999999 0.000000 0.030074 0.000000 0.000000 1.000000 0.000000
0.999999 0.001468 0.000000 14.163645 -0.001468 0.999999 0.000000 -0.026436 0.000000 0.000000 1.000000 0.000000
1.000000 0.000888 0.000000 15.590650 -0.000888 1.000000 0.000000 0.015112 0.000000 0.000000 1.000000 0.000000
1.000000 0.000599 0.000000 17.034858 -0.000599 1.000000 0.000000 0.088311 0.000000 0.000000 1.000000 0.000000
1.000000 0.000901 0.000000 18.556733 -0.000901 1.000000 0.000000 0.050387 0.000000 0.000000 1.000000 0.000000
1.000000 0.000997 0.000000 20.163821 -0.000997 1.000000 0.000000 0.053942 0.000000 0.000000 1.000000 0.000000
0.999998 0.002042 0.000000 21.822639 -0.002042 0.999998 0.000000 0.056751 0.000000 0.000000 1.000000 0.000000
0.999996 0.002967 0.000000 23.564859 -0.002967 0.999996 0.000000 0.079053 0.000000 0.000000 1.000000 0.000000
0.999995 0.003268 0.000000 25.359130 -0.003268 0.999995 0.000000 0.067484 0.000000 0.000000 1.000000 0.000000
0.999992 0.004025 0.000000 27.210740 -0.004025 0.999992 0.000000 0.030881 0.000000 0.000000 1.000000 0.000000
0.999992 0.004117 0.000000 29.143980 -0.004117 0.999992 0.000000 0.027581 0.000000 0.000000 1.000000 0.000000
0.999987 0.005111 0.000000 31.131158 -0.005111 0.999987 0.000000 0.030127 0.000000 0.000000 1.000000 0.000000
0.999983 0.005761 0.000000 33.157519 -0.005761 0.999983 0.000000 0.034292 0.000000 0.000000 1.000000 0.000000
0.999977 0.006821 0.000000 35.281988 -0.006821 0.999977 0.000000 0.078111 0.000000 0.000000 1.000000 0.000000
0.999973 0.007351 0.000000 37.453751 -0.007351 0.999973 0.000000 0.078466 0.000000 0.000000 1.000000 0.000000
0.999972 0.007531 0.000000 39.676381 -0.007531 0.999972 0.000000 0.022556 0.000000 0.000000 1.000000 0.000000
0.999964 0.008433 0.000000 41.983993 -0.008433 0.999964 0.000000 0.040118 0.000000 0.000000 1.000000 0.000000
0.999951 0.009918 0.000000 44.307567 -0.009918 0.999951 0.000000 0.049239 0.000000 0.000000 1.000000 0.000000
0.999940 0.010954 0.000000 46.688708 -0.010954 0.999940 0.000000 0.005946 0.000000 0.000000 1.000000 0.000000
0.999943 0.010663 0.000000 49.183518 -0.010663 0.999943 0.000000 -0.002168 0.000000 0.000000 1.000000 0.000000
0.999943 0.010679 0.000000 51.689802 -0.010679 0.999943 0.000000 0.035361 0.000000 0.000000 1.000000 0.000000
0.999949 0.010103 0.000000 54.248243 -0.010103 0.999949 0.000000 -0.033970 0.000000 0.000000 1.000000 0.000000
0.999952 0.009779 0.000000 56.834967 -0.009779 0.999952 0.000000 -0.021920 0.000000 0.000000 1.000000 0.000000
0.999944 0.010538 0.000000 59.484514 -0.010538 0.999944 0.000000 -0.021620 0.000000 0.000000 1.000000 0.000000
0.999976 0.006919 0.000000 62.189161 -0.006919 0.999976 0.000000 -0.062706 0.000000 0.000000 1.000000 0.000000
0.999989 0.004791 0.000000 64.881598 -0.004791 0.999989 0.000000 -0.106571 0.000000 0.000000 1.000000 0.000000
0.999989 0.004672 0.000000 67.602880 -0.004672 0.999989 0.000000 -0.090428 0.000000 0.000000 1.000000 0.000000
0.999982 0.006079 0.000000 70.353447 -0.006079 0.999982 0.000000 -0.119185 0.000000 0.000000 1.000000 0.000000
0.999978 0.006561 0.000000 73.122717 -0.006561 0.999978 0.000000 -0.127714 0.000000 0.000000 1.000000 0.000000
0.999975 0.007071 0.000000 75.905992 -0.007071 0.999975 0.000000 -0.085701 0.000000 0.000000 1.000000 0.000000
0.999972 0.007501 0.000000 78.716274 -0.007501 0.999972 0.000000 -0.108213 0.000000 0.000000 1.000000 0.000000
0.999978 0.006642 0.000000 81.576299 -0.006642 0.999978 0.000000 -0.186720 0.000000 0.000000 1.000000 0.000000
0.999976 0.006914 0.000000 84.459351 -0.006914 0.999976 0.000000 -0.167938 0.000000 0.000000 1.000000 0.000000
0.999972 0.007505 0.000000 87.375785 -0.007505 0.999972 0.000000 -0.130666 0.000000 0.000000 1.000000 0.000000
0.999973 0.007349 0.000000 90.321687 -0.007349 0.999973 0.000000 -0.153732 0.000000 0.000000 1.000000 0.000000
0.999980 0.006361 0.000000 93.319110 -0.006361 0.999980 0.000000 -0.137571 0.000000 0.000000 1.000000 0.000000
0.999975 0.007058 0.000000 96.314919 -0.007058 0.999975 0.000000 -0.080735 0.000000 0.000000 1.000000 0.000000
0.999979 0.006524 0.000000 99.353353 -0.006524 0.999979 0.000000 -0.112451 0.000000 0.000000 1.000000 0.000000
0.999975 0.007080 0.000000 102.416421 -0.007080 0.999975 0.000000 -0.119045 0.000000 0.000000 1.000000 0.000000
0.999975 0.007027 0.000000 105.490276 -0.007027 0.999975 0.000000 -0.176242 0.000000 0.000000 1.000000 0.000000
0.999985 0.005399 0.000000 108.589692 -0.005399 0.999985 0.000000 -0.241434 0.000000 0.000000 1.000000 0.000000
0.999982 0.006075 0.000000 111.721067 -0.006075 0.999982 0.000000 -0.203521 0.000000 0.000000 1.000000 0.000000
0.999977 0.006798 0.000000 114.892900 -0.006798 0.999977 0.000000 -0.187316 0.000000 0.000000 1.000000 0.000000
0.999974 0.007216 0.000000 118.038403 -0.007216 0.999974 0.000000 -0.171967 0.000000 0.000000 1.000000 0.000000
0.999980 0.006285 0.000000 121.191501 -0.006285 0.999980 0.000000 -0.199659 0.000000 0.000000 1.000000 0.000000
0.999985 0.005465 0.000000 124.376245 -0.005465 0.999985 0.000000 -0.205825 0.000000 0.000000 1.000000 0.000000
0.999984 0.005623 0.000000 127.469507 -0.005623 0.999984 0.000000 -0.254840 0.000000 0.000000 1.000000 0.000000
0.999977 0.006710 0.000000 130.613453 -0.006710 0.999977 0.000000 -0.243429 0.000000 0.000000 1.000000 0.000000
0.999980 0.006297 0.000000 133.741825 -0.006297 0.999980 0.000000 -0.235087 0.000000 0.000000 1.000000 0.000000
0.999985 0.005479 0.000000 136.859293 -0.005479 0.999985 0.000000 -0.287999 0.000000 0.000000 1.000000 0.000000
0.999976 0.006992 0.000000 139.960557 -0.006992 0.999976 0.000000 -0.273797 0.000000 0.000000 1.000000 0.000000
0.999975 0.007035 0.000000 143.082761 -0.007035 0.999975 0.000000 -0.293143 0.000000 0.000000 1.000000 0.000000
0.999974 0.007182 0.000000 146.170941 -0.007182 0.999974 0.000000 -0.293320 0.000000 0.000000 1.000000 0.000000
0.999980 0.006264 0.000000 149.314789 -0.006264 0.999980 0.000000 -0.355846 0.000000 0.000000 1.000000 0.000000
0.999980 0.006376 0.000000 152.421806 -0.006376 0.999980 0.000000 -0.327751 0.000000 0.000000 1.000000 0.000000
0.999980 0.006352 0.000000 155.508427 -0.006352 0.999980 0.000000 -0.376461 0.000000 0.000000 1.000000 0.000000
0.999981 0.006150 0.000000 158.612975 -0.006150 0.999981 0.000000 -0.355735 0.000000 0.000000 1.000000 0.000000
0.999975 0.007092 0.000000 161.722372 -0.007092 0.999975 0.000000 -0.354744 0.000000 0.000000 1.000000 0.000000
0.999980 0.006271 0.000000 164.834117 -0.006271 0.999980 0.000000 -0.386652 0.000000 0.000000 1.000000 0.000000
0.999979 0.006458 0.000000 167.964345 -0.006458 0.999979 0.000000 -0.418895 0.000000 0.000000 1.000000 0.000000
0.999975 0.007115 0.000000 171.068190 -0.007115 0.999975 0.000000 -0.449001 0.000000 0.000000 1.000000 0.000000
0.999975 0.007097 0.000000 174.189151 -0.007097 0.999975 0.000000 -0.424501 0.000000 0.000000 1.000000 0.000000
0.999976 0.006916 0.000000 177.296868 -0.006916 0.999976 0.000000 -0.434754 0.000000 0.000000 1.000000 0.000000
0.999980 0.006376 0.000000 180.455181 -0.006376 0.999980 0.000000 -0.517945 0.000000 0.000000 1.000000 0.000000
0.999970 0.007774 0.000000 183.550667 -0.007774 0.999970 0.000000 -0.466366 0.000000 0.000000 1.000000 0.000000
0.999976 0.006999 0.000000 186.763321 -0.006999 0.999976 0.000000 -0.468917 0.000000 0.000000 1.000000 0.000000
0.999977 0.006804 0.000000 189.985034 -0.006804 0.999977 0.000000 -0.454940 0.000000 0.000000 1.000000 0.000000
0.999972 0.007428 0.000000 193.196928 -0.007428 0.999972 0.000000 -0.450091 0.000000 0.000000 1.000000 0.000000
0.999970 0.007736 0.000000 196.463036 -0.007736 0.999970 0.000000 -0.441754 0.000000 0.000000 1.000000 0.000000
0.999975 0.007002 0.000000 199.706672 -0.007002 0.999975 0.000000 -0.481479 0.000000 0.000000 1.000000 0.000000
0.999975 0.007019 0.000000 202.990504 -0.007019 0.999975 0.000000 -0.475739 0.000000 0.000000 1.000000 0.000000
0.999977 0.006761 0.000000 206.309172 -0.006761 0.999977 0.000000 -0.488104 0.000000 0.000000 1.000000 0.000000
0.999983 0.005772 0.000000 209.567602 -0.005772 0.999983 0.000000 -0.522959 0.000000 0.000000 1.000000 0.000000
0.999979 0.006435 0.000000 212.944116 -0.006435 0.999979 0.000000 -0.543388 0.000000 0.000000 1.000000 0.000000
0.999990 0.004452 0.000000 216.319960 -0.004452 0.999990 0.000000 -0.596893 0.000000 0.000000 1.000000 0.000000
0.999987 0.005184 0.000000 219.691763 -0.005184 0.999987 0.000000 -0.634454 0.000000 0.000000 1.000000 0.000000
0.999984 0.005683 0.000000 223.064991 -0.005683 0.999984 0.000000 -0.609037 0.000000 0.000000 1.000000 0.000000
0.999983 0.005825 0.000000 226.525367 -0.005825 0.999983 0.000000 -0.610983 0.000000 0.000000 1.000000 0.000000
0.999979 0.006498 0.000000 229.913544 -0.006498 0.999979 0.000000 -0.584299 0.000000 0.000000 1.000000 0.000000
0.999991 0.004226 0.000000 233.381870 -0.004226 0.999991 0.000000 -0.620635 0.000000 0.000000 1.000000 0.000000
0.999990 0.004360 0.000000 236.855831 -0.004360 0.999990 0.000000 -0.573045 0.000000 0.000000 1.000000 0.000000
0.999980 0.006341 0.000000 240.307155 -0.006341 0.999980 0.000000 -0.489220 0.000000 0.000000 1.000000 0.000000
0.999978 0.006571 0.000000 243.814871 -0.006571 0.999978 0.000000 -0.488750 0.000000 0.000000 1.000000 0.000000
0.999991 0.004252 0.000000 247.334948 -0.004252 0.999991 0.000000 -0.529800 0.000000 0.000000 1.000000 0.000000
0.999993 0.003863 0.000000 250.844914 -0.003863 0.999993 0.000000 -0.603443 0.000000 0.000000 1.000000 0.000000
0.999990 0.004570 0.000000 254.309241 -0.004570 0.999990 0.000000 -0.540573 0.000000 0.000000 1.000000 0.000000
0.999985 0.005422 0.000000 257.807863 -0.005422 0.999985 0.000000 -0.613145 0.000000 0.000000 1.000000 0.000000
0.999988 0.004799 0.000000 261.235872 -0.004799 0.999988 0.000000 -0.620628 0.000000 0.000000 1.000000 0.000000
0.999991 0.004227 0.000000 264.762953 -0.004227 0.999991 0.000000 -0.569975 0.000000 0.000000 1.000000 0.000000
1.000000 0.000869 0.000000 268.212960 -0.000869 1.000000 0.000000 -0.645230 0.000000 0.000000 1.000000 0.000000
1.000000 0.000072 0.000000 271.703063 -0.000072 1.000000 0.000000 -0.487597 0.000000 0.000000 1.000000 0.000000
1.000000 -0.000715 0.000000 275.198807 0.000715 1.000000 0.000000 -0.415674 0.000000 0.000000 1.000000 0.000000
0.999996 -0.002967 0.000000 278.733613 0.002967 0.999996 0.000000 -0.379855 0.000000 0.000000 1.000000 0.000000
0.999983 -0.005769 0.000000 282.233209 0.005769 0.999983 0.000000 -0.368808 0.000000 0.000000 1.000000 0.000000
0.999956 -0.009399 0.000000 285.769111 0.009399 0.999956 0.000000 -0.382955 0.000000 0.000000 1.000000 0.000000
0.999929 -0.011924 0.000000 289.235675 0.011924 0.999929 0.000000 -0.359884 0.000000 0.000000 1.000000 0.000000
0.999903 -0.013900 0.000000 292.659570 0.013900 0.999903 0.000000 -0.321064 0.000000 0.000000 1.000000 0.000000
0.999868 -0.016217 0.000000 296.092672 0.016217 0.999868 0.000000 -0.301738 0.000000 0.000000 1.000000 0.000000
0.999839 -0.017931 0.000000 299.545079 0.017931 0.999839 0.000000 -0.187885 0.000000 0.000000 1.000000 0.000000
0.999748 -0.022464 0.000000 302.993689 0.022464 0.999748 0.000000 -0.069373 0.000000 0.000000 1.000000 0.000000
0.999637 -0.026952 0.000000 306.381151 0.026952 0.999637 0.000000 0.119034 0.000000 0.000000 1.000000 0.000000
0.999555 -0.029825 0.000000 309.742585 0.029825 0.999555 0.000000 0.221962 0.000000 0.000000 1.000000 0.000000
0.999385 -0.035056 0.000000 313.087725 0.035056 0.999385 0.000000 0.299619 0.000000 0.000000 1.000000 0.000000
0.999246 -0.038817 0.000000 316.379304 0.038817 0.999246 0.000000 0.495911 0.000000 0.000000 1.000000 0.000000
0.999035 -0.043917 0.000000 319.694272 0.043917 0.999035 0.000000 0.643604 0.000000 0.000000 1.000000 0.000000
0.998829 -0.048387 0.000000 322.960366 0.048387 0.998829 0.000000 0.777127 0.000000 0.000000 1.000000 0.000000
0.998587 -0.053141 0.000000 326.242581 0.053141 0.998587 0.000000 1.018740 0.000000 0.000000 1.000000 0.000000
0.998305 -0.058198 0.000000 329.476587 0.058198 0.998305 0.000000 1.111809 0.000000 0.000000 1.000000 0.000000
0.998080 -0.061944 0.000000 332.701696 0.061944 0.998080 0.000000 1.378695 0.000000 0.000000 1.000000 0.000000
0.997933 -0.064265 0.000000 335.898586 0.064265 0.997933 0.000000 1.563478 0.000000 0.000000 1.000000 0.000000
0.997964 -0.063777 0.000000 339.077727 0.063777 0.997964 0.000000 1.850458 0.000000 0.000000 1.000000 0.000000
0.998298 -0.058327 0.000000 342.168456 0.058327 0.998298 0.000000 2.035894 0.000000 0.000000 1.000000 0.000000
0.998675 -0.051463 0.000000 345.258541 0.051463 0.998675 0.000000 2.218669 0.000000 0.000000 1.000000 0.000000
0.998933 -0.046182 0.000000 348.290586 0.046182 0.998933 0.000000 2.397197 0.000000 0.000000 1.000000 0.000000
0.999173 -0.040670 0.000000 351.313988 0.040670 0.999173 0.000000 2.554098 0.000000 0.000000 1.000000 0.000000
0.999439 -0.033493 0.000000 354.333377 0.033493 0.999439 0.000000 2.721498 0.000000 0.000000 1.000000 0.000000
0.999634 -0.027059 0.000000 357.260040 0.027059 0.999634 0.000000 2.710117 0.000000 0.000000 1.000000 0.000000
0.999818 -0.019090 0.000000 360.200809 0.019090 0.999818 0.000000 2.825795 0.000000 0.000000 1.000000 0.000000
0.999912 -0.013263 0.000000 363.053387 0.013263 0.999912 0.000000 2.857996 0.000000 0.000000 1.000000 0.000000
0.999965 -0.008309 0.000000 365.851250 0.008309 0.999965 0.000000 2.882385 0.000000 0.000000 1.000000 0.000000
0.999982 -0.005949 0.000000 368.459418 0.005949 0.999982 0.000000 2.968004 0.000000 0.000000 1.000000 0.000000
0.999974 -0.007149 0.000000 371.155307 0.007149 0.999974 0.000000 2.921963 0.000000 0.000000 1.000000 0.000000
0.999976 -0.006873 0.000000 373.717054 0.006873 0.999976 0.000000 2.990124 0.000000 0.000000 1.000000 0.000000
0.999986 -0.005377 0.000000 376.235601 0.005377 0.999986 0.000000 3.018771 0.000000 0.000000 1.000000 0.000000
0.999995 -0.003100 0.000000 378.505859 0.003100 0.999995 0.000000 3.004922 0.000000 0.000000 1.000000 0.000000
0.999998 -0.001858 0.000000 380.714882 0.001858 0.999998 0.000000 3.005900 0.000000 0.000000 1.000000 0.000000
0.999999 -0.001363 0.000000 382.863799 0.001363 0.999999 0.000000 3.026356 0.000000 0.000000 1.000000 0.000000
0.999997 -0.002253 0.000000 384.878873 0.002253 0.999997 0.000000 2.998782 0.000000 0.000000 1.000000 0.000000
0.999995 -0.003056 0.000000 386.810461 0.003056 0.999995 0.000000 2.992192 0.000000 0.000000 1.000000 0.000000
0.999992 -0.004103 0.000000 388.650701 0.004103 0.999992 0.000000 3.018238 0.000000 0.000000 1.000000 0.000000
0.999988 -0.004963 0.000000 390.417980 0.004963 0.999988 0.000000 3.052511 0.000000 0.000000 1.000000 0.000000
0.999991 -0.004340 0.000000 392.054719 0.004340 0.999991 0.000000 3.043573 0.000000 0.000000 1.000000 0.000000
0.999990 -0.004361 0.000000 393.597949 0.004361 0.999990 0.000000 3.045746 0.000000 0.000000 1.000000 0.000000
0.999987 -0.005045 0.000000 395.103736 0.005045 0.999987 0.000000 3.043546 0.000000 0.000000 1.000000 0.000000
0.999986 -0.005284 0.000000 396.517888 0.005284 0.999986 0.000000 3.098715 0.000000 0.000000 1.000000 0.000000
0.999990 -0.004554 0.000000 397.812341 0.004554 0.999990 0.000000 3.077828 0.000000 0.000000 1.000000 0.000000
0.999991 -0.004295 0.000000 398.977839 0.004295 0.999991 0.000000 3.129311 0.000000 0.000000 1.000000 0.000000
0.999994 -0.003349 0.000000 400.024656 0.003349 0.999994 0.000000 3.184196 0.000000 0.000000 1.000000 0.000000
0.999988 -0.004924 0.000000 400.945048 0.004924 0.999988 0.000000 3.147833 0.000000 0.000000 1.000000 0.000000
0.999993 -0.003622 0.000000 401.782292 0.003622 0.999993 0.000000 3.184415 0.000000 0.000000 1.000000 0.000000
0.999988 -0.004819 0.000000 402.481562 0.004819 0.999988 0.000000 3.210248 0.000000 0.000000 1.000000 0.000000
0.999984 -0.005657 0.000000 403.077933 0.005657 0.999984 0.000000 3.181065 0.000000 0.000000 1.000000 0.000000
0.999983 -0.005751 0.000000 403.607869 0.005751 0.999983 0.000000 3.180722 0.000000 0.000000 1.000000 0.000000
0.999988 -0.004975 0.000000 403.955489 0.004975 0.999988 0.000000 3.197135 0.000000 0.000000 1.000000 0.000000
0.999987 -0.005141 0.000000 404.275738 0.005141 0.999987 0.000000 3.174992 0.000000 0.000000 1.000000 0.000000
0.999989 -0.004772 0.000000 404.462542 0.004772 0.999989 0.000000 3.192887 0.000000 0.000000 1.000000 0.000000
0.999986 -0.005326 0.000000 404.598792 0.005326 0.999986 0.000000 3.175547 0.000000 0.000000 1.000000 0.000000
0.999990 -0.004474 0.000000 404.625611 0.004474 0.999990 0.000000 3.189237 0.000000 0.000000 1.000000 0.000000
0.999992 -0.004037 0.000000 404.657649 0.004037 0.999992 0.000000 3.179401 0.000000 0.000000 1.000000 0.000000
0.999991 -0.004307 0.000000 404.702166 0.004307 0.999991 0.000000 3.191971 0.000000 0.000000 1.000000 0.000000
0.999992 -0.003985 0.000000 404.691182 0.003985 0.999992 0.000000 3.164041 0.000000 0.000000 1.000000 0.000000
0.999991 -0.004310 0.000000 404.687309 0.004310 0.999991 0.000000 3.219264 0.000000 0.000000 1.000000 0.000000
0.999990 -0.004537 0.000000 404.699690 0.004537 0.999990 0.000000 3.184386 0.000000 0.000000 1.000000 0.000000
0.999991 -0.004328 0.000000 404.693754 0.004328 0.999991 0.000000 3.190848 0.000000 0.000000 1.000000 0.000000
0.999992 -0.004103 0.000000 404.696605 0.004103 0.999992 0.000000 3.197007 0.000000 0.000000 1.000000 0.000000
0.999992 -0.004072 0.000000 404.702538 0.004072 0.999992 0.000000 3.185268 0.000000 0.000000 1.000000 0.000000
0.999991 -0.004285 0.000000 404.665521 0.004285 0.999991 0.000000 3.168717 0.000000 0.000000 1.000000 0.000000
0.999991 -0.004266 0.000000 404.710628 0.004266 0.999991 0.000000 3.180264 0.000000 0.000000 1.000000 0.000000
0.999990 -0.004368 0.000000 404.683324 0.004368 0.999990 0.000000 3.136268 0.000000 0.000000 1.000000 0.000000
0.999990 -0.004581 0.000000 404.714841 0.004581 0.999990 0.000000 3.166332 0.000000 0.000000 1.000000 0.000000
0.999991 -0.004314 0.000000 404.667396 0.004314 0.999991 0.000000 3.160991 0.000000 0.000000 1.000000 0.000000
0.999990 -0.004520 0.000000 404.664236 0.004520 0.999990 0.000000 3.144725 0.000000 0.000000 1.000000 0.000000
0.999991 -0.004219 0.000000 404.682427 0.004219 0.999991 0.000000 3.147160 0.000000 0.000000 1.000000 0.000000
0.999991 -0.004222 0.000000 404.696669 0.004222 0.999991 0.000000 3.170340 0.000000 0.000000 1.000000 0.000000
0.999992 -0.004075 0.000000 404.685287 0.004075 0.999992 0.000000 3.148378 0.000000 0.000000 1.000000 0.000000
0.999993 -0.003866 0.000000 404.687302 0.003866 0.999993 0.000000 3.191256 0.000000 0.000000 1.000000 0.000000
0.999994 -0.003561 0.000000 404.685767 0.003561 0.999994 0.000000 3.199996 0.000000 0.000000 1.000000 0.000000
0.999990 -0.004514 0.000000 404.691640 0.004514 0.999990 0.000000 3.175021 0.000000 0.000000 1.000000 0.000000
0.999989 -0.004589 0.000000 404.692072 0.004589 0.999989 0.000000 3.185891 0.000000 0.000000 1.000000 0.000000
0.999989 -0.004586 0.000000 404.701804 0.004586 0.999989 0.000000 3.195211 0.000000 0.000000 1.000000 0.000000
0.999989 -0.004604 0.000000 404.695833 0.004604 0.999989 0.000000 3.214613 0.000000 0.000000 1.000000 0.000000
0.999989 -0.004746 0.000000 404.679088 0.004746 0.999989 0.000000 3.195825 0.000000 0.000000 1.000000 0.000000
0.999989 -0.004690 0.000000 404.677709 0.004690 0.999989 0.000000 3.187222 0.000000 0.000000 1.000000 0.000000
0.999991 -0.004358 0.000000 404.673310 0.004358 0.999991 0.000000 3.185089 0.000000 0.000000 1.000000 0.000000
0.999989 -0.004604 0.000000 404.685784 0.004604 0.999989 0.000000 3.170297 0.000000 0.000000 1.000000 0.000000
0.999990 -0.004468 0.000000 404.682151 0.004468 0.999990 0.000000 3.176721 0.000000 0.000000 1.000000 0.000000
0.999990 -0.004385 0.000000 404.696673 0.004385 0.999990 0.000000 3.183835 0.000000 0.000000 1.000000 0.000000
0.999989 -0.004731 0.000000 404.685302 0.004731 0.999989 0.000000 3.185365 0.000000 0.000000 1.000000 0.000000
0.999989 -0.004739 0.000000 404.714178 0.004739 0.999989 0.000000 3.178688 0.000000 0.000000 1.000000 0.000000
0.999989 -0.004710 0.000000 404.675754 0.004710 0.999989 0.000000 3.182829 0.000000 0.000000 1.000000 0.000000
0.999988 -0.004881 0.000000 404.673215 0.004881 0.999988 0.000000 3.194012 0.000000 0.000000 1.000000 0.000000
0.999991 -0.004258 0.000000 404.690981 0.004258 0.999991 0.000000 3.192332 0.000000 0.000000 1.000000 0.000000
0.999986 -0.005234 0.000000 404.677513 0.005234 0.999986 0.000000 3.155139 0.000000 0.000000 1.000000 0.000000
0.999990 -0.004429 0.000000 404.684286 0.004429 0.999990 0.000000 3.179508 0.000000 0.000000 1.000000 0.000000
0.999989 -0.004620 0.000000 404.679214 0.004620 0.999989 0.000000 3.183106 0.000000 0.000000 1.000000 0.000000
0.999991 -0.004274 0.000000 404.664162 0.004274 0.999991 0.000000 3.221200 0.000000 0.000000 1.000000 0.000000
0.999991 -0.004215 0.000000 404.684710 0.004215 0.999991 0.000000 3.194503 0.000000 0.000000 1.000000 0.000000
0.999992 -0.004108 0.000000 404.678220 0.004108 0.999992 0.000000 3.227576 0.000000 0.000000 1.000000 0.000000
0.999990 -0.004490 0.000000 404.690508 0.004490 0.999990 0.000000 3.190174 0.000000 0.000000 1.000000 0.000000
0.999989 -0.004728 0.000000 404.667552 0.004728 0.999989 0.000000 3.218886 0.000000 0.000000 1.000000 0.000000
0.999988 -0.004846 0.000000 404.671940 0.004846 0.999988 0.000000 3.186267 0.000000 0.000000 1.000000 0.000000
0.999988 -0.004943 0.000000 404.675619 0.004943 0.999988 0.000000 3.146340 0.000000 0.000000 1.000000 0.000000
0.999988 -0.004872 0.000000 404.693897 0.004872 0.999988 0.000000 3.172383 0.000000 0.000000 1.000000 0.000000
0.999988 -0.004916 0.000000 404.706110 0.004916 0.999988 0.000000 3.173610 0.000000 0.000000 1.000000 0.000000
0.999988 -0.004928 0.000000 404.696165 0.004928 0.999988 0.000000 3.172629 0.000000 0.000000 1.000000 0.000000
0.999989 -0.004761 0.000000 404.674667 0.004761 0.999989 0.000000 3.175226 0.000000 0.000000 1.000000 0.000000
0.999987 -0.005123 0.000000 404.696310 0.005123 0.999987 0.000000 3.164374 0.000000 0.000000 1.000000 0.000000
0.999987 -0.005137 0.000000 404.689139 0.005137 0.999987 0.000000 3.155018 0.000000 0.000000 1.000000 0.000000
0.999987 -0.005146 0.000000 404.690584 0.005146 0.999987 0.000000 3.168916 0.000000 0.000000 1.000000 0.000000
0.999986 -0.005237 0.000000 404.706321 0.005237 0.999986 0.000000 3.197762 0.000000 0.000000 1.000000 0.000000
0.999988 -0.004945 0.000000 404.677829 0.004945 0.999988 0.000000 3.223811 0.000000 0.000000 1.000000 0.000000
0.999988 -0.004924 0.000000 404.693095 0.004924 0.999988 0.000000 3.195436 0.000000 0.000000 1.000000 0.000000
0.999990 -0.004481 0.000000 404.693750 0.004481 0.999990 0.000000 3.214950 0.000000 0.000000 1.000000 0.000000
0.999990 -0.004443 0.000000 404.697993 0.004443 0.999990 0.000000 3.197806 0.000000 0.000000 1.000000 0.000000
0.999990 -0.004475 0.000000 404.690892 0.004475 0.999990 0.000000 3.201874 0.000000 0.000000 1.000000 0.000000
0.999989 -0.004781 0.000000 404.690807 0.004781 0.999989 0.000000 3.199608 0.000000 0.000000 1.000000 0.000000
0.999985 -0.005429 0.000000 404.681353 0.005429 0.999985 0.000000 3.202447 0.000000 0.000000 1.000000 0.000000
0.999984 -0.005594 0.000000 404.691282 0.005594 0.999984 0.000000 3.194987 0.000000 0.000000 1.000000 0.000000
0.999987 -0.005163 0.000000 404.685600 0.005163 0.999987 0.000000 3.153982 0.000000 0.000000 1.000000 0.000000
0.999988 -0.004823 0.000000 404.680969 0.004823 0.999988 0.000000 3.170766 0.000000 0.000000 1.000000 0.000000
0.999988 -0.004911 0.000000 404.690000 0.004911 0.999988 0.000000 3.164385 0.000000 0.000000 1.000000 0.000000
0.999991 -0.004145 0.000000 404.684277 0.004145 0.999991 0.000000 3.177457 0.000000 0.000000 1.000000 0.000000
0.999992 -0.004014 0.000000 404.705933 0.004014 0.999992 0.000000 3.208450 0.000000 0.000000 1.000000 0.000000
0.999992 -0.004011 0.000000 404.714079 0.004011 0.999992 0.000000 3.194559 0.000000 0.000000 1.000000 0.000000
0.999990 -0.004388 0.000000 404.694055 0.004388 0.999990 0.000000 3.183126 0.000000 0.000000 1.000000 0.000000
0.999990 -0.004504 0.000000 404.702299 0.004504 0.999990 0.000000 3.169518 0.000000 0.000000 1.000000 0.000000
0.999988 -0.004903 0.000000 404.683833 0.004903 0.999988 0.000000 3.162942 0.000000 0.000000 1.000000 0.000000
0.999988 -0.004849 0.000000 404.702697 0.004849 0.999988 0.000000 3.157584 0.000000 0.000000 1.000000 0.000000
0.999989 -0.004720 0.000000 404.704679 0.004720 0.999989 0.000000 3.184519 0.000000 0.000000 1.000000 0.000000
0.999990 -0.004430 0.000000 404.677737 0.004430 0.999990 0.000000 3.168198 0.000000 0.000000 1.000000 0.000000
0.999988 -0.004800 0.000000 404.710911 0.004800 0.999988 0.000000 3.173753 0.000000 0.000000 1.000000 0.000000
0.999989 -0.004666 0.000000 404.693626 0.004666 0.999989 0.000000 3.151989 0.000000 0.000000 1.000000 0.000000
0.999989 -0.004715 0.000000 404.696000 0.004715 0.999989 0.000000 3.182598 0.000000 0.000000 1.000000 0.000000
0.999988 -0.004974 0.000000 404.710175 0.004974 0.999988 0.000000 3.155046 0.000000 0.000000 1.000000 0.000000
0.999989 -0.004722 0.000000 404.688091 0.004722 0.999989 0.000000 3.186543 0.000000 0.000000 1.000000 0.000000
0.999991 -0.004261 0.000000 404.720333 0.004261 0.999991 0.000000 3.209727 0.000000 0.000000 1.000000 0.000000
0.999990 -0.004478 0.000000 404.692961 0.004478 0.999990 0.000000 3.166042 0.000000 0.000000 1.000000 0.000000
0.999991 -0.004264 0.000000 404.677428 0.004264 0.999991 0.000000 3.206583 0.000000 0.000000 1.000000 0.000000
0.999989 -0.004638 0.000000 404.690636 0.004638 0.999989 0.000000 3.234602 0.000000 0.000000 1.000000 0.000000
0.999988 -0.004926 0.000000 404.704761 0.004926 0.999988 0.000000 3.210569 0.000000 0.000000 1.000000 0.000000
0.999988 -0.004893 0.000000 404.693860 0.004893 0.999988 0.000000 3.227343 0.000000 0.000000 1.000000 0.000000
0.999989 -0.004634 0.000000 404.680425 0.004634 0.999989 0.000000 3.211867 0.000000 0.000000 1.000000 0.000000
0.999991 -0.004154 0.000000 404.685723 0.004154 0.999991 0.000000 3.193502 0.000000 0.000000 1.000000 0.000000
0.999989 -0.004608 0.000000 404.697643 0.004608 0.999989 0.000000 3.195489 0.000000 0.000000 1.000000 0.000000
0.999991 -0.004318 0.000000 404.680769 0.004318 0.999991 0.000000 3.164144 0.000000 0.000000 1.000000 0.000000
0.999989 -0.004610 0.000000 404.675200 0.004610 0.999989 0.000000 3.191546 0.000000 0.000000 1.000000 0.000000
0.999989 -0.004710 0.000000 404.642998 0.004710 0.999989 0.000000 3.187149 0.000000 0.000000 1.000000 0.000000
0.999990 -0.004505 0.000000 404.675199 0.004505 0.999990 0.000000 3.179639 0.000000 0.000000 1.000000 0.000000
0.999990 -0.004575 0.000000 404.668171 0.004575 0.999990 0.000000 3.173101 0.000000 0.000000 1.000000 0.000000
0.999989 -0.004699 0.000000 404.684813 0.004699 0.999989 0.000000 3.161350 0.000000 0.000000 1.000000 0.000000
0.999989 -0.004781 0.000000 404.712680 0.004781 0.999989 0.000000 3.120778 0.000000 0.000000 1.000000 0.000000
0.999988 -0.004902 0.000000 404.704169 0.004902 0.999988 0.000000 3.125818 0.000000 0.000000 1.000000 0.000000
0.999989 -0.004789 0.000000 404.724991 0.004789 0.999989 0.000000 3.173920 0.000000 0.000000 1.000000 0.000000
0.999990 -0.004438 0.000000 404.690079 0.004438 0.999990 0.000000 3.128427 0.000000 0.000000 1.000000 0.000000
0.999989 -0.004599 0.000000 404.698121 0.004599 0.999989 0.000000 3.155113 0.000000 0.000000 1.000000 0.000000
0.999990 -0.004378 0.000000 404.661148 0.004378 0.999990 0.000000 3.109719 0.000000 0.000000 1.000000 0.000000
0.999991 -0.004146 0.000000 404.692815 0.004146 0.999991 0.000000 3.146359 0.000000 0.000000 1.000000 0.000000
0.999989 -0.004637 0.000000 404.686787 0.004637 0.999989 0.000000 3.136435 0.000000 0.000000 1.000000 0.000000
0.999990 -0.004511 0.000000 404.697012 0.004511 0.999990 0.000000 3.126008 0.000000 0.000000 1.000000 0.000000
0.999988 -0.004809 0.000000 404.685299 0.004809 0.999988 0.000000 3.139348 0.000000 0.000000 1.000000 0.000000
0.999990 -0.004444 0.000000 404.687796 0.004444 0.999990 0.000000 3.141013 0.000000 0.000000 1.000000 0.000000
0.999989 -0.004630 0.000000 404.688773 0.004630 0.999989 0.000000 3.145526 0.000000 0.000000 1.000000 0.000000
0.999990 -0.004553 0.000000 404.699356 0.004553 0.999990 0.000000 3.162169 0.000000 0.000000 1.000000 0.000000
0.999989 -0.004698 0.000000 404.716525 0.004698 0.999989 0.000000 3.167243 0.000000 0.000000 1.000000 0.000000
0.999989 -0.004700 0.000000 404.721627 0.004700 0.999989 0.000000 3.174056 0.000000 0.000000 1.000000 0.000000
0.999988 -0.004919 0.000000 404.721197 0.004919 0.999988 0.000000 3.160508 0.000000 0.000000 1.000000 0.000000
0.999989 -0.004762 0.000000 404.695026 0.004762 0.999989 0.000000 3.152385 0.000000 0.000000 1.000000 0.000000
0.999992 -0.004009 0.000000 404.693237 0.004009 0.999992 0.000000 3.156055 0.000000 0.000000 1.000000 0.000000
0.999988 -0.004853 0.000000 404.715217 0.004853 0.999988 0.000000 3.136114 0.000000 0.000000 1.000000 0.000000
0.999990 -0.004539 0.000000 404.685643 0.004539 0.999990 0.000000 3.153592 0.000000 0.000000 1.000000 0.000000
0.999990 -0.004489 0.000000 404.702138 0.004489 0.999990 0.000000 3.157577 0.000000 0.000000 1.000000 0.000000
0.999988 -0.004818 0.000000 404.681418 0.004818 0.999988 0.000000 3.135082 0.000000 0.000000 1.000000 0.000000
0.999988 -0.004829 0.000000 404.695464 0.004829 0.999988 0.000000 3.162152 0.000000 0.000000 1.000000 0.000000
0.999989 -0.004592 0.000000 404.689071 0.004592 0.999989 0.000000 3.156260 0.000000 0.000000 1.000000 0.000000
0.999990 -0.004410 0.000000 404.687677 0.004410 0.999990 0.000000 3.151496 0.000000 0.000000 1.000000 0.000000
0.999989 -0.004632 0.000000 404.707283 0.004632 0.999989 0.000000 3.174180 0.000000 0.000000 1.000000 0.000000
0.999988 -0.004868 0.000000 404.705455 0.004868 0.999988 0.000000 3.190003 0.000000 0.000000 1.000000 0.000000
0.999989 -0.004611 0.000000 404.695720 0.004611 0.999989 0.000000 3.166632 0.000000 0.000000 1.000000 0.000000
0.999992 -0.004084 0.000000 404.712800 0.004084 0.999992 0.000000 3.170044 0.000000 0.000000 1.000000 0.000000
0.999990 -0.004556 0.000000 404.688477 0.004556 0.999990 0.000000 3.197999 0.000000 0.000000 1.000000 0.000000
0.999989 -0.004680 0.000000 404.712227 0.004680 0.999989 0.000000 3.172449 0.000000 0.000000 1.000000 0.000000
0.999989 -0.004593 0.000000 404.704394 0.004593 0.999989 0.000000 3.192609 0.000000 0.000000 1.000000 0.000000
0.999990 -0.004540 0.000000 404.701761 0.004540 0.999990 0.000000 3.159446 0.000000 0.000000 1.000000 0.000000
0.999989 -0.004602 0.000000 404.708592 0.004602 0.999989 0.000000 3.193270 0.000000 0.000000 1.000000 0.000000
0.999989 -0.004680 0.000000 404.699787 0.004680 0.999989 0.000000 3.152526 0.000000 0.000000 1.000000 0.000000
0.999987 -0.005057 0.000000 404.693016 0.005057 0.999987 0.000000 3.173808 0.000000 0.000000 1.000000 0.000000
0.999987 -0.005114 0.000000 404.710228 0.005114 0.999987 0.000000 3.190275 0.000000 0.000000 1.000000 0.000000
0.999988 -0.004925 0.000000 404.777776 0.004925 0.999988 0.000000 3.189669 0.000000 0.000000 1.000000 0.000000
0.999988 -0.004828 0.000000 404.857682 0.004828 0.999988 0.000000 3.179375 0.000000 0.000000 1.000000 0.000000
0.999988 -0.004800 0.000000 404.960532 0.004800 0.999988 0.000000 3.163970 0.000000 0.000000 1.000000 0.000000
0.999987 -0.005120 0.000000 405.170233 0.005120 0.999987 0.000000 3.179856 0.000000 0.000000 1.000000 0.000000
0.999985 -0.005470 0.000000 405.436552 0.005470 0.999985 0.000000 3.194414 0.000000 0.000000 1.000000 0.000000
0.999989 -0.004735 0.000000 405.782176 0.004735 0.999989 0.000000 3.205571 0.000000 0.000000 1.000000 0.000000
0.999992 -0.004091 0.000000 406.222343 0.004091 0.999992 0.000000 3.159509 0.000000 0.000000 1.000000 0.000000
0.999994 -0.003479 0.000000 406.722886 0.003479 0.999994 0.000000 3.187418 0.000000 0.000000 1.000000 0.000000
0.999997 -0.002530 0.000000 407.311866 0.002530 0.999997 0.000000 3.200363 0.000000 0.000000 1.000000 0.000000
0.999994 -0.003358 0.000000 407.988919 0.003358 0.999994 0.000000 3.214436 0.000000 0.000000 1.000000 0.000000
0.999997 -0.002309 0.000000 408.799063 0.002309 0.999997 0.000000 3.222936 0.000000 0.000000 1.000000 0.000000
0.999999 -0.001233 0.000000 409.638768 0.001233 0.999999 0.000000 3.207907 0.000000 0.000000 1.000000 0.000000
0.999999 -0.001413 0.000000 410.593330 0.001413 0.999999 0.000000 3.222909 0.000000 0.000000 1.000000 0.000000
1.000000 -0.000569 0.000000 411.602638 0.000569 1.000000 0.000000 3.211534 0.000000 0.000000 1.000000 0.000000
1.000000 0.000310 0.000000 412.707081 -0.000310 1.000000 0.000000 3.250922 0.000000 0.000000 1.000000 0.000000
0.999999 0.001039 0.000000 413.877033 -0.001039 0.999999 0.000000 3.245547 0.000000 0.000000 1.000000 0.000000
0.999998 0.001926 0.000000 415.113288 -0.001926 0.999998 0.000000 3.277943 0.000000 0.000000 1.000000 0.000000
0.999995 0.003113 0.000000 416.409002 -0.003113 0.999995 0.000000 3.278056 0.000000 0.000000 1.000000 0.000000
0.999991 0.004321 0.000000 417.749988 -0.004321 0.999991 0.000000 3.271452 0.000000 0.000000 1.000000 0.000000
0.999988 0.004811 0.000000 419.101594 -0.004811 0.999988 0.000000 3.263589 0.000000 0.000000 1.000000 0.000000
0.999983 0.005767 0.000000 420.509377 -0.005767 0.999983 0.000000 3.315340 0.000000 0.000000 1.000000 0.000000
0.999976 0.006858 0.000000 421.957483 -0.006858 0.999976 0.000000 3.291709 0.000000 0.000000 1.000000 0.000000
0.999981 0.006229 0.000000 423.435704 -0.006229 0.999981 0.000000 3.277933 0.000000 0.000000 1.000000 0.000000
0.999976 0.006952 0.000000 424.909907 -0.006952 0.999976 0.000000 3.276349 0.000000 0.000000 1.000000 0.000000
0.999979 0.006412 0.000000 426.333756 -0.006412 0.999979 0.000000 3.275571 0.000000 0.000000 1.000000 0.000000
0.999979 0.006507 0.000000 427.785934 -0.006507 0.999979 0.000000 3.246951 0.000000 0.000000 1.000000 0.000000
0.999994 0.003472 0.000000 429.223264 -0.003472 0.999994 0.000000 3.267934 0.000000 0.000000 1.000000 0.000000
0.999988 -0.004816 0.000000 430.607974 0.004816 0.999988 0.000000 3.267060 0.000000 0.000000 1.000000 0.000000
0.999800 -0.020021 0.000000 432.012045 0.020021 0.999800 0.000000 3.294424 0.000000 0.000000 1.000000 0.000000
0.999133 -0.041628 0.000000 433.398808 0.041628 0.999133 0.000000 3.354497 0.000000 0.000000 1.000000 0.000000
0.997689 -0.067953 0.000000 434.782926 0.067953 0.997689 0.000000 3.480897 0.000000 0.000000 1.000000 0.000000
0.994594 -0.103842 0.000000 436.110612 0.103842 0.994594 0.000000 3.634073 0.000000 0.000000 1.000000 0.000000
0.989652 -0.143485 0.000000 437.464056 0.143485 0.989652 0.000000 3.904783 0.000000 0.000000 1.000000 0.000000
0.982120 -0.188254 0.000000 438.739152 0.188254 0.982120 0.000000 4.185816 0.000000 0.000000 1.000000 0.000000
0.970403 -0.241492 0.000000 440.000693 0.241492 0.970403 0.000000 4.531751 0.000000 0.000000 1.000000 0.000000
0.954145 -0.299345 0.000000 441.302258 0.299345 0.954145 0.000000 4.998529 0.000000 0.000000 1.000000 0.000000
0.933500 -0.358577 0.000000 442.506018 0.358577 0.933500 0.000000 5.512941 0.000000 0.000000 1.000000 0.000000
0.905509 -0.424326 0.000000 443.643945 0.424326 0.905509 0.000000 6.136913 0.000000 0.000000 1.000000 0.000000
0.870323 -0.492482 0.000000 444.742306 0.492482 0.870323 0.000000 6.866119 0.000000 0.000000 1.000000 0.000000
0.826843 -0.562432 0.000000 445.824870 0.562432 0.826843 0.000000 7.677201 0.000000 0.000000 1.000000 0.000000
0.775994 -0.630740 0.000000 446.826833 0.630740 0.775994 0.000000 8.626140 0.000000 0.000000 1.000000 0.000000
0.718650 -0.695372 0.000000 447.698437 0.695372 0.718650 0.000000 9.577122 0.000000 0.000000 1.000000 0.000000
0.656139 -0.754640 0.000000 448.592066 0.754640 0.656139 0.000000 10.639281 0.000000 0.000000 1.000000 0.000000
0.590806 -0.806814 0.000000 449.318078 0.806814 0.590806 0.000000 11.895872 0.000000 0.000000 1.000000 0.000000
0.526404 -0.850234 0.000000 450.009758 0.850234 0.526404 0.000000 13.120881 0.000000 0.000000 1.000000 0.000000
0.463297 -0.886203 0.000000 450.731333 0.886203 0.463297 0.000000 14.404288 0.000000 0.000000 1.000000 0.000000
0.396753 -0.917925 0.000000 451.094982 0.917925 0.396753 0.000000 15.745145 0.000000 0.000000 1.000000 0.000000
0.327842 -0.944733 0.000000 451.523061 0.944733 0.327842 0.000000 17.204793 0.000000 0.000000 1.000000 0.000000
0.252305 -0.967648 0.000000 451.807682 0.967648 0.252305 0.000000 18.678665 0.000000 0.000000 1.000000 0.000000
0.179545 -0.983750 0.000000 452.080508 0.983750 0.179545 0.000000 20.304353 0.000000 0.000000 1.000000 0.000000
0.129060 -0.991637 0.000000 452.194681 0.991637 0.129060 0.000000 22.153366 0.000000 0.000000 1.000000 0.000000
0.094358 -0.995538 0.000000 452.357173 0.995538 0.094358 0.000000 23.705461 0.000000 0.000000 1.000000 0.000000
0.067840 -0.997696 0.000000 452.450584 0.997696 0.067840 0.000000 25.390685 0.000000 0.000000 1.000000 0.000000
0.042708 -0.999088 0.000000 452.517301 0.999088 0.042708 0.000000 27.122235 0.000000 0.000000 1.000000 0.000000
0.021427 -0.999770 0.000000 452.545905 0.999770 0.021427 0.000000 29.001549 0.000000 0.000000 1.000000 0.000000
0.008911 -0.999960 0.000000 452.496389 0.999960 0.008911 0.000000 30.948777 0.000000 0.000000 1.000000 0.000000
0.000271 -1.000000 0.000000 452.507261 1.000000 0.000271 0.000000 32.867440 0.000000 0.000000 1.000000 0.000000
-0.003996 -0.999992 0.000000 452.522308 0.999992 -0.003996 0.000000 34.806620 0.000000 0.000000 1.000000 0.000000
-0.005530 -0.999985 0.000000 452.478460 0.999985 -0.005530 0.000000 36.853273 0.000000 0.000000 1.000000 0.000000
-0.006656 -0.999978 0.000000 452.471585 0.999978 -0.006656 0.000000 38.950725 0.000000 0.000000 1.000000 0.000000
-0.008812 -0.999961 0.000000 452.377720 0.999961 -0.008812 0.000000 41.054847 0.000000 0.000000 1.000000 0.000000
-0.009890 -0.999951 0.000000 452.388983 0.999951 -0.009890 0.000000 43.257391 0.000000 0.000000 1.000000 0.000000
-0.008948 -0.999960 0.000000 452.352891 0.999960 -0.008948 0.000000 45.448720 0.000000 0.000000 1.000000 0.000000
-0.007013 -0.999975 0.000000 452.411578 0.999975 -0.007013 0.000000 47.727349 0.000000 0.000000 1.000000 0.000000
-0.004576 -0.999990 0.000000 452.342714 0.999990 -0.004576 0.000000 50.026664 0.000000 0.000000 1.000000 0.000000
-0.001955 -0.999998 0.000000 452.292217 0.999998 -0.001955 0.000000 52.365600 0.000000 0.000000 1.000000 0.000000
