1.000000 0.000000 0.000000 0.000000 0.000000 1.000000 0.000000 0.000000 0.000000 0.000000 1.000000 0.000000
1.000000 -0.000046 0.000000 -0.000689 0.000046 1.000000 0.000000 0.000754 0.000000 0.000000 1.000000 0.000000
1.000000 -0.000065 0.000000 0.002912 0.000065 1.000000 0.000000 0.005582 0.000000 0.000000 1.000000 0.000000
1.000000 -0.000018 0.000000 -0.002061 0.000018 1.000000 0.000000 0.002737 0.000000 0.000000 1.000000 0.000000
1.000000 0.000080 0.000000 0.000949 -0.000080 1.000000 0.000000 -0.002544 0.000000 0.000000 1.000000 0.000000
1.000000 0.000249 0.000000 0.001426 -0.000249 1.000000 0.000000 -0.000586 0.000000 0.000000 1.000000 0.000000
1.000000 0.000135 0.000000 0.003217 -0.000135 1.000000 0.000000 -0.003468 0.000000 0.000000 1.000000 0.000000
1.000000 0.000057 0.000000 0.000818 -0.000057 1.000000 0.000000 0.000124 0.000000 0.000000 1.000000 0.000000
1.000000 0.000020 0.000000 -0.005061 -0.000020 1.000000 0.000000 -0.003281 0.000000 0.000000 1.000000 0.000000
1.000000 0.000129 0.000000 -0.003269 -0.000129 1.000000 0.000000 0.003831 0.000000 0.000000 1.000000 0.000000
1.000000 0.000049 0.000000 -0.003760 -0.000049 1.000000 0.000000 0.003336 0.000000 0.000000 1.000000 0.000000
1.000000 0.000033 0.000000 0.000024 -0.000033 1.000000 0.000000 0.002168 0.000000 0.000000 1.000000 0.000000
1.000000 -0.000063 0.000000 0.001815 0.000063 1.000000 0.000000 0.005596 0.000000 0.000000 1.000000 0.000000
1.000000 -0.000032 0.000000 -0.000216 0.000032 1.000000 0.000000 0.000687 0.000000 0.000000 1.000000 0.000000
1.000000 0.000081 0.000000 0.000532 -0.000081 1.000000 0.000000 0.006116 0.000000 0.000000 1.000000 0.000000
1.000000 0.000055 0.000000 -0.003340 -0.000055 1.000000 0.000000 0.008459 0.000000 0.000000 1.000000 0.000000
1.000000 0.000144 0.000000 -0.000035 -0.000144 1.000000 0.000000 0.005740 0.000000 0.000000 1.000000 0.000000
1.000000 0.000064 0.000000 -0.003545 -0.000064 1.000000 0.000000 -0.001748 0.000000 0.000000 1.000000 0.000000
1.000000 -0.000134 0.000000 -0.008721 0.000134 1.000000 0.000000 0.000528 0.000000 0.000000 1.000000 0.000000
1.000000 -0.000164 0.000000 -0.003598 0.000164 1.000000 0.000000 0.002414 0.000000 0.000000 1.000000 0.000000
1.000000 0.000038 0.000000 0.001839 -0.000038 1.000000 0.000000 0.002070 0.000000 0.000000 1.000000 0.000000
1.000000 0.000044 0.000000 -0.001057 -0.000044 1.000000 0.000000 -0.001593 0.000000 0.000000 1.000000 0.000000
1.000000 0.000030 0.000000 -0.000530 -0.000030 1.000000 0.000000 0.003064 0.000000 0.000000 1.000000 0.000000
1.000000 0.000094 0.000000 0.001071 -0.000094 1.000000 0.000000 0.000465 0.000000 0.000000 1.000000 0.000000
1.000000 0.000151 0.000000 0.002605 -0.000151 1.000000 0.000000 0.002832 0.000000 0.000000 1.000000 0.000000
1.000000 0.000037 0.000000 0.002369 -0.000037 1.000000 0.000000 -0.003985 0.000000 0.000000 1.000000 0.000000
1.000000 0.000084 0.000000 -0.001138 -0.000084 1.000000 0.000000 -0.001617 0.000000 0.000000 1.000000 0.000000
1.000000 0.000103 0.000000 0.000039 -0.000103 1.000000 0.000000 -0.002556 0.000000 0.000000 1.000000 0.000000
1.000000 0.000147 0.000000 0.004405 -0.000147 1.000000 0.000000 -0.006174 0.000000 0.000000 1.000000 0.000000
1.000000 0.000184 0.000000 -0.000176 -0.000184 1.000000 0.000000 -0.004222 0.000000 0.000000 1.000000 0.000000
1.000000 0.000081 0.000000 -0.000347 -0.000081 1.000000 0.000000 -0.003807 0.000000 0.000000 1.000000 0.000000
1.000000 0.000090 0.000000 -0.001535 -0.000090 1.000000 0.000000 -0.001094 0.000000 0.000000 1.000000 0.000000
1.000000 0.000058 0.000000 0.002068 -0.000058 1.000000 0.000000 0.002538 0.000000 0.000000 1.000000 0.000000
1.000000 0.000109 0.000000 -0.007300 -0.000109 1.000000 0.000000 -0.003406 0.000000 0.000000 1.000000 0.000000
1.000000 0.000124 0.000000 -0.007447 -0.000124 1.000000 0.000000 -0.001325 0.000000 0.000000 1.000000 0.000000
1.000000 0.000123 0.000000 -0.009246 -0.000123 1.000000 0.000000 -0.000595 0.000000 0.000000 1.000000 0.000000
1.000000 0.000136 0.000000 -0.001221 -0.000136 1.000000 0.000000 0.004665 0.000000 0.000000 1.000000 0.000000
1.000000 0.000068 0.000000 0.001388 -0.000068 1.000000 0.000000 0.000569 0.000000 0.000000 1.000000 0.000000
1.000000 -0.000018 0.000000 -0.002196 0.000018 1.000000 0.000000 0.000606 0.000000 0.000000 1.000000 0.000000
1.000000 -0.000041 0.000000 -0.002434 0.000041 1.000000 0.000000 -0.003232 0.000000 0.000000 1.000000 0.000000
1.000000 0.000074 0.000000 -0.006276 -0.000074 1.000000 0.000000 0.001150 0.000000 0.000000 1.000000 0.000000
1.000000 -0.000025 0.000000 -0.004612 0.000025 1.000000 0.000000 -0.000018 0.000000 0.000000 1.000000 0.000000
1.000000 0.000007 0.000000 0.000802 -0.000007 1.000000 0.000000 0.003209 0.000000 0.000000 1.000000 0.000000
1.000000 0.000093 0.000000 -0.003735 -0.000093 1.000000 0.000000 0.000838 0.000000 0.000000 1.000000 0.000000
1.000000 0.000180 0.000000 -0.003139 -0.000180 1.000000 0.000000 -0.005995 0.000000 0.000000 1.000000 0.000000
1.000000 0.000042 0.000000 -0.005050 -0.000042 1.000000 0.000000 -0.003526 0.000000 0.000000 1.000000 0.000000
1.000000 0.000078 0.000000 -0.004977 -0.000078 1.000000 0.000000 -0.000710 0.000000 0.000000 1.000000 0.000000
1.000000 -0.000044 0.000000 -0.006361 0.000044 1.000000 0.000000 -0.008417 0.000000 0.000000 1.000000 0.000000
1.000000 0.000061 0.000000 -0.002191 -0.000061 1.000000 0.000000 -0.002390 0.000000 0.000000 1.000000 0.000000
1.000000 0.000190 0.000000 -0.002228 -0.000190 1.000000 0.000000 -0.008137 0.000000 0.000000 1.000000 0.000000
1.000000 0.000098 0.000000 -0.001663 -0.000098 1.000000 0.000000 -0.006603 0.000000 0.000000 1.000000 0.000000
1.000000 0.000076 0.000000 -0.003251 -0.000076 1.000000 0.000000 -0.007824 0.000000 0.000000 1.000000 0.000000
1.000000 0.000017 0.000000 -0.002256 -0.000017 1.000000 0.000000 -0.006248 0.000000 0.000000 1.000000 0.000000
1.000000 0.000089 0.000000 -0.001724 -0.000089 1.000000 0.000000 -0.002316 0.000000 0.000000 1.000000 0.000000
1.000000 0.000137 0.000000 -0.002022 -0.000137 1.000000 0.000000 -0.002579 0.000000 0.000000 1.000000 0.000000
1.000000 0.000169 0.000000 -0.003168 -0.000169 1.000000 0.000000 -0.004397 0.000000 0.000000 1.000000 0.000000
1.000000 0.000163 0.000000 -0.002435 -0.000163 1.000000 0.000000 -0.001391 0.000000 0.000000 1.000000 0.000000
1.000000 0.000092 0.000000 -0.003172 -0.000092 1.000000 0.000000 -0.006142 0.000000 0.000000 1.000000 0.000000
1.000000 0.000020 0.000000 0.001178 -0.000020 1.000000 0.000000 -0.008568 0.000000 0.000000 1.000000 0.000000
1.000000 0.000013 0.000000 -0.002195 -0.000013 1.000000 0.000000 -0.002720 0.000000 0.000000 1.000000 0.000000
1.000000 0.000022 0.000000 -0.000686 -0.000022 1.000000 0.000000 -0.003384 0.000000 0.000000 1.000000 0.000000
1.000000 -0.000048 0.000000 -0.002232 0.000048 1.000000 0.000000 -0.003331 0.000000 0.000000 1.000000 0.000000
1.000000 -0.000090 0.000000 -0.005513 0.000090 1.000000 0.000000 0.000133 0.000000 0.000000 1.000000 0.000000
1.000000 0.000002 0.000000 -0.005066 -0.000002 1.000000 0.000000 -0.003380 0.000000 0.000000 1.000000 0.000000
1.000000 0.000081 0.000000 -0.003677 -0.000081 1.000000 0.000000 -0.004526 0.000000 0.000000 1.000000 0.000000
1.000000 0.000191 0.000000 -0.006003 -0.000191 1.000000 0.000000 -0.007417 0.000000 0.000000 1.000000 0.000000
1.000000 0.000092 0.000000 -0.003083 -0.000092 1.000000 0.000000 -0.005901 0.000000 0.000000 1.000000 0.000000
1.000000 0.000185 0.000000 -0.001997 -0.000185 1.000000 0.000000 -0.006156 0.000000 0.000000 1.000000 0.000000
1.000000 0.000114 0.000000 -0.002456 -0.000114 1.000000 0.000000 -0.001354 0.000000 0.000000 1.000000 0.000000
1.000000 0.000193 0.000000 -0.004118 -0.000193 1.000000 0.000000 -0.000981 0.000000 0.000000 1.000000 0.000000
1.000000 0.000110 0.000000 -0.005101 -0.000110 1.000000 0.000000 -0.001355 0.000000 0.000000 1.000000 0.000000
1.000000 0.000083 0.000000 -0.001919 -0.000083 1.000000 0.000000 -0.000918 0.000000 0.000000 1.000000 0.000000
1.000000 0.000049 0.000000 -0.002006 -0.000049 1.000000 0.000000 -0.002837 0.000000 0.000000 1.000000 0.000000
1.000000 0.000041 0.000000 -0.004167 -0.000041 1.000000 0.000000 0.000969 0.000000 0.000000 1.000000 0.000000
1.000000 0.000153 0.000000 -0.001619 -0.000153 1.000000 0.000000 -0.001751 0.000000 0.000000 1.000000 0.000000
1.000000 0.000124 0.000000 0.001473 -0.000124 1.000000 0.000000 -0.002571 0.000000 0.000000 1.000000 0.000000
1.000000 0.000107 0.000000 0.000389 -0.000107 1.000000 0.000000 -0.001241 0.000000 0.000000 1.000000 0.000000
1.000000 0.000146 0.000000 0.003001 -0.000146 1.000000 0.000000 -0.004459 0.000000 0.000000 1.000000 0.000000
1.000000 0.000188 0.000000 -0.002539 -0.000188 1.000000 0.000000 -0.005117 0.000000 0.000000 1.000000 0.000000
1.000000 0.000186 0.000000 -0.002270 -0.000186 1.000000 0.000000 -0.001918 0.000000 0.000000 1.000000 0.000000
1.000000 0.000119 0.000000 -0.001001 -0.000119 1.000000 0.000000 -0.002549 0.000000 0.000000 1.000000 0.000000
1.000000 0.000090 0.000000 0.002456 -0.000090 1.000000 0.000000 -0.003741 0.000000 0.000000 1.000000 0.000000
1.000000 0.000071 0.000000 0.000989 -0.000071 1.000000 0.000000 -0.005407 0.000000 0.000000 1.000000 0.000000
1.000000 0.000015 0.000000 0.001237 -0.000015 1.000000 0.000000 -0.003416 0.000000 0.000000 1.000000 0.000000
1.000000 -0.000081 0.000000 -0.003323 0.000081 1.000000 0.000000 -0.003196 0.000000 0.000000 1.000000 0.000000
1.000000 0.000080 0.000000 -0.003742 -0.000080 1.000000 0.000000 -0.002752 0.000000 0.000000 1.000000 0.000000
1.000000 -0.000076 0.000000 -0.000776 0.000076 1.000000 0.000000 -0.003869 0.000000 0.000000 1.000000 0.000000
1.000000 -0.000024 0.000000 -0.004954 0.000024 1.000000 0.000000 -0.002702 0.000000 0.000000 1.000000 0.000000
1.000000 0.000125 0.000000 -0.004266 -0.000125 1.000000 0.000000 -0.005317 0.000000 0.000000 1.000000 0.000000
1.000000 0.000111 0.000000 -0.005501 -0.000111 1.000000 0.000000 -0.004181 0.000000 0.000000 1.000000 0.000000
1.000000 0.000068 0.000000 -0.006567 -0.000068 1.000000 0.000000 -0.007665 0.000000 0.000000 1.000000 0.000000
1.000000 0.000096 0.000000 0.000617 -0.000096 1.000000 0.000000 -0.002961 0.000000 0.000000 1.000000 0.000000
1.000000 -0.000022 0.000000 -0.001236 0.000022 1.000000 0.000000 -0.003438 0.000000 0.000000 1.000000 0.000000
1.000000 0.000006 0.000000 -0.001783 -0.000006 1.000000 0.000000 -0.003410 0.000000 0.000000 1.000000 0.000000
1.000000 0.000051 0.000000 0.000154 -0.000051 1.000000 0.000000 -0.002006 0.000000 0.000000 1.000000 0.000000
1.000000 0.000018 0.000000 0.001500 -0.000018 1.000000 0.000000 -0.000474 0.000000 0.000000 1.000000 0.000000
1.000000 -0.000050 0.000000 0.000261 0.000050 1.000000 0.000000 -0.002817 0.000000 0.000000 1.000000 0.000000
1.000000 0.000037 0.000000 0.000409 -0.000037 1.000000 0.000000 0.000521 0.000000 0.000000 1.000000 0.000000
1.000000 0.000029 0.000000 -0.000714 -0.000029 1.000000 0.000000 -0.004486 0.000000 0.000000 1.000000 0.000000
1.000000 0.000069 0.000000 -0.004133 -0.000069 1.000000 0.000000 0.000423 0.000000 0.000000 1.000000 0.000000
1.000000 0.000004 0.000000 -0.002077 -0.000004 1.000000 0.000000 -0.000893 0.000000 0.000000 1.000000 0.000000
1.000000 0.000018 0.000000 -0.001862 -0.000018 1.000000 0.000000 -0.001910 0.000000 0.000000 1.000000 0.000000
1.000000 0.000096 0.000000 -0.000327 -0.000096 1.000000 0.000000 -0.002097 0.000000 0.000000 1.000000 0.000000
1.000000 0.000076 0.000000 0.000511 -0.000076 1.000000 0.000000 -0.001261 0.000000 0.000000 1.000000 0.000000
1.000000 0.000130 0.000000 0.002310 -0.000130 1.000000 0.000000 -0.001320 0.000000 0.000000 1.000000 0.000000
1.000000 0.000149 0.000000 -0.000247 -0.000149 1.000000 0.000000 -0.000124 0.000000 0.000000 1.000000 0.000000
1.000000 0.000077 0.000000 -0.000821 -0.000077 1.000000 0.000000 -0.009907 0.000000 0.000000 1.000000 0.000000
1.000000 0.000025 0.000000 -0.004121 -0.000025 1.000000 0.000000 -0.006441 0.000000 0.000000 1.000000 0.000000
1.000000 0.000159 0.000000 -0.004663 -0.000159 1.000000 0.000000 -0.007869 0.000000 0.000000 1.000000 0.000000
1.000000 0.000185 0.000000 -0.003072 -0.000185 1.000000 0.000000 -0.003326 0.000000 0.000000 1.000000 0.000000
1.000000 0.000017 0.000000 -0.000762 -0.000017 1.000000 0.000000 -0.004156 0.000000 0.000000 1.000000 0.000000
1.000000 0.000116 0.000000 -0.002783 -0.000116 1.000000 0.000000 -0.006858 0.000000 0.000000 1.000000 0.000000
1.000000 0.000175 0.000000 -0.006566 -0.000175 1.000000 0.000000 -0.001276 0.000000 0.000000 1.000000 0.000000
1.000000 0.000065 0.000000 -0.004607 -0.000065 1.000000 0.000000 -0.002954 0.000000 0.000000 1.000000 0.000000
1.000000 0.000247 0.000000 -0.001860 -0.000247 1.000000 0.000000 0.001916 0.000000 0.000000 1.000000 0.000000
1.000000 0.000214 0.000000 -0.002267 -0.000214 1.000000 0.000000 0.001303 0.000000 0.000000 1.000000 0.000000
1.000000 0.000100 0.000000 -0.004524 -0.000100 1.000000 0.000000 0.003947 0.000000 0.000000 1.000000 0.000000
1.000000 0.000132 0.000000 -0.000273 -0.000132 1.000000 0.000000 -0.002558 0.000000 0.000000 1.000000 0.000000
1.000000 0.000144 0.000000 0.003601 -0.000144 1.000000 0.000000 -0.000182 0.000000 0.000000 1.000000 0.000000
1.000000 0.000147 0.000000 -0.002886 -0.000147 1.000000 0.000000 -0.002979 0.000000 0.000000 1.000000 0.000000
1.000000 0.000175 0.000000 -0.001957 -0.000175 1.000000 0.000000 -0.001238 0.000000 0.000000 1.000000 0.000000
1.000000 0.000226 0.000000 -0.002856 -0.000226 1.000000 0.000000 0.000208 0.000000 0.000000 1.000000 0.000000
1.000000 0.000026 0.000000 0.002868 -0.000026 1.000000 0.000000 0.002488 0.000000 0.000000 1.000000 0.000000
1.000000 0.000116 0.000000 -0.003490 -0.000116 1.000000 0.000000 -0.000857 0.000000 0.000000 1.000000 0.000000
1.000000 0.000159 0.000000 -0.001982 -0.000159 1.000000 0.000000 0.003016 0.000000 0.000000 1.000000 0.000000
1.000000 0.000166 0.000000 -0.000743 -0.000166 1.000000 0.000000 0.001157 0.000000 0.000000 1.000000 0.000000
1.000000 0.000159 0.000000 -0.002380 -0.000159 1.000000 0.000000 -0.002406 0.000000 0.000000 1.000000 0.000000
1.000000 0.000118 0.000000 -0.000456 -0.000118 1.000000 0.000000 -0.001171 0.000000 0.000000 1.000000 0.000000
1.000000 0.000067 0.000000 -0.001612 -0.000067 1.000000 0.000000 0.000523 0.000000 0.000000 1.000000 0.000000
1.000000 0.000187 0.000000 0.001956 -0.000187 1.000000 0.000000 -0.001008 0.000000 0.000000 1.000000 0.000000
1.000000 0.000184 0.000000 -0.001047 -0.000184 1.000000 0.000000 -0.003086 0.000000 0.000000 1.000000 0.000000
1.000000 0.000136 0.000000 -0.002165 -0.000136 1.000000 0.000000 -0.000987 0.000000 0.000000 1.000000 0.000000
1.000000 0.000128 0.000000 -0.004255 -0.000128 1.000000 0.000000 -0.004412 0.000000 0.000000 1.000000 0.000000
1.000000 0.000173 0.000000 0.001534 -0.000173 1.000000 0.000000 -0.005051 0.000000 0.000000 1.000000 0.000000
1.000000 0.000128 0.000000 -0.001767 -0.000128 1.000000 0.000000 -0.000532 0.000000 0.000000 1.000000 0.000000
1.000000 0.000184 0.000000 -0.002604 -0.000184 1.000000 0.000000 -0.000194 0.000000 0.000000 1.000000 0.000000
1.000000 0.000199 0.000000 0.000261 -0.000199 1.000000 0.000000 -0.000186 0.000000 0.000000 1.000000 0.000000
1.000000 0.000133 0.000000 -0.003249 -0.000133 1.000000 0.000000 -0.006869 0.000000 0.000000 1.000000 0.000000
1.000000 0.000086 0.000000 0.002335 -0.000086 1.000000 0.000000 -0.004261 0.000000 0.000000 1.000000 0.000000
1.000000 0.000100 0.000000 0.003586 -0.000100 1.000000 0.000000 0.007818 0.000000 0.000000 1.000000 0.000000
1.000000 0.000184 0.000000 0.007700 -0.000184 1.000000 0.000000 0.002398 0.000000 0.000000 1.000000 0.000000
1.000000 0.000206 0.000000 0.001099 -0.000206 1.000000 0.000000 0.003203 0.000000 0.000000 1.000000 0.000000
1.000000 0.000286 0.000000 0.008861 -0.000286 1.000000 0.000000 0.001160 0.000000 0.000000 1.000000 0.000000
1.000000 0.000214 0.000000 0.005489 -0.000214 1.000000 0.000000 -0.001276 0.000000 0.000000 1.000000 0.000000
1.000000 0.000060 0.000000 0.004272 -0.000060 1.000000 0.000000 -0.001189 0.000000 0.000000 1.000000 0.000000
1.000000 0.000137 0.000000 -0.000494 -0.000137 1.000000 0.000000 -0.002554 0.000000 0.000000 1.000000 0.000000
1.000000 0.000096 0.000000 -0.000658 -0.000096 1.000000 0.000000 -0.005558 0.000000 0.000000 1.000000 0.000000
1.000000 0.000005 0.000000 -0.002537 -0.000005 1.000000 0.000000 0.001969 0.000000 0.000000 1.000000 0.000000
1.000000 0.000079 0.000000 -0.004087 -0.000079 1.000000 0.000000 -0.004244 0.000000 0.000000 1.000000 0.000000
1.000000 0.000052 0.000000 -0.004800 -0.000052 1.000000 0.000000 -0.005558 0.000000 0.000000 1.000000 0.000000
1.000000 0.000037 0.000000 -0.006096 -0.000037 1.000000 0.000000 -0.005073 0.000000 0.000000 1.000000 0.000000
1.000000 0.000031 0.000000 0.002345 -0.000031 1.000000 0.000000 -0.008553 0.000000 0.000000 1.000000 0.000000
1.000000 -0.000017 0.000000 -0.002809 0.000017 1.000000 0.000000 -0.011673 0.000000 0.000000 1.000000 0.000000
1.000000 -0.000052 0.000000 0.003386 0.000052 1.000000 0.000000 -0.012476 0.000000 0.000000 1.000000 0.000000
1.000000 0.000076 0.000000 0.004254 -0.000076 1.000000 0.000000 -0.011655 0.000000 0.000000 1.000000 0.000000
1.000000 0.000190 0.000000 0.002160 -0.000190 1.000000 0.000000 -0.006060 0.000000 0.000000 1.000000 0.000000
1.000000 0.000003 0.000000 0.000262 -0.000003 1.000000 0.000000 -0.005982 0.000000 0.000000 1.000000 0.000000
1.000000 0.000008 0.000000 -0.001605 -0.000008 1.000000 0.000000 -0.003601 0.000000 0.000000 1.000000 0.000000
1.000000 -0.000022 0.000000 -0.000665 0.000022 1.000000 0.000000 -0.005745 0.000000 0.000000 1.000000 0.000000
1.000000 0.000180 0.000000 -0.001284 -0.000180 1.000000 0.000000 -0.005949 0.000000 0.000000 1.000000 0.000000
1.000000 0.000170 0.000000 -0.001516 -0.000170 1.000000 0.000000 -0.007890 0.000000 0.000000 1.000000 0.000000
1.000000 0.000088 0.000000 -0.005126 -0.000088 1.000000 0.000000 0.000254 0.000000 0.000000 1.000000 0.000000
1.000000 0.000040 0.000000 0.001696 -0.000040 1.000000 0.000000 -0.005356 0.000000 0.000000 1.000000 0.000000
1.000000 -0.000046 0.000000 0.001616 0.000046 1.000000 0.000000 -0.006801 0.000000 0.000000 1.000000 0.000000
1.000000 -0.000080 0.000000 0.001153 0.000080 1.000000 0.000000 -0.002163 0.000000 0.000000 1.000000 0.000000
1.000000 -0.000199 0.000000 0.001702 0.000199 1.000000 0.000000 -0.005864 0.000000 0.000000 1.000000 0.000000
1.000000 -0.000022 0.000000 -0.001173 0.000022 1.000000 0.000000 -0.002560 0.000000 0.000000 1.000000 0.000000
1.000000 0.000042 0.000000 0.000514 -0.000042 1.000000 0.000000 -0.004893 0.000000 0.000000 1.000000 0.000000
1.000000 -0.000083 0.000000 -0.003447 0.000083 1.000000 0.000000 -0.004637 0.000000 0.000000 1.000000 0.000000
1.000000 0.000022 0.000000 -0.003033 -0.000022 1.000000 0.000000 -0.006939 0.000000 0.000000 1.000000 0.000000
1.000000 0.000002 0.000000 -0.000644 -0.000002 1.000000 0.000000 -0.004569 0.000000 0.000000 1.000000 0.000000
1.000000 0.000068 0.000000 -0.002053 -0.000068 1.000000 0.000000 -0.003261 0.000000 0.000000 1.000000 0.000000
1.000000 0.000103 0.000000 -0.002408 -0.000103 1.000000 0.000000 -0.006696 0.000000 0.000000 1.000000 0.000000
1.000000 0.000041 0.000000 -0.002689 -0.000041 1.000000 0.000000 -0.006909 0.000000 0.000000 1.000000 0.000000
1.000000 -0.000005 0.000000 0.004479 0.000005 1.000000 0.000000 -0.005543 0.000000 0.000000 1.000000 0.000000
1.000000 -0.000038 0.000000 -0.002338 0.000038 1.000000 0.000000 -0.006679 0.000000 0.000000 1.000000 0.000000
1.000000 0.000071 0.000000 0.000054 -0.000071 1.000000 0.000000 -0.004511 0.000000 0.000000 1.000000 0.000000
1.000000 0.000142 0.000000 -0.002204 -0.000142 1.000000 0.000000 -0.002132 0.000000 0.000000 1.000000 0.000000
1.000000 0.000094 0.000000 0.000976 -0.000094 1.000000 0.000000 -0.002188 0.000000 0.000000 1.000000 0.000000
1.000000 0.000023 0.000000 -0.000548 -0.000023 1.000000 0.000000 -0.006374 0.000000 0.000000 1.000000 0.000000
1.000000 0.000175 0.000000 -0.003810 -0.000175 1.000000 0.000000 -0.007108 0.000000 0.000000 1.000000 0.000000
1.000000 0.000039 0.000000 0.001722 -0.000039 1.000000 0.000000 -0.005754 0.000000 0.000000 1.000000 0.000000
1.000000 0.000000 0.000000 0.001119 -0.000000 1.000000 0.000000 -0.004439 0.000000 0.000000 1.000000 0.000000
1.000000 0.000096 0.000000 -0.001069 -0.000096 1.000000 0.000000 -0.002815 0.000000 0.000000 1.000000 0.000000
1.000000 0.000083 0.000000 -0.001612 -0.000083 1.000000 0.000000 -0.004516 0.000000 0.000000 1.000000 0.000000
1.000000 0.000047 0.000000 0.000168 -0.000047 1.000000 0.000000 -0.006233 0.000000 0.000000 1.000000 0.000000
1.000000 0.000065 0.000000 -0.002367 -0.000065 1.000000 0.000000 -0.008707 0.000000 0.000000 1.000000 0.000000
1.000000 0.000077 0.000000 -0.002906 -0.000077 1.000000 0.000000 -0.004210 0.000000 0.000000 1.000000 0.000000
1.000000 -0.000020 0.000000 -0.003210 0.000020 1.000000 0.000000 -0.006859 0.000000 0.000000 1.000000 0.000000
1.000000 -0.000026 0.000000 -0.000741 0.000026 1.000000 0.000000 -0.003229 0.000000 0.000000 1.000000 0.000000
1.000000 0.000099 0.000000 -0.005512 -0.000099 1.000000 0.000000 -0.010567 0.000000 0.000000 1.000000 0.000000
1.000000 0.000240 0.000000 -0.004307 -0.000240 1.000000 0.000000 -0.010036 0.000000 0.000000 1.000000 0.000000
1.000000 0.000075 0.000000 -0.000290 -0.000075 1.000000 0.000000 -0.005227 0.000000 0.000000 1.000000 0.000000
1.000000 0.000051 0.000000 -0.005810 -0.000051 1.000000 0.000000 -0.007234 0.000000 0.000000 1.000000 0.000000
1.000000 0.000008 0.000000 -0.001507 -0.000008 1.000000 0.000000 -0.008816 0.000000 0.000000 1.000000 0.000000
1.000000 -0.000019 0.000000 -0.002449 0.000019 1.000000 0.000000 -0.005069 0.000000 0.000000 1.000000 0.000000
1.000000 0.000041 0.000000 -0.001516 -0.000041 1.000000 0.000000 -0.008061 0.000000 0.000000 1.000000 0.000000
1.000000 0.000050 0.000000 -0.003218 -0.000050 1.000000 0.000000 -0.005573 0.000000 0.000000 1.000000 0.000000
1.000000 0.000001 0.000000 0.000345 -0.000001 1.000000 0.000000 -0.009777 0.000000 0.000000 1.000000 0.000000
1.000000 0.000092 0.000000 0.000519 -0.000092 1.000000 0.000000 -0.014864 0.000000 0.000000 1.000000 0.000000
1.000000 -0.000016 0.000000 -0.003555 0.000016 1.000000 0.000000 -0.007017 0.000000 0.000000 1.000000 0.000000
1.000000 0.000128 0.000000 0.000153 -0.000128 1.000000 0.000000 -0.003599 0.000000 0.000000 1.000000 0.000000
1.000000 0.000062 0.000000 -0.004928 -0.000062 1.000000 0.000000 -0.009956 0.000000 0.000000 1.000000 0.000000
1.000000 0.000029 0.000000 -0.003171 -0.000029 1.000000 0.000000 -0.005208 0.000000 0.000000 1.000000 0.000000
1.000000 -0.000061 0.000000 -0.003652 0.000061 1.000000 0.000000 -0.007696 0.000000 0.000000 1.000000 0.000000
1.000000 -0.000142 0.000000 0.000366 0.000142 1.000000 0.000000 -0.005802 0.000000 0.000000 1.000000 0.000000
1.000000 -0.000046 0.000000 -0.001417 0.000046 1.000000 0.000000 -0.008994 0.000000 0.000000 1.000000 0.000000
1.000000 -0.000044 0.000000 -0.004066 0.000044 1.000000 0.000000 -0.006909 0.000000 0.000000 1.000000 0.000000
1.000000 -0.000051 0.000000 -0.002716 0.000051 1.000000 0.000000 -0.009673 0.000000 0.000000 1.000000 0.000000
1.000000 0.000076 0.000000 -0.001698 -0.000076 1.000000 0.000000 -0.010837 0.000000 0.000000 1.000000 0.000000
1.000000 -0.000001 0.000000 -0.004104 0.000001 1.000000 0.000000 -0.009930 0.000000 0.000000 1.000000 0.000000
1.000000 0.000122 0.000000 -0.005241 -0.000122 1.000000 0.000000 -0.014657 0.000000 0.000000 1.000000 0.000000
1.000000 0.000043 0.000000 -0.000597 -0.000043 1.000000 0.000000 -0.010734 0.000000 0.000000 1.000000 0.000000
1.000000 0.000085 0.000000 -0.006785 -0.000085 1.000000 0.000000 -0.012656 0.000000 0.000000 1.000000 0.000000
1.000000 0.000036 0.000000 -0.006864 -0.000036 1.000000 0.000000 -0.011126 0.000000 0.000000 1.000000 0.000000
1.000000 0.000041 0.000000 -0.000074 -0.000041 1.000000 0.000000 -0.013152 0.000000 0.000000 1.000000 0.000000
1.000000 0.000105 0.000000 -0.003539 -0.000105 1.000000 0.000000 -0.011372 0.000000 0.000000 1.000000 0.000000
1.000000 0.000157 0.000000 -0.001605 -0.000157 1.000000 0.000000 -0.006357 0.000000 0.000000 1.000000 0.000000
1.000000 0.000113 0.000000 -0.004773 -0.000113 1.000000 0.000000 -0.007561 0.000000 0.000000 1.000000 0.000000
1.000000 0.000129 0.000000 -0.001103 -0.000129 1.000000 0.000000 -0.005161 0.000000 0.000000 1.000000 0.000000
1.000000 0.000129 0.000000 -0.001807 -0.000129 1.000000 0.000000 -0.005082 0.000000 0.000000 1.000000 0.000000
1.000000 0.000064 0.000000 -0.005774 -0.000064 1.000000 0.000000 -0.002448 0.000000 0.000000 1.000000 0.000000
1.000000 -0.000037 0.000000 0.001198 0.000037 1.000000 0.000000 -0.004950 0.000000 0.000000 1.000000 0.000000
1.000000 -0.000022 0.000000 -0.000987 0.000022 1.000000 0.000000 -0.000647 0.000000 0.000000 1.000000 0.000000
1.000000 -0.000067 0.000000 -0.002277 0.000067 1.000000 0.000000 -0.005363 0.000000 0.000000 1.000000 0.000000
1.000000 0.000025 0.000000 -0.007274 -0.000025 1.000000 0.000000 -0.007940 0.000000 0.000000 1.000000 0.000000
1.000000 -0.000058 0.000000 0.001466 0.000058 1.000000 0.000000 -0.009695 0.000000 0.000000 1.000000 0.000000
1.000000 -0.000237 0.000000 0.000785 0.000237 1.000000 0.000000 -0.005435 0.000000 0.000000 1.000000 0.000000
1.000000 -0.000329 0.000000 -0.004329 0.000329 1.000000 0.000000 -0.008365 0.000000 0.000000 1.000000 0.000000
1.000000 0.000029 0.000000 -0.003348 -0.000029 1.000000 0.000000 -0.003065 0.000000 0.000000 1.000000 0.000000
1.000000 -0.000048 0.000000 -0.007824 0.000048 1.000000 0.000000 -0.007697 0.000000 0.000000 1.000000 0.000000
1.000000 -0.000207 0.000000 -0.007300 0.000207 1.000000 0.000000 -0.002223 0.000000 0.000000 1.000000 0.000000
1.000000 -0.000222 0.000000 -0.003792 0.000222 1.000000 0.000000 -0.006138 0.000000 0.000000 1.000000 0.000000
1.000000 0.000026 0.000000 -0.006090 -0.000026 1.000000 0.000000 -0.004913 0.000000 0.000000 1.000000 0.000000
1.000000 -0.000112 0.000000 0.002021 0.000112 1.000000 0.000000 -0.001608 0.000000 0.000000 1.000000 0.000000
1.000000 0.000082 0.000000 0.001452 -0.000082 1.000000 0.000000 -0.004841 0.000000 0.000000 1.000000 0.000000
1.000000 0.000096 0.000000 -0.004771 -0.000096 1.000000 0.000000 -0.008269 0.000000 0.000000 1.000000 0.000000
1.000000 0.000026 0.000000 -0.004469 -0.000026 1.000000 0.000000 -0.005107 0.000000 0.000000 1.000000 0.000000
1.000000 0.000262 0.000000 -0.001331 -0.000262 1.000000 0.000000 -0.010208 0.000000 0.000000 1.000000 0.000000
1.000000 -0.000063 0.000000 -0.000344 0.000063 1.000000 0.000000 0.000487 0.000000 0.000000 1.000000 0.000000
1.000000 0.000077 0.000000 -0.001053 -0.000077 1.000000 0.000000 -0.008552 0.000000 0.000000 1.000000 0.000000
1.000000 0.000124 0.000000 -0.004093 -0.000124 1.000000 0.000000 -0.005810 0.000000 0.000000 1.000000 0.000000
1.000000 0.000209 0.000000 -0.006547 -0.000209 1.000000 0.000000 -0.001759 0.000000 0.000000 1.000000 0.000000
1.000000 0.000164 0.000000 -0.004077 -0.000164 1.000000 0.000000 -0.001346 0.000000 0.000000 1.000000 0.000000
1.000000 0.000108 0.000000 -0.005813 -0.000108 1.000000 0.000000 -0.000163 0.000000 0.000000 1.000000 0.000000
1.000000 -0.000033 0.000000 0.000341 0.000033 1.000000 0.000000 0.000172 0.000000 0.000000 1.000000 0.000000
1.000000 0.000050 0.000000 -0.003978 -0.000050 1.000000 0.000000 -0.002469 0.000000 0.000000 1.000000 0.000000
1.000000 -0.000050 0.000000 -0.009903 0.000050 1.000000 0.000000 -0.000126 0.000000 0.000000 1.000000 0.000000
1.000000 -0.000108 0.000000 -0.004139 0.000108 1.000000 0.000000 -0.002780 0.000000 0.000000 1.000000 0.000000
1.000000 0.000075 0.000000 -0.003651 -0.000075 1.000000 0.000000 -0.000747 0.000000 0.000000 1.000000 0.000000
1.000000 -0.000082 0.000000 -0.000423 0.000082 1.000000 0.000000 -0.000625 0.000000 0.000000 1.000000 0.000000
1.000000 -0.000034 0.000000 -0.004282 0.000034 1.000000 0.000000 -0.002081 0.000000 0.000000 1.000000 0.000000
1.000000 0.000043 0.000000 -0.004505 -0.000043 1.000000 0.000000 -0.005791 0.000000 0.000000 1.000000 0.000000
1.000000 -0.000006 0.000000 -0.008831 0.000006 1.000000 0.000000 -0.009179 0.000000 0.000000 1.000000 0.000000
1.000000 -0.000137 0.000000 -0.006014 0.000137 1.000000 0.000000 -0.001957 0.000000 0.000000 1.000000 0.000000
1.000000 -0.000222 0.000000 -0.007723 0.000222 1.000000 0.000000 0.000207 0.000000 0.000000 1.000000 0.000000
1.000000 0.000018 0.000000 -0.006996 -0.000018 1.000000 0.000000 -0.001396 0.000000 0.000000 1.000000 0.000000
1.000000 0.000126 0.000000 -0.008525 -0.000126 1.000000 0.000000 -0.004530 0.000000 0.000000 1.000000 0.000000
1.000000 0.000018 0.000000 -0.003793 -0.000018 1.000000 0.000000 -0.004375 0.000000 0.000000 1.000000 0.000000
1.000000 -0.000171 0.000000 -0.004881 0.000171 1.000000 0.000000 -0.006711 0.000000 0.000000 1.000000 0.000000
1.000000 -0.000881 0.000000 -0.003171 0.000881 1.000000 0.000000 -0.003225 0.000000 0.000000 1.000000 0.000000
0.999998 -0.002202 0.000000 0.010685 0.002202 0.999998 0.000000 -0.000802 0.000000 0.000000 1.000000 0.000000
0.999990 -0.004460 0.000000 0.039572 0.004460 0.999990 0.000000 -0.011446 0.000000 0.000000 1.000000 0.000000
0.999955 -0.009477 0.000000 0.092387 0.009477 0.999955 0.000000 -0.016150 0.000000 0.000000 1.000000 0.000000
0.999853 -0.017138 0.000000 0.151020 0.017138 0.999853 0.000000 0.019358 0.000000 0.000000 1.000000 0.000000
0.999611 -0.027877 0.000000 0.236363 0.027877 0.999611 0.000000 0.005296 0.000000 0.000000 1.000000 0.000000
0.999009 -0.044513 0.000000 0.410941 0.044513 0.999009 0.000000 0.011883 0.000000 0.000000 1.000000 0.000000
0.997628 -0.068834 0.000000 0.603108 0.068834 0.997628 0.000000 0.077334 0.000000 0.000000 1.000000 0.000000
0.995237 -0.097483 0.000000 0.812735 0.097483 0.995237 0.000000 0.110042 0.000000 0.000000 1.000000 0.000000
0.991344 -0.131292 0.000000 1.102541 0.131292 0.991344 0.000000 0.165755 0.000000 0.000000 1.000000 0.000000
0.985818 -0.167818 0.000000 1.405722 0.167818 0.985818 0.000000 0.272973 0.000000 0.000000 1.000000 0.000000
0.978285 -0.207263 0.000000 1.759753 0.207263 0.978285 0.000000 0.342124 0.000000 0.000000 1.000000 0.000000
0.970195 -0.242325 0.000000 2.194670 0.242325 0.970195 0.000000 0.466963 0.000000 0.000000 1.000000 0.000000
0.962500 -0.271280 0.000000 2.687403 0.271280 0.962500 0.000000 0.587610 0.000000 0.000000 1.000000 0.000000
0.957127 -0.289669 0.000000 3.298030 0.289669 0.957127 0.000000 0.681181 0.000000 0.000000 1.000000 0.000000
0.956128 -0.292948 0.000000 3.899053 0.292948 0.956128 0.000000 0.850906 0.000000 0.000000 1.000000 0.000000
0.958945 -0.283592 0.000000 4.632172 0.283592 0.958945 0.000000 1.013671 0.000000 0.000000 1.000000 0.000000
0.964625 -0.263626 0.000000 5.468709 0.263626 0.964625 0.000000 1.294979 0.000000 0.000000 1.000000 0.000000
0.970742 -0.240126 0.000000 6.329226 0.240126 0.970742 0.000000 1.536765 0.000000 0.000000 1.000000 0.000000
0.977019 -0.213154 0.000000 7.294736 0.213154 0.977019 0.000000 1.762097 0.000000 0.000000 1.000000 0.000000
0.982158 -0.188058 0.000000 8.319185 0.188058 0.982158 0.000000 1.929012 0.000000 0.000000 1.000000 0.000000
0.985820 -0.167804 0.000000 9.467774 0.167804 0.985820 0.000000 2.055573 0.000000 0.000000 1.000000 0.000000
0.989334 -0.145663 0.000000 10.639313 0.145663 0.989334 0.000000 2.181487 0.000000 0.000000 1.000000 0.000000
0.992210 -0.124577 0.000000 11.995436 0.124577 0.992210 0.000000 2.326915 0.000000 0.000000 1.000000 0.000000
0.994115 -0.108332 0.000000 13.321436 0.108332 0.994115 0.000000 2.445885 0.000000 0.000000 1.000000 0.000000
0.995403 -0.095771 0.000000 14.768571 0.095771 0.995403 0.000000 2.558304 0.000000 0.000000 1.000000 0.000000
0.996176 -0.087365 0.000000 16.239383 0.087365 0.996176 0.000000 2.652114 0.000000 0.000000 1.000000 0.000000
0.997094 -0.076177 0.000000 17.726459 0.076177 0.997094 0.000000 2.769077 0.000000 0.000000 1.000000 0.000000
0.997877 -0.065127 0.000000 19.312465 0.065127 0.997877 0.000000 2.832037 0.000000 0.000000 1.000000 0.000000
0.998302 -0.058251 0.000000 20.947818 0.058251 0.998302 0.000000 2.855201 0.000000 0.000000 1.000000 0.000000
0.998553 -0.053780 0.000000 22.614147 0.053780 0.998553 0.000000 2.948671 0.000000 0.000000 1.000000 0.000000
0.998731 -0.050357 0.000000 24.291961 0.050357 0.998731 0.000000 3.047790 0.000000 0.000000 1.000000 0.000000
0.998980 -0.045153 0.000000 26.002861 0.045153 0.998980 0.000000 3.110352 0.000000 0.000000 1.000000 0.000000
0.999149 -0.041240 0.000000 27.763239 0.041240 0.999149 0.000000 3.143273 0.000000 0.000000 1.000000 0.000000
0.999126 -0.041805 0.000000 29.481731 0.041805 0.999126 0.000000 3.223680 0.000000 0.000000 1.000000 0.000000
0.998866 -0.047605 0.000000 31.232356 0.047605 0.998866 0.000000 3.257606 0.000000 0.000000 1.000000 0.000000
0.998594 -0.053012 0.000000 33.011135 0.053012 0.998594 0.000000 3.366591 0.000000 0.000000 1.000000 0.000000
0.998270 -0.058790 0.000000 34.863467 0.058790 0.998270 0.000000 3.438139 0.000000 0.000000 1.000000 0.000000
0.998132 -0.061091 0.000000 36.643504 0.061091 0.998132 0.000000 3.539688 0.000000 0.000000 1.000000 0.000000
0.998118 -0.061324 0.000000 38.527703 0.061324 0.998118 0.000000 3.612614 0.000000 0.000000 1.000000 0.000000
0.998217 -0.059683 0.000000 40.418761 0.059683 0.998217 0.000000 3.675389 0.000000 0.000000 1.000000 0.000000
0.998138 -0.060993 0.000000 42.267508 0.060993 0.998138 0.000000 3.799103 0.000000 0.000000 1.000000 0.000000
0.997875 -0.065153 0.000000 44.216268 0.065153 0.997875 0.000000 3.890049 0.000000 0.000000 1.000000 0.000000
0.997640 -0.068657 0.000000 46.141229 0.068657 0.997640 0.000000 3.960419 0.000000 0.000000 1.000000 0.000000
0.997271 -0.073826 0.000000 48.105836 0.073826 0.997271 0.000000 4.128696 0.000000 0.000000 1.000000 0.000000
0.996919 -0.078436 0.000000 50.073207 0.078436 0.996919 0.000000 4.305660 0.000000 0.000000 1.000000 0.000000
0.996710 -0.081046 0.000000 52.032233 0.081046 0.996710 0.000000 4.425805 0.000000 0.000000 1.000000 0.000000
0.996771 -0.080302 0.000000 54.029658 0.080302 0.996771 0.000000 4.572649 0.000000 0.000000 1.000000 0.000000
0.997060 -0.076621 0.000000 56.033960 0.076621 0.997060 0.000000 4.681139 0.000000 0.000000 1.000000 0.000000
0.997344 -0.072833 0.000000 58.090073 0.072833 0.997344 0.000000 4.805846 0.000000 0.000000 1.000000 0.000000
0.997676 -0.068132 0.000000 60.117184 0.068132 0.997676 0.000000 4.926481 0.000000 0.000000 1.000000 0.000000
0.997790 -0.066439 0.000000 62.193026 0.066439 0.997790 0.000000 5.002688 0.000000 0.000000 1.000000 0.000000
0.997977 -0.063577 0.000000 64.190657 0.063577 0.997977 0.000000 5.081188 0.000000 0.000000 1.000000 0.000000
0.998193 -0.060092 0.000000 66.290840 0.060092 0.998193 0.000000 5.173333 0.000000 0.000000 1.000000 0.000000
0.998464 -0.055401 0.000000 68.340046 0.055401 0.998464 0.000000 5.269082 0.000000 0.000000 1.000000 0.000000
0.998722 -0.050542 0.000000 70.386404 0.050542 0.998722 0.000000 5.341132 0.000000 0.000000 1.000000 0.000000
0.999106 -0.042282 0.000000 72.411090 0.042282 0.999106 0.000000 5.435087 0.000000 0.000000 1.000000 0.000000
0.999341 -0.036309 0.000000 74.548051 0.036309 0.999341 0.000000 5.491056 0.000000 0.000000 1.000000 0.000000
0.999462 -0.032800 0.000000 76.571414 0.032800 0.999462 0.000000 5.493713 0.000000 0.000000 1.000000 0.000000
0.999664 -0.025910 0.000000 78.643514 0.025910 0.999664 0.000000 5.502185 0.000000 0.000000 1.000000 0.000000
0.999767 -0.021579 0.000000 80.738110 0.021579 0.999767 0.000000 5.482323 0.000000 0.000000 1.000000 0.000000
0.999823 -0.018796 0.000000 82.795461 0.018796 0.999823 0.000000 5.506344 0.000000 0.000000 1.000000 0.000000
0.999867 -0.016314 0.000000 84.894395 0.016314 0.999867 0.000000 5.600645 0.000000 0.000000 1.000000 0.000000
0.999842 -0.017778 0.000000 87.024075 0.017778 0.999842 0.000000 5.550181 0.000000 0.000000 1.000000 0.000000
0.999760 -0.021928 0.000000 89.069013 0.021928 0.999760 0.000000 5.544955 0.000000 0.000000 1.000000 0.000000
0.999630 -0.027183 0.000000 91.219370 0.027183 0.999630 0.000000 5.554286 0.000000 0.000000 1.000000 0.000000
0.999486 -0.032063 0.000000 93.237974 0.032063 0.999486 0.000000 5.596874 0.000000 0.000000 1.000000 0.000000
0.999331 -0.036584 0.000000 95.316799 0.036584 0.999331 0.000000 5.659131 0.000000 0.000000 1.000000 0.000000
0.999008 -0.044527 0.000000 97.424407 0.044527 0.999008 0.000000 5.661022 0.000000 0.000000 1.000000 0.000000
0.998618 -0.052549 0.000000 99.549184 0.052549 0.998618 0.000000 5.832910 0.000000 0.000000 1.000000 0.000000
0.998103 -0.061574 0.000000 101.605320 0.061574 0.998103 0.000000 5.895441 0.000000 0.000000 1.000000 0.000000
0.997657 -0.068421 0.000000 103.696955 0.068421 0.997657 0.000000 5.938222 0.000000 0.000000 1.000000 0.000000
0.997163 -0.075275 0.000000 105.757236 0.075275 0.997163 0.000000 6.118048 0.000000 0.000000 1.000000 0.000000
0.996774 -0.080260 0.000000 107.794766 0.080260 0.996774 0.000000 6.246788 0.000000 0.000000 1.000000 0.000000
0.996249 -0.086537 0.000000 109.858689 0.086537 0.996249 0.000000 6.353325 0.000000 0.000000 1.000000 0.000000
0.995824 -0.091293 0.000000 111.881174 0.091293 0.995824 0.000000 6.502190 0.000000 0.000000 1.000000 0.000000
0.995469 -0.095085 0.000000 113.937850 0.095085 0.995469 0.000000 6.694581 0.000000 0.000000 1.000000 0.000000
0.995009 -0.099788 0.000000 116.012340 0.099788 0.995009 0.000000 6.891571 0.000000 0.000000 1.000000 0.000000
0.994776 -0.102084 0.000000 118.013717 0.102084 0.994776 0.000000 7.075601 0.000000 0.000000 1.000000 0.000000
0.994561 -0.104151 0.000000 120.030847 0.104151 0.994561 0.000000 7.294752 0.000000 0.000000 1.000000 0.000000
0.994330 -0.106337 0.000000 121.962074 0.106337 0.994330 0.000000 7.455982 0.000000 0.000000 1.000000 0.000000
0.994123 -0.108260 0.000000 124.077192 0.108260 0.994123 0.000000 7.662951 0.000000 0.000000 1.000000 0.000000
0.994278 -0.106828 0.000000 126.083269 0.106828 0.994278 0.000000 7.845225 0.000000 0.000000 1.000000 0.000000
0.994575 -0.104022 0.000000 128.158346 0.104022 0.994575 0.000000 8.023977 0.000000 0.000000 1.000000 0.000000
0.994757 -0.102270 0.000000 130.205213 0.102270 0.994757 0.000000 8.207342 0.000000 0.000000 1.000000 0.000000
0.995274 -0.097103 0.000000 132.299859 0.097103 0.995274 0.000000 8.375652 0.000000 0.000000 1.000000 0.000000
0.995745 -0.092155 0.000000 134.354026 0.092155 0.995745 0.000000 8.561454 0.000000 0.000000 1.000000 0.000000
0.996197 -0.087135 0.000000 136.402303 0.087135 0.996197 0.000000 8.711543 0.000000 0.000000 1.000000 0.000000
0.996588 -0.082537 0.000000 138.506092 0.082537 0.996588 0.000000 8.881551 0.000000 0.000000 1.000000 0.000000
0.996575 -0.082694 0.000000 140.611199 0.082694 0.996575 0.000000 8.975703 0.000000 0.000000 1.000000 0.000000
0.996556 -0.082917 0.000000 142.663995 0.082917 0.996556 0.000000 9.160362 0.000000 0.000000 1.000000 0.000000
0.996468 -0.083977 0.000000 144.780466 0.083977 0.996468 0.000000 9.284945 0.000000 0.000000 1.000000 0.000000
0.996363 -0.085211 0.000000 146.902757 0.085211 0.996363 0.000000 9.407997 0.000000 0.000000 1.000000 0.000000
0.996368 -0.085150 0.000000 149.047199 0.085150 0.996368 0.000000 9.543201 0.000000 0.000000 1.000000 0.000000
0.996464 -0.084020 0.000000 151.092276 0.084020 0.996464 0.000000 9.717885 0.000000 0.000000 1.000000 0.000000
0.996490 -0.083714 0.000000 153.264451 0.083714 0.996490 0.000000 9.926231 0.000000 0.000000 1.000000 0.000000
0.996437 -0.084338 0.000000 155.409784 0.084338 0.996437 0.000000 10.074623 0.000000 0.000000 1.000000 0.000000
0.996421 -0.084529 0.000000 157.551215 0.084529 0.996421 0.000000 10.270706 0.000000 0.000000 1.000000 0.000000
0.996238 -0.086663 0.000000 159.716974 0.086663 0.996238 0.000000 10.407827 0.000000 0.000000 1.000000 0.000000
0.996100 -0.088231 0.000000 161.903097 0.088231 0.996100 0.000000 10.597998 0.000000 0.000000 1.000000 0.000000
0.995860 -0.090900 0.000000 164.078306 0.090900 0.995860 0.000000 10.756665 0.000000 0.000000 1.000000 0.000000
0.995618 -0.093511 0.000000 166.278056 0.093511 0.995618 0.000000 10.924662 0.000000 0.000000 1.000000 0.000000
