0.988267 -0.152734 0.000000 6.650415 0.152734 0.988267 0.000000 0.709571 0.000000 0.000000 1.000000 0.000000
0.983489 -0.180965 0.000000 7.506348 0.180965 0.983489 0.000000 0.926302 0.000000 0.000000 1.000000 0.000000
0.977635 -0.210310 0.000000 8.375820 0.210310 0.977635 0.000000 1.124318 0.000000 0.000000 1.000000 0.000000
0.970779 -0.239975 0.000000 9.316297 0.239975 0.970779 0.000000 1.379086 0.000000 0.000000 1.000000 0.000000
0.963413 -0.268020 0.000000 10.239616 0.268020 0.963413 0.000000 1.697392 0.000000 0.000000 1.000000 0.000000
0.956517 -0.291677 0.000000 11.203919 0.291677 0.956517 0.000000 2.041259 0.000000 0.000000 1.000000 0.000000
0.950241 -0.311516 0.000000 12.236151 0.311516 0.950241 0.000000 2.378260 0.000000 0.000000 1.000000 0.000000
0.946827 -0.321744 0.000000 13.283892 0.321744 0.946827 0.000000 2.781049 0.000000 0.000000 1.000000 0.000000
0.944553 -0.328359 0.000000 14.353283 0.328359 0.944553 0.000000 3.147686 0.000000 0.000000 1.000000 0.000000
0.943155 -0.332354 0.000000 15.457344 0.332354 0.943155 0.000000 3.533801 0.000000 0.000000 1.000000 0.000000
0.943400 -0.331657 0.000000 16.599666 0.331657 0.943400 0.000000 3.993836 0.000000 0.000000 1.000000 0.000000
0.943548 -0.331235 0.000000 17.782197 0.331235 0.943548 0.000000 4.362091 0.000000 0.000000 1.000000 0.000000
0.943932 -0.330139 0.000000 18.994233 0.330139 0.943932 0.000000 4.789307 0.000000 0.000000 1.000000 0.000000
0.944189 -0.329405 0.000000 20.257521 0.329405 0.944189 0.000000 5.205966 0.000000 0.000000 1.000000 0.000000
0.944169 -0.329462 0.000000 21.525737 0.329462 0.944169 0.000000 5.682486 0.000000 0.000000 1.000000 0.000000
0.943116 -0.332465 0.000000 22.812317 0.332465 0.943116 0.000000 6.167055 0.000000 0.000000 1.000000 0.000000
0.941472 -0.337092 0.000000 24.148809 0.337092 0.941472 0.000000 6.670024 0.000000 0.000000 1.000000 0.000000
0.939268 -0.343184 0.000000 25.557910 0.343184 0.939268 0.000000 7.235626 0.000000 0.000000 1.000000 0.000000
0.936307 -0.351183 0.000000 26.936591 0.351183 0.936307 0.000000 7.729810 0.000000 0.000000 1.000000 0.000000
0.933128 -0.359543 0.000000 28.299902 0.359543 0.933128 0.000000 8.373683 0.000000 0.000000 1.000000 0.000000
0.928173 -0.372149 0.000000 29.787134 0.372149 0.928173 0.000000 8.909538 0.000000 0.000000 1.000000 0.000000
0.922806 -0.385264 0.000000 31.248037 0.385264 0.922806 0.000000 9.563291 0.000000 0.000000 1.000000 0.000000
0.915665 -0.401942 0.000000 32.701921 0.401942 0.915665 0.000000 10.278065 0.000000 0.000000 1.000000 0.000000
0.906434 -0.422347 0.000000 34.244063 0.422347 0.906434 0.000000 11.019587 0.000000 0.000000 1.000000 0.000000
0.894959 -0.446148 0.000000 35.743031 0.446148 0.894959 0.000000 11.804604 0.000000 0.000000 1.000000 0.000000
0.881506 -0.472172 0.000000 37.328912 0.472172 0.881506 0.000000 12.683097 0.000000 0.000000 1.000000 0.000000
0.866336 -0.499461 0.000000 38.874605 0.499461 0.866336 0.000000 13.631826 0.000000 0.000000 1.000000 0.000000
0.850216 -0.526434 0.000000 40.417458 0.526434 0.850216 0.000000 14.612536 0.000000 0.000000 1.000000 0.000000
0.833445 -0.552603 0.000000 41.922746 0.552603 0.833445 0.000000 15.658590 0.000000 0.000000 1.000000 0.000000
0.816562 -0.577258 0.000000 43.467631 0.577258 0.816562 0.000000 16.796461 0.000000 0.000000 1.000000 0.000000
0.800923 -0.598767 0.000000 45.076895 0.598767 0.800923 0.000000 18.014571 0.000000 0.000000 1.000000 0.000000
0.789553 -0.613682 0.000000 46.650955 0.613682 0.789553 0.000000 19.295530 0.000000 0.000000 1.000000 0.000000
0.780322 -0.625377 0.000000 48.112782 0.625377 0.780322 0.000000 20.492302 0.000000 0.000000 1.000000 0.000000
0.770584 -0.637338 0.000000 49.625212 0.637338 0.770584 0.000000 21.803031 0.000000 0.000000 1.000000 0.000000
0.763640 -0.645643 0.000000 51.187972 0.645643 0.763640 0.000000 23.172452 0.000000 0.000000 1.000000 0.000000
0.757405 -0.652945 0.000000 52.736002 0.652945 0.757405 0.000000 24.471813 0.000000 0.000000 1.000000 0.000000
0.753611 -0.657320 0.000000 54.292444 0.657320 0.753611 0.000000 25.877513 0.000000 0.000000 1.000000 0.000000
0.753491 -0.657458 0.000000 55.857093 0.657458 0.753491 0.000000 27.262462 0.000000 0.000000 1.000000 0.000000
0.755042 -0.655676 0.000000 57.387592 0.655676 0.755042 0.000000 28.632588 0.000000 0.000000 1.000000 0.000000
0.756623 -0.653851 0.000000 58.919478 0.653851 0.756623 0.000000 29.991577 0.000000 0.000000 1.000000 0.000000
0.759480 -0.650530 0.000000 60.513218 0.650530 0.759480 0.000000 31.345337 0.000000 0.000000 1.000000 0.000000
0.762257 -0.647275 0.000000 62.056460 0.647275 0.762257 0.000000 32.643859 0.000000 0.000000 1.000000 0.000000
0.768598 -0.639732 0.000000 63.610189 0.639732 0.768598 0.000000 33.922249 0.000000 0.000000 1.000000 0.000000
0.774455 -0.632629 0.000000 65.157409 0.632629 0.774455 0.000000 35.227745 0.000000 0.000000 1.000000 0.000000
0.781861 -0.623453 0.000000 66.701306 0.623453 0.781861 0.000000 36.479839 0.000000 0.000000 1.000000 0.000000
0.790905 -0.611939 0.000000 68.310868 0.611939 0.790905 0.000000 37.751226 0.000000 0.000000 1.000000 0.000000
0.798871 -0.601502 0.000000 69.877103 0.601502 0.798871 0.000000 38.982915 0.000000 0.000000 1.000000 0.000000
0.807974 -0.589217 0.000000 71.528182 0.589217 0.807974 0.000000 40.159669 0.000000 0.000000 1.000000 0.000000
0.816857 -0.576840 0.000000 73.197234 0.576840 0.816857 0.000000 41.336879 0.000000 0.000000 1.000000 0.000000
0.827089 -0.562071 0.000000 74.924095 0.562071 0.827089 0.000000 42.462586 0.000000 0.000000 1.000000 0.000000
0.838836 -0.544385 0.000000 76.576310 0.544385 0.838836 0.000000 43.582673 0.000000 0.000000 1.000000 0.000000
0.849848 -0.527028 0.000000 78.303015 0.527028 0.849848 0.000000 44.661924 0.000000 0.000000 1.000000 0.000000
0.861069 -0.508489 0.000000 80.053401 0.508489 0.861069 0.000000 45.710957 0.000000 0.000000 1.000000 0.000000
0.872901 -0.487898 0.000000 81.854275 0.487898 0.872901 0.000000 46.695728 0.000000 0.000000 1.000000 0.000000
0.884542 -0.466461 0.000000 83.648853 0.466461 0.884542 0.000000 47.651933 0.000000 0.000000 1.000000 0.000000
0.895602 -0.444857 0.000000 85.551022 0.444857 0.895602 0.000000 48.581046 0.000000 0.000000 1.000000 0.000000
0.905396 -0.424568 0.000000 87.405263 0.424568 0.905396 0.000000 49.490660 0.000000 0.000000 1.000000 0.000000
0.915545 -0.402216 0.000000 89.311433 0.402216 0.915545 0.000000 50.305287 0.000000 0.000000 1.000000 0.000000
0.924965 -0.380052 0.000000 91.201581 0.380052 0.924965 0.000000 51.116145 0.000000 0.000000 1.000000 0.000000
0.933595 -0.358331 0.000000 93.143363 0.358331 0.933595 0.000000 51.881714 0.000000 0.000000 1.000000 0.000000
0.942099 -0.335335 0.000000 95.113279 0.335335 0.942099 0.000000 52.587202 0.000000 0.000000 1.000000 0.000000
0.949186 -0.314716 0.000000 97.145031 0.314716 0.949186 0.000000 53.232661 0.000000 0.000000 1.000000 0.000000
0.955156 -0.296104 0.000000 99.137182 0.296104 0.955156 0.000000 53.846611 0.000000 0.000000 1.000000 0.000000
0.960288 -0.279009 0.000000 101.202673 0.279009 0.960288 0.000000 54.457790 0.000000 0.000000 1.000000 0.000000
0.964964 -0.262383 0.000000 103.272817 0.262383 0.964964 0.000000 55.055135 0.000000 0.000000 1.000000 0.000000
0.969506 -0.245067 0.000000 105.335409 0.245067 0.969506 0.000000 55.558005 0.000000 0.000000 1.000000 0.000000
0.973544 -0.228502 0.000000 107.410675 0.228502 0.973544 0.000000 56.089335 0.000000 0.000000 1.000000 0.000000
0.977529 -0.210800 0.000000 109.531569 0.210800 0.977529 0.000000 56.531195 0.000000 0.000000 1.000000 0.000000
0.981709 -0.190388 0.000000 111.604379 0.190388 0.981709 0.000000 56.973230 0.000000 0.000000 1.000000 0.000000
0.985107 -0.171940 0.000000 113.705500 0.171940 0.985107 0.000000 57.369164 0.000000 0.000000 1.000000 0.000000
0.988306 -0.152485 0.000000 115.824419 0.152485 0.988306 0.000000 57.703409 0.000000 0.000000 1.000000 0.000000
0.991139 -0.132827 0.000000 117.995316 0.132827 0.991139 0.000000 57.996472 0.000000 0.000000 1.000000 0.000000
0.993593 -0.113014 0.000000 120.181777 0.113014 0.993593 0.000000 58.275984 0.000000 0.000000 1.000000 0.000000
0.995601 -0.093697 0.000000 122.378144 0.093697 0.995601 0.000000 58.496450 0.000000 0.000000 1.000000 0.000000
0.997270 -0.073836 0.000000 124.570281 0.073836 0.997270 0.000000 58.651514 0.000000 0.000000 1.000000 0.000000
0.998554 -0.053763 0.000000 126.774283 0.053763 0.998554 0.000000 58.787837 0.000000 0.000000 1.000000 0.000000
0.999423 -0.033960 0.000000 129.015988 0.033960 0.999423 0.000000 58.865112 0.000000 0.000000 1.000000 0.000000
0.999903 -0.013940 0.000000 131.261429 0.013940 0.999903 0.000000 58.923128 0.000000 0.000000 1.000000 0.000000
0.999996 0.002842 0.000000 133.478561 -0.002842 0.999996 0.000000 58.902132 0.000000 0.000000 1.000000 0.000000
0.999788 0.020571 0.000000 135.754451 -0.020571 0.999788 0.000000 58.895924 0.000000 0.000000 1.000000 0.000000
0.999286 0.037777 0.000000 138.036211 -0.037777 0.999286 0.000000 58.797788 0.000000 0.000000 1.000000 0.000000
0.998549 0.053855 0.000000 140.378678 -0.053855 0.998549 0.000000 58.692563 0.000000 0.000000 1.000000 0.000000
0.997434 0.071599 0.000000 142.634219 -0.071599 0.997434 0.000000 58.555615 0.000000 0.000000 1.000000 0.000000
0.995968 0.089714 0.000000 144.963544 -0.089714 0.995968 0.000000 58.370007 0.000000 0.000000 1.000000 0.000000
0.994140 0.108100 0.000000 147.259685 -0.108100 0.994140 0.000000 58.114451 0.000000 0.000000 1.000000 0.000000
0.991757 0.128136 0.000000 149.609614 -0.128136 0.991757 0.000000 57.826951 0.000000 0.000000 1.000000 0.000000
0.988885 0.148679 0.000000 151.981865 -0.148679 0.988885 0.000000 57.485742 0.000000 0.000000 1.000000 0.000000
0.985701 0.168501 0.000000 154.367889 -0.168501 0.985701 0.000000 57.116841 0.000000 0.000000 1.000000 0.000000
0.982350 0.187052 0.000000 156.725214 -0.187052 0.982350 0.000000 56.649989 0.000000 0.000000 1.000000 0.000000
0.978953 0.204084 0.000000 159.148083 -0.204084 0.978953 0.000000 56.159433 0.000000 0.000000 1.000000 0.000000
0.974980 0.222293 0.000000 161.550935 -0.222293 0.974980 0.000000 55.626219 0.000000 0.000000 1.000000 0.000000
0.970931 0.239361 0.000000 163.900639 -0.239361 0.970931 0.000000 55.099855 0.000000 0.000000 1.000000 0.000000
0.967038 0.254634 0.000000 166.266908 -0.254634 0.967038 0.000000 54.444739 0.000000 0.000000 1.000000 0.000000
0.962347 0.271824 0.000000 168.708896 -0.271824 0.962347 0.000000 53.786210 0.000000 0.000000 1.000000 0.000000
0.957698 0.287775 0.000000 171.051368 -0.287775 0.957698 0.000000 53.085592 0.000000 0.000000 1.000000 0.000000
0.953259 0.302153 0.000000 173.407295 -0.302153 0.953259 0.000000 52.357179 0.000000 0.000000 1.000000 0.000000
0.949271 0.314459 0.000000 175.804939 -0.314459 0.949271 0.000000 51.584936 0.000000 0.000000 1.000000 0.000000
0.944748 0.327797 0.000000 178.183153 -0.327797 0.944748 0.000000 50.774665 0.000000 0.000000 1.000000 0.000000
0.939549 0.342415 0.000000 180.606769 -0.342415 0.939549 0.000000 49.881318 0.000000 0.000000 1.000000 0.000000
0.933193 0.359375 0.000000 183.035774 -0.359375 0.933193 0.000000 48.967338 0.000000 0.000000 1.000000 0.000000
0.926097 0.377286 0.000000 185.432594 -0.377286 0.926097 0.000000 48.018405 0.000000 0.000000 1.000000 0.000000
0.918347 0.395776 0.000000 187.802126 -0.395776 0.918347 0.000000 46.989481 0.000000 0.000000 1.000000 0.000000
0.909164 0.416439 0.000000 190.149178 -0.416439 0.909164 0.000000 45.952237 0.000000 0.000000 1.000000 0.000000
0.898402 0.439173 0.000000 192.437909 -0.439173 0.898402 0.000000 44.878305 0.000000 0.000000 1.000000 0.000000
0.885127 0.465349 0.000000 194.604259 -0.465349 0.885127 0.000000 43.721107 0.000000 0.000000 1.000000 0.000000
0.871517 0.490365 0.000000 196.766537 -0.490365 0.871517 0.000000 42.496560 0.000000 0.000000 1.000000 0.000000
0.857594 0.514327 0.000000 198.931608 -0.514327 0.857594 0.000000 41.249563 0.000000 0.000000 1.000000 0.000000
0.843408 0.537273 0.000000 201.053379 -0.537273 0.843408 0.000000 39.952073 0.000000 0.000000 1.000000 0.000000
0.827951 0.560801 0.000000 203.026481 -0.560801 0.827951 0.000000 38.525977 0.000000 0.000000 1.000000 0.000000
0.811335 0.584581 0.000000 205.067464 -0.584581 0.811335 0.000000 37.174477 0.000000 0.000000 1.000000 0.000000
0.793771 0.608217 0.000000 207.020849 -0.608217 0.793771 0.000000 35.710297 0.000000 0.000000 1.000000 0.000000
0.774854 0.632140 0.000000 208.936124 -0.632140 0.774854 0.000000 34.157890 0.000000 0.000000 1.000000 0.000000
0.755828 0.654770 0.000000 210.783571 -0.654770 0.755828 0.000000 32.589129 0.000000 0.000000 1.000000 0.000000
0.735712 0.677294 0.000000 212.539726 -0.677294 0.735712 0.000000 30.991027 0.000000 0.000000 1.000000 0.000000
0.714943 0.699183 0.000000 214.209291 -0.699183 0.714943 0.000000 29.321675 0.000000 0.000000 1.000000 0.000000
0.695125 0.718889 0.000000 215.830220 -0.718889 0.695125 0.000000 27.635314 0.000000 0.000000 1.000000 0.000000
0.677532 0.735493 0.000000 217.464615 -0.735493 0.677532 0.000000 25.979562 0.000000 0.000000 1.000000 0.000000
0.663637 0.748055 0.000000 218.970729 -0.748055 0.663637 0.000000 24.262719 0.000000 0.000000 1.000000 0.000000
0.654549 0.756020 0.000000 220.508333 -0.756020 0.654549 0.000000 22.441719 0.000000 0.000000 1.000000 0.000000
0.645610 0.763668 0.000000 222.075567 -0.763668 0.645610 0.000000 20.710617 0.000000 0.000000 1.000000 0.000000
0.636570 0.771219 0.000000 223.532973 -0.771219 0.636570 0.000000 18.972020 0.000000 0.000000 1.000000 0.000000
0.634664 0.772788 0.000000 224.941494 -0.772788 0.634664 0.000000 17.219600 0.000000 0.000000 1.000000 0.000000
0.636123 0.771588 0.000000 226.418129 -0.771588 0.636123 0.000000 15.452511 0.000000 0.000000 1.000000 0.000000
0.639877 0.768478 0.000000 227.891271 -0.768478 0.639877 0.000000 13.723850 0.000000 0.000000 1.000000 0.000000
0.646397 0.763001 0.000000 229.394088 -0.763001 0.646397 0.000000 12.045376 0.000000 0.000000 1.000000 0.000000
0.653631 0.756813 0.000000 230.862647 -0.756813 0.653631 0.000000 10.347252 0.000000 0.000000 1.000000 0.000000
0.664632 0.747171 0.000000 232.353551 -0.747171 0.664632 0.000000 8.703427 0.000000 0.000000 1.000000 0.000000
0.677423 0.735594 0.000000 233.882406 -0.735594 0.677423 0.000000 7.070645 0.000000 0.000000 1.000000 0.000000
0.692132 0.721771 0.000000 235.432910 -0.721771 0.692132 0.000000 5.511735 0.000000 0.000000 1.000000 0.000000
0.710583 0.703613 0.000000 237.000444 -0.703613 0.710583 0.000000 3.974437 0.000000 0.000000 1.000000 0.000000
0.729985 0.683464 0.000000 238.655269 -0.683464 0.729985 0.000000 2.412600 0.000000 0.000000 1.000000 0.000000
0.749521 0.661980 0.000000 240.364372 -0.661980 0.749521 0.000000 1.027615 0.000000 0.000000 1.000000 0.000000
0.771488 0.636244 0.000000 242.113069 -0.636244 0.771488 0.000000 -0.311320 0.000000 0.000000 1.000000 0.000000
0.795404 0.606080 0.000000 243.885349 -0.606080 0.795404 0.000000 -1.626364 0.000000 0.000000 1.000000 0.000000
0.820973 0.570968 0.000000 245.754762 -0.570968 0.820973 0.000000 -2.897146 0.000000 0.000000 1.000000 0.000000
0.847000 0.531593 0.000000 247.697621 -0.531593 0.847000 0.000000 -4.076817 0.000000 0.000000 1.000000 0.000000
0.871676 0.490082 0.000000 249.672645 -0.490082 0.871676 0.000000 -5.144982 0.000000 0.000000 1.000000 0.000000
0.893977 0.448113 0.000000 251.698401 -0.448113 0.893977 0.000000 -6.159488 0.000000 0.000000 1.000000 0.000000
0.915393 0.402561 0.000000 253.858373 -0.402561 0.915393 0.000000 -7.045075 0.000000 0.000000 1.000000 0.000000
0.934210 0.356723 0.000000 255.993803 -0.356723 0.934210 0.000000 -7.865640 0.000000 0.000000 1.000000 0.000000
0.949262 0.314487 0.000000 258.260708 -0.314487 0.949262 0.000000 -8.640186 0.000000 0.000000 1.000000 0.000000
0.958929 0.283646 0.000000 260.573374 -0.283646 0.958929 0.000000 -9.300267 0.000000 0.000000 1.000000 0.000000
0.966109 0.258135 0.000000 262.826839 -0.258135 0.966109 0.000000 -9.802730 0.000000 0.000000 1.000000 0.000000
0.971528 0.236927 0.000000 265.131486 -0.236927 0.971528 0.000000 -10.367721 0.000000 0.000000 1.000000 0.000000
0.975773 0.218787 0.000000 267.505686 -0.218787 0.975773 0.000000 -10.885364 0.000000 0.000000 1.000000 0.000000
0.978895 0.204362 0.000000 269.888436 -0.204362 0.978895 0.000000 -11.337076 0.000000 0.000000 1.000000 0.000000
0.981226 0.192861 0.000000 272.269502 -0.192861 0.981226 0.000000 -11.763678 0.000000 0.000000 1.000000 0.000000
0.983093 0.183106 0.000000 274.690290 -0.183106 0.983093 0.000000 -12.180665 0.000000 0.000000 1.000000 0.000000
0.984803 0.173677 0.000000 277.122510 -0.173677 0.984803 0.000000 -12.543121 0.000000 0.000000 1.000000 0.000000
0.986396 0.164385 0.000000 279.598610 -0.164385 0.986396 0.000000 -12.949619 0.000000 0.000000 1.000000 0.000000
0.987994 0.154491 0.000000 282.055221 -0.154491 0.987994 0.000000 -13.377075 0.000000 0.000000 1.000000 0.000000
0.989587 0.143936 0.000000 284.632869 -0.143936 0.989587 0.000000 -13.703172 0.000000 0.000000 1.000000 0.000000
0.990871 0.134812 0.000000 287.112485 -0.134812 0.990871 0.000000 -14.023703 0.000000 0.000000 1.000000 0.000000
0.992025 0.126042 0.000000 289.702308 -0.126042 0.992025 0.000000 -14.376044 0.000000 0.000000 1.000000 0.000000
0.992894 0.119006 0.000000 292.274724 -0.119006 0.992894 0.000000 -14.673861 0.000000 0.000000 1.000000 0.000000
0.993552 0.113374 0.000000 294.855914 -0.113374 0.993552 0.000000 -14.889952 0.000000 0.000000 1.000000 0.000000
0.994195 0.107591 0.000000 297.490674 -0.107591 0.994195 0.000000 -15.184430 0.000000 0.000000 1.000000 0.000000
0.994746 0.102370 0.000000 300.095449 -0.102370 0.994746 0.000000 -15.389611 0.000000 0.000000 1.000000 0.000000
0.995178 0.098082 0.000000 302.763840 -0.098082 0.995178 0.000000 -15.679338 0.000000 0.000000 1.000000 0.000000
0.995679 0.092857 0.000000 305.432578 -0.092857 0.995679 0.000000 -15.875487 0.000000 0.000000 1.000000 0.000000
0.996107 0.088148 0.000000 308.157527 -0.088148 0.996107 0.000000 -16.171864 0.000000 0.000000 1.000000 0.000000
0.996423 0.084502 0.000000 310.757304 -0.084502 0.996423 0.000000 -16.401821 0.000000 0.000000 1.000000 0.000000
0.996729 0.080812 0.000000 313.373828 -0.080812 0.996729 0.000000 -16.575810 0.000000 0.000000 1.000000 0.000000
0.997116 0.075894 0.000000 316.006515 -0.075894 0.997116 0.000000 -16.747365 0.000000 0.000000 1.000000 0.000000
0.997419 0.071803 0.000000 318.622110 -0.071803 0.997419 0.000000 -16.960196 0.000000 0.000000 1.000000 0.000000
0.997673 0.068175 0.000000 321.239951 -0.068175 0.997673 0.000000 -17.095100 0.000000 0.000000 1.000000 0.000000
0.997932 0.064273 0.000000 323.763322 -0.064273 0.997932 0.000000 -17.219122 0.000000 0.000000 1.000000 0.000000
0.998190 0.060133 0.000000 326.328701 -0.060133 0.998190 0.000000 -17.377353 0.000000 0.000000 1.000000 0.000000
0.998525 0.054302 0.000000 328.809224 -0.054302 0.998525 0.000000 -17.507722 0.000000 0.000000 1.000000 0.000000
0.998755 0.049883 0.000000 331.411848 -0.049883 0.998755 0.000000 -17.657502 0.000000 0.000000 1.000000 0.000000
0.998944 0.045934 0.000000 333.874165 -0.045934 0.998944 0.000000 -17.767520 0.000000 0.000000 1.000000 0.000000
0.998991 0.044910 0.000000 336.345286 -0.044910 0.998991 0.000000 -17.840298 0.000000 0.000000 1.000000 0.000000
0.998978 0.045196 0.000000 338.835450 -0.045196 0.998978 0.000000 -17.945644 0.000000 0.000000 1.000000 0.000000
0.999025 0.044148 0.000000 341.349365 -0.044148 0.999025 0.000000 -18.032935 0.000000 0.000000 1.000000 0.000000
0.998778 0.049412 0.000000 343.824553 -0.049412 0.998778 0.000000 -18.132732 0.000000 0.000000 1.000000 0.000000
0.998464 0.055412 0.000000 346.257268 -0.055412 0.998464 0.000000 -18.240851 0.000000 0.000000 1.000000 0.000000
0.997752 0.067011 0.000000 348.730845 -0.067011 0.997752 0.000000 -18.464453 0.000000 0.000000 1.000000 0.000000
0.997084 0.076305 0.000000 351.183625 -0.076305 0.997084 0.000000 -18.639377 0.000000 0.000000 1.000000 0.000000
0.996311 0.085822 0.000000 353.612391 -0.085822 0.996311 0.000000 -18.768946 0.000000 0.000000 1.000000 0.000000
0.996147 0.087699 0.000000 356.086886 -0.087699 0.996147 0.000000 -18.920877 0.000000 0.000000 1.000000 0.000000
0.996174 0.087386 0.000000 358.579931 -0.087386 0.996174 0.000000 -19.190507 0.000000 0.000000 1.000000 0.000000
0.995954 0.089867 0.000000 361.050163 -0.089867 0.995954 0.000000 -19.416488 0.000000 0.000000 1.000000 0.000000
0.996165 0.087493 0.000000 363.505119 -0.087493 0.996165 0.000000 -19.634869 0.000000 0.000000 1.000000 0.000000
0.996423 0.084505 0.000000 365.997722 -0.084505 0.996423 0.000000 -19.874629 0.000000 0.000000 1.000000 0.000000
0.996755 0.080489 0.000000 368.454123 -0.080489 0.996755 0.000000 -20.043658 0.000000 0.000000 1.000000 0.000000
0.996954 0.077996 0.000000 370.904084 -0.077996 0.996954 0.000000 -20.231370 0.000000 0.000000 1.000000 0.000000
0.996765 0.080372 0.000000 373.355576 -0.080372 0.996765 0.000000 -20.429639 0.000000 0.000000 1.000000 0.000000
0.996769 0.080315 0.000000 375.716833 -0.080315 0.996769 0.000000 -20.608198 0.000000 0.000000 1.000000 0.000000
0.996727 0.080841 0.000000 378.145047 -0.080841 0.996727 0.000000 -20.811109 0.000000 0.000000 1.000000 0.000000
0.996729 0.080817 0.000000 380.469186 -0.080817 0.996729 0.000000 -20.933600 0.000000 0.000000 1.000000 0.000000
0.996740 0.080681 0.000000 382.827616 -0.080681 0.996740 0.000000 -21.106690 0.000000 0.000000 1.000000 0.000000
0.996816 0.079735 0.000000 385.070980 -0.079735 0.996816 0.000000 -21.251068 0.000000 0.000000 1.000000 0.000000
0.997111 0.075962 0.000000 387.339083 -0.075962 0.997111 0.000000 -21.429264 0.000000 0.000000 1.000000 0.000000
0.997192 0.074886 0.000000 389.489127 -0.074886 0.997192 0.000000 -21.617636 0.000000 0.000000 1.000000 0.000000
0.997236 0.074303 0.000000 391.563855 -0.074303 0.997236 0.000000 -21.758797 0.000000 0.000000 1.000000 0.000000
0.997270 0.073835 0.000000 393.564925 -0.073835 0.997270 0.000000 -21.875390 0.000000 0.000000 1.000000 0.000000
0.997403 0.072018 0.000000 395.497671 -0.072018 0.997403 0.000000 -22.044167 0.000000 0.000000 1.000000 0.000000
0.997426 0.071708 0.000000 397.373348 -0.071708 0.997426 0.000000 -22.176883 0.000000 0.000000 1.000000 0.000000
0.997481 0.070933 0.000000 399.262277 -0.070933 0.997481 0.000000 -22.311089 0.000000 0.000000 1.000000 0.000000
0.997360 0.072610 0.000000 400.971941 -0.072610 0.997360 0.000000 -22.456965 0.000000 0.000000 1.000000 0.000000
0.997250 0.074108 0.000000 402.633385 -0.074108 0.997250 0.000000 -22.543654 0.000000 0.000000 1.000000 0.000000
0.996536 0.083163 0.000000 404.235040 -0.083163 0.996536 0.000000 -22.629437 0.000000 0.000000 1.000000 0.000000
0.995383 0.095979 0.000000 405.789479 -0.095979 0.995383 0.000000 -22.776148 0.000000 0.000000 1.000000 0.000000
0.991666 0.128835 0.000000 407.212697 -0.128835 0.991666 0.000000 -23.006740 0.000000 0.000000 1.000000 0.000000
0.984290 0.176561 0.000000 408.475682 -0.176561 0.984290 0.000000 -23.314536 0.000000 0.000000 1.000000 0.000000
0.974298 0.225261 0.000000 409.718012 -0.225261 0.974298 0.000000 -23.608530 0.000000 0.000000 1.000000 0.000000
0.957587 0.288143 0.000000 410.836628 -0.288143 0.957587 0.000000 -24.066762 0.000000 0.000000 1.000000 0.000000
0.936305 0.351188 0.000000 411.962361 -0.351188 0.936305 0.000000 -24.487879 0.000000 0.000000 1.000000 0.000000
0.905899 0.423493 0.000000 412.966103 -0.423493 0.905899 0.000000 -25.030763 0.000000 0.000000 1.000000 0.000000
0.868905 0.494978 0.000000 413.876100 -0.494978 0.868905 0.000000 -25.662307 0.000000 0.000000 1.000000 0.000000
0.823577 0.567205 0.000000 414.751080 -0.567205 0.823577 0.000000 -26.313436 0.000000 0.000000 1.000000 0.000000
0.769004 0.639244 0.000000 415.536322 -0.639244 0.769004 0.000000 -27.092352 0.000000 0.000000 1.000000 0.000000
0.711683 0.702501 0.000000 416.196518 -0.702501 0.711683 0.000000 -27.943325 0.000000 0.000000 1.000000 0.000000
0.653217 0.757170 0.000000 416.897155 -0.757170 0.653217 0.000000 -28.812840 0.000000 0.000000 1.000000 0.000000
0.592782 0.805363 0.000000 417.463562 -0.805363 0.592782 0.000000 -29.732111 0.000000 0.000000 1.000000 0.000000
0.534538 0.845145 0.000000 418.035374 -0.845145 0.534538 0.000000 -30.753654 0.000000 0.000000 1.000000 0.000000
0.479551 0.877514 0.000000 418.573370 -0.877514 0.479551 0.000000 -31.735665 0.000000 0.000000 1.000000 0.000000
0.426681 0.904402 0.000000 419.083488 -0.904402 0.426681 0.000000 -32.800827 0.000000 0.000000 1.000000 0.000000
0.373773 0.927520 0.000000 419.498293 -0.927520 0.373773 0.000000 -34.036968 0.000000 0.000000 1.000000 0.000000
0.332410 0.943135 0.000000 419.847259 -0.943135 0.332410 0.000000 -35.085269 0.000000 0.000000 1.000000 0.000000
0.290176 0.956973 0.000000 420.212279 -0.956973 0.290176 0.000000 -36.350656 0.000000 0.000000 1.000000 0.000000
0.245044 0.969512 0.000000 420.571176 -0.969512 0.245044 0.000000 -37.629981 0.000000 0.000000 1.000000 0.000000
0.201111 0.979568 0.000000 420.807198 -0.979568 0.201111 0.000000 -38.956881 0.000000 0.000000 1.000000 0.000000
0.154792 0.987947 0.000000 420.991470 -0.987947 0.154792 0.000000 -40.376554 0.000000 0.000000 1.000000 0.000000
0.104058 0.994571 0.000000 421.132336 -0.994571 0.104058 0.000000 -41.820173 0.000000 0.000000 1.000000 0.000000
0.054758 0.998500 0.000000 421.138866 -0.998500 0.054758 0.000000 -43.304575 0.000000 0.000000 1.000000 0.000000
0.013008 0.999915 0.000000 421.117980 -0.999915 0.013008 0.000000 -44.895484 0.000000 0.000000 1.000000 0.000000
-0.019229 0.999815 0.000000 421.075227 -0.999815 -0.019229 0.000000 -46.510791 0.000000 0.000000 1.000000 0.000000
-0.048237 0.998836 0.000000 421.074526 -0.998836 -0.048237 0.000000 -48.210518 0.000000 0.000000 1.000000 0.000000
-0.073932 0.997263 0.000000 420.854636 -0.997263 -0.073932 0.000000 -49.901048 0.000000 0.000000 1.000000 0.000000
-0.093506 0.995619 0.000000 420.691577 -0.995619 -0.093506 0.000000 -51.704748 0.000000 0.000000 1.000000 0.000000
-0.108135 0.994136 0.000000 420.485321 -0.994136 -0.108135 0.000000 -53.482399 0.000000 0.000000 1.000000 0.000000
-0.118223 0.992987 0.000000 420.296393 -0.992987 -0.118223 0.000000 -55.348404 0.000000 0.000000 1.000000 0.000000
-0.121513 0.992590 0.000000 420.004691 -0.992590 -0.121513 0.000000 -57.335927 0.000000 0.000000 1.000000 0.000000
-0.120492 0.992714 0.000000 419.782517 -0.992714 -0.120492 0.000000 -59.310826 0.000000 0.000000 1.000000 0.000000
-0.121245 0.992623 0.000000 419.554719 -0.992623 -0.121245 0.000000 -61.378416 0.000000 0.000000 1.000000 0.000000
-0.120403 0.992725 0.000000 419.319083 -0.992725 -0.120403 0.000000 -63.509348 0.000000 0.000000 1.000000 0.000000
-0.120364 0.992730 0.000000 419.068200 -0.992730 -0.120364 0.000000 -65.649583 0.000000 0.000000 1.000000 0.000000
-0.118351 0.992972 0.000000 418.812414 -0.992972 -0.118351 0.000000 -67.849468 0.000000 0.000000 1.000000 0.000000
-0.116808 0.993155 0.000000 418.565729 -0.993155 -0.116808 0.000000 -70.120292 0.000000 0.000000 1.000000 0.000000
-0.118390 0.992967 0.000000 418.303637 -0.992967 -0.118390 0.000000 -72.428222 0.000000 0.000000 1.000000 0.000000
-0.120798 0.992677 0.000000 418.040272 -0.992677 -0.120798 0.000000 -74.753729 0.000000 0.000000 1.000000 0.000000
-0.124252 0.992251 0.000000 417.775617 -0.992251 -0.124252 0.000000 -77.169466 0.000000 0.000000 1.000000 0.000000
-0.125221 0.992129 0.000000 417.453939 -0.992129 -0.125221 0.000000 -79.486199 0.000000 0.000000 1.000000 0.000000
-0.124660 0.992200 0.000000 417.171584 -0.992200 -0.124660 0.000000 -81.877913 0.000000 0.000000 1.000000 0.000000
-0.122531 0.992465 0.000000 416.918871 -0.992465 -0.122531 0.000000 -84.279009 0.000000 0.000000 1.000000 0.000000
-0.119732 0.992806 0.000000 416.627484 -0.992806 -0.119732 0.000000 -86.703950 0.000000 0.000000 1.000000 0.000000
-0.119416 0.992844 0.000000 416.326698 -0.992844 -0.119416 0.000000 -89.208093 0.000000 0.000000 1.000000 0.000000
-0.118400 0.992966 0.000000 416.086499 -0.992966 -0.118400 0.000000 -91.651775 0.000000 0.000000 1.000000 0.000000
-0.118013 0.993012 0.000000 415.769273 -0.993012 -0.118013 0.000000 -94.209071 0.000000 0.000000 1.000000 0.000000
-0.117604 0.993061 0.000000 415.485186 -0.993061 -0.117604 0.000000 -96.755493 0.000000 0.000000 1.000000 0.000000
-0.118027 0.993010 0.000000 415.197681 -0.993010 -0.118027 0.000000 -99.388071 0.000000 0.000000 1.000000 0.000000
-0.119686 0.992812 0.000000 414.867463 -0.992812 -0.119686 0.000000 -101.989136 0.000000 0.000000 1.000000 0.000000
-0.122369 0.992485 0.000000 414.569126 -0.992485 -0.122369 0.000000 -104.625976 0.000000 0.000000 1.000000 0.000000
-0.126068 0.992022 0.000000 414.237608 -0.992022 -0.126068 0.000000 -107.340387 0.000000 0.000000 1.000000 0.000000
-0.129569 0.991570 0.000000 413.907268 -0.991570 -0.129569 0.000000 -110.012861 0.000000 0.000000 1.000000 0.000000
-0.134985 0.990848 0.000000 413.509495 -0.990848 -0.134985 0.000000 -112.752900 0.000000 0.000000 1.000000 0.000000
-0.140219 0.990120 0.000000 413.159553 -0.990120 -0.140219 0.000000 -115.516294 0.000000 0.000000 1.000000 0.000000
-0.146286 0.989242 0.000000 412.771769 -0.989242 -0.146286 0.000000 -118.275776 0.000000 0.000000 1.000000 0.000000
-0.152368 0.988324 0.000000 412.321305 -0.988324 -0.152368 0.000000 -121.124157 0.000000 0.000000 1.000000 0.000000
-0.161334 0.986900 0.000000 411.894214 -0.986900 -0.161334 0.000000 -123.938182 0.000000 0.000000 1.000000 0.000000
-0.172219 0.985059 0.000000 411.387251 -0.985059 -0.172219 0.000000 -126.799531 0.000000 0.000000 1.000000 0.000000
-0.183133 0.983088 0.000000 410.855257 -0.983088 -0.183133 0.000000 -129.690866 0.000000 0.000000 1.000000 0.000000
-0.195050 0.980793 0.000000 410.326345 -0.980793 -0.195050 0.000000 -132.556927 0.000000 0.000000 1.000000 0.000000
-0.206547 0.978437 0.000000 409.705475 -0.978437 -0.206547 0.000000 -135.482881 0.000000 0.000000 1.000000 0.000000
-0.217132 0.976142 0.000000 409.101513 -0.976142 -0.217132 0.000000 -138.412929 0.000000 0.000000 1.000000 0.000000
-0.229378 0.973337 0.000000 408.462393 -0.973337 -0.229378 0.000000 -141.392673 0.000000 0.000000 1.000000 0.000000
-0.243038 0.970017 0.000000 407.736532 -0.970017 -0.243038 0.000000 -144.376439 0.000000 0.000000 1.000000 0.000000
-0.256195 0.966625 0.000000 406.989834 -0.966625 -0.256195 0.000000 -147.316702 0.000000 0.000000 1.000000 0.000000
-0.271153 0.962536 0.000000 406.149628 -0.962536 -0.271153 0.000000 -150.287008 0.000000 0.000000 1.000000 0.000000
-0.288518 0.957474 0.000000 405.318171 -0.957474 -0.288518 0.000000 -153.262275 0.000000 0.000000 1.000000 0.000000
-0.308528 0.951215 0.000000 404.398365 -0.951215 -0.308528 0.000000 -156.138137 0.000000 0.000000 1.000000 0.000000
-0.328429 0.944529 0.000000 403.390158 -0.944529 -0.328429 0.000000 -159.170897 0.000000 0.000000 1.000000 0.000000
-0.343912 0.939002 0.000000 402.404050 -0.939002 -0.343912 0.000000 -162.171899 0.000000 0.000000 1.000000 0.000000
-0.358931 0.933364 0.000000 401.281868 -0.933364 -0.358931 0.000000 -165.133740 0.000000 0.000000 1.000000 0.000000
-0.373319 0.927703 0.000000 400.100809 -0.927703 -0.373319 0.000000 -168.164824 0.000000 0.000000 1.000000 0.000000
-0.385320 0.922783 0.000000 398.893011 -0.922783 -0.385320 0.000000 -171.191182 0.000000 0.000000 1.000000 0.000000
-0.396365 0.918093 0.000000 397.654252 -0.918093 -0.396365 0.000000 -174.172956 0.000000 0.000000 1.000000 0.000000
-0.407080 0.913392 0.000000 396.370526 -0.913392 -0.407080 0.000000 -177.059394 0.000000 0.000000 1.000000 0.000000
-0.418711 0.908120 0.000000 395.054602 -0.908120 -0.418711 0.000000 -180.062952 0.000000 0.000000 1.000000 0.000000
-0.430946 0.902378 0.000000 393.721524 -0.902378 -0.430946 0.000000 -183.047343 0.000000 0.000000 1.000000 0.000000
-0.441448 0.897287 0.000000 392.272772 -0.897287 -0.441448 0.000000 -185.933347 0.000000 0.000000 1.000000 0.000000
-0.452866 0.891578 0.000000 390.830066 -0.891578 -0.452866 0.000000 -188.822834 0.000000 0.000000 1.000000 0.000000
-0.463784 0.885948 0.000000 389.260350 -0.885948 -0.463784 0.000000 -191.743605 0.000000 0.000000 1.000000 0.000000
-0.475706 0.879604 0.000000 387.724929 -0.879604 -0.475706 0.000000 -194.696360 0.000000 0.000000 1.000000 0.000000
-0.487539 0.873101 0.000000 386.145007 -0.873101 -0.487539 0.000000 -197.627645 0.000000 0.000000 1.000000 0.000000
-0.499943 0.866058 0.000000 384.541861 -0.866058 -0.499943 0.000000 -200.534504 0.000000 0.000000 1.000000 0.000000
-0.508426 0.861106 0.000000 382.869049 -0.861106 -0.508426 0.000000 -203.349001 0.000000 0.000000 1.000000 0.000000
-0.511187 0.859469 0.000000 381.192555 -0.859469 -0.511187 0.000000 -206.152151 0.000000 0.000000 1.000000 0.000000
-0.510863 0.859662 0.000000 379.553846 -0.859662 -0.510863 0.000000 -208.981452 0.000000 0.000000 1.000000 0.000000
-0.509617 0.860401 0.000000 377.902055 -0.860401 -0.509617 0.000000 -211.778888 0.000000 0.000000 1.000000 0.000000
-0.508289 0.861187 0.000000 376.272008 -0.861187 -0.508289 0.000000 -214.566120 0.000000 0.000000 1.000000 0.000000
-0.507058 0.861912 0.000000 374.710094 -0.861912 -0.507058 0.000000 -217.351433 0.000000 0.000000 1.000000 0.000000
-0.506415 0.862290 0.000000 373.150147 -0.862290 -0.506415 0.000000 -220.081225 0.000000 0.000000 1.000000 0.000000
-0.505051 0.863089 0.000000 371.471312 -0.863089 -0.505051 0.000000 -222.777705 0.000000 0.000000 1.000000 0.000000
-0.506406 0.862295 0.000000 369.971879 -0.862295 -0.506406 0.000000 -225.503191 0.000000 0.000000 1.000000 0.000000
-0.505764 0.862672 0.000000 368.324177 -0.862672 -0.505764 0.000000 -228.214538 0.000000 0.000000 1.000000 0.000000
-0.506428 0.862283 0.000000 366.743538 -0.862283 -0.506428 0.000000 -230.869579 0.000000 0.000000 1.000000 0.000000
-0.507473 0.861667 0.000000 365.228458 -0.861667 -0.507473 0.000000 -233.618770 0.000000 0.000000 1.000000 0.000000
-0.509431 0.860511 0.000000 363.584605 -0.860511 -0.509431 0.000000 -236.288128 0.000000 0.000000 1.000000 0.000000
-0.510848 0.859671 0.000000 362.041427 -0.859671 -0.510848 0.000000 -238.955296 0.000000 0.000000 1.000000 0.000000
-0.512364 0.858768 0.000000 360.500790 -0.858768 -0.512364 0.000000 -241.559804 0.000000 0.000000 1.000000 0.000000
-0.514288 0.857617 0.000000 358.945743 -0.857617 -0.514288 0.000000 -244.178068 0.000000 0.000000 1.000000 0.000000
-0.516829 0.856089 0.000000 357.375626 -0.856089 -0.516829 0.000000 -246.779318 0.000000 0.000000 1.000000 0.000000
-0.519693 0.854353 0.000000 355.798814 -0.854353 -0.519693 0.000000 -249.385961 0.000000 0.000000 1.000000 0.000000
-0.522893 0.852398 0.000000 354.207983 -0.852398 -0.522893 0.000000 -251.942976 0.000000 0.000000 1.000000 0.000000
-0.526082 0.850434 0.000000 352.629719 -0.850434 -0.526082 0.000000 -254.549424 0.000000 0.000000 1.000000 0.000000
-0.530276 0.847825 0.000000 351.035093 -0.847825 -0.530276 0.000000 -257.133240 0.000000 0.000000 1.000000 0.000000
-0.533724 0.845659 0.000000 349.473391 -0.845659 -0.533724 0.000000 -259.704258 0.000000 0.000000 1.000000 0.000000
-0.538239 0.842792 0.000000 347.908744 -0.842792 -0.538239 0.000000 -262.224786 0.000000 0.000000 1.000000 0.000000
-0.545615 0.838036 0.000000 346.293369 -0.838036 -0.545615 0.000000 -264.761279 0.000000 0.000000 1.000000 0.000000
-0.551860 0.833937 0.000000 344.662170 -0.833937 -0.551860 0.000000 -267.270181 0.000000 0.000000 1.000000 0.000000
-0.557733 0.830021 0.000000 343.001016 -0.830021 -0.557733 0.000000 -269.786435 0.000000 0.000000 1.000000 0.000000
-0.563879 0.825857 0.000000 341.319088 -0.825857 -0.563879 0.000000 -272.226328 0.000000 0.000000 1.000000 0.000000
-0.571667 0.820486 0.000000 339.643292 -0.820486 -0.571667 0.000000 -274.741553 0.000000 0.000000 1.000000 0.000000
-0.580872 0.813995 0.000000 337.848188 -0.813995 -0.580872 0.000000 -277.159203 0.000000 0.000000 1.000000 0.000000
-0.589577 0.807712 0.000000 336.103445 -0.807712 -0.589577 0.000000 -279.603318 0.000000 0.000000 1.000000 0.000000
-0.596792 0.802396 0.000000 334.315248 -0.802396 -0.596792 0.000000 -281.978444 0.000000 0.000000 1.000000 0.000000
-0.605077 0.796167 0.000000 332.558163 -0.796167 -0.605077 0.000000 -284.399624 0.000000 0.000000 1.000000 0.000000
-0.613017 0.790070 0.000000 330.746545 -0.790070 -0.613017 0.000000 -286.843274 0.000000 0.000000 1.000000 0.000000
-0.621084 0.783744 0.000000 328.874792 -0.783744 -0.621084 0.000000 -289.272988 0.000000 0.000000 1.000000 0.000000
-0.628394 0.777895 0.000000 327.011603 -0.777895 -0.628394 0.000000 -291.548192 0.000000 0.000000 1.000000 0.000000
-0.635443 0.772147 0.000000 325.127065 -0.772147 -0.635443 0.000000 -293.908810 0.000000 0.000000 1.000000 0.000000
-0.641690 0.766964 0.000000 323.251235 -0.766964 -0.641690 0.000000 -296.269270 0.000000 0.000000 1.000000 0.000000
-0.645619 0.763660 0.000000 321.316664 -0.763660 -0.645619 0.000000 -298.507067 0.000000 0.000000 1.000000 0.000000
-0.648119 0.761539 0.000000 319.379913 -0.761539 -0.648119 0.000000 -300.889616 0.000000 0.000000 1.000000 0.000000
-0.651468 0.758676 0.000000 317.491095 -0.758676 -0.651468 0.000000 -303.144927 0.000000 0.000000 1.000000 0.000000
-0.653516 0.756913 0.000000 315.538173 -0.756913 -0.653516 0.000000 -305.395465 0.000000 0.000000 1.000000 0.000000
-0.655368 0.755310 0.000000 313.531150 -0.755310 -0.655368 0.000000 -307.675750 0.000000 0.000000 1.000000 0.000000
-0.658721 0.752387 0.000000 311.587721 -0.752387 -0.658721 0.000000 -309.994131 0.000000 0.000000 1.000000 0.000000
-0.661389 0.750043 0.000000 309.619537 -0.750043 -0.661389 0.000000 -312.277654 0.000000 0.000000 1.000000 0.000000
-0.664041 0.747696 0.000000 307.651079 -0.747696 -0.664041 0.000000 -314.544608 0.000000 0.000000 1.000000 0.000000
-0.666469 0.745533 0.000000 305.688921 -0.745533 -0.666469 0.000000 -316.797568 0.000000 0.000000 1.000000 0.000000
-0.666016 0.745937 0.000000 303.736926 -0.745937 -0.666016 0.000000 -319.046796 0.000000 0.000000 1.000000 0.000000
-0.663211 0.748432 0.000000 301.765379 -0.748432 -0.663211 0.000000 -321.339666 0.000000 0.000000 1.000000 0.000000
-0.658641 0.752458 0.000000 299.756085 -0.752458 -0.658641 0.000000 -323.645717 0.000000 0.000000 1.000000 0.000000
-0.653052 0.757313 0.000000 297.788048 -0.757313 -0.653052 0.000000 -325.969657 0.000000 0.000000 1.000000 0.000000
-0.647391 0.762158 0.000000 295.849381 -0.762158 -0.647391 0.000000 -328.371873 0.000000 0.000000 1.000000 0.000000
-0.636906 0.770941 0.000000 293.860248 -0.770941 -0.636906 0.000000 -330.725148 0.000000 0.000000 1.000000 0.000000
-0.626606 0.779336 0.000000 291.859765 -0.779336 -0.626606 0.000000 -333.135366 0.000000 0.000000 1.000000 0.000000
-0.616743 0.787164 0.000000 290.056345 -0.787164 -0.616743 0.000000 -335.618887 0.000000 0.000000 1.000000 0.000000
-0.606582 0.795021 0.000000 288.187085 -0.795021 -0.606582 0.000000 -338.117995 0.000000 0.000000 1.000000 0.000000
-0.595451 0.803392 0.000000 286.309325 -0.803392 -0.595451 0.000000 -340.687819 0.000000 0.000000 1.000000 0.000000
-0.584879 0.811121 0.000000 284.493307 -0.811121 -0.584879 0.000000 -343.187718 0.000000 0.000000 1.000000 0.000000
-0.574177 0.818732 0.000000 282.576405 -0.818732 -0.574177 0.000000 -345.769150 0.000000 0.000000 1.000000 0.000000
-0.564810 0.825221 0.000000 280.817309 -0.825221 -0.564810 0.000000 -348.435197 0.000000 0.000000 1.000000 0.000000
-0.553668 0.832738 0.000000 279.075190 -0.832738 -0.553668 0.000000 -351.041974 0.000000 0.000000 1.000000 0.000000
-0.544877 0.838516 0.000000 277.315782 -0.838516 -0.544877 0.000000 -353.798922 0.000000 0.000000 1.000000 0.000000
-0.537605 0.843197 0.000000 275.629966 -0.843197 -0.537605 0.000000 -356.450585 0.000000 0.000000 1.000000 0.000000
-0.531456 0.847086 0.000000 273.935777 -0.847086 -0.531456 0.000000 -359.184567 0.000000 0.000000 1.000000 0.000000
-0.531686 0.846941 0.000000 272.301818 -0.846941 -0.531686 0.000000 -361.987089 0.000000 0.000000 1.000000 0.000000
-0.532718 0.846293 0.000000 270.653915 -0.846293 -0.532718 0.000000 -364.705918 0.000000 0.000000 1.000000 0.000000
