0.999296 -0.037516 0.000000 3.273143 0.037516 0.999296 0.000000 0.147897 0.000000 0.000000 1.000000 0.000000
0.999231 -0.039211 0.000000 3.932800 0.039211 0.999231 0.000000 0.204629 0.000000 0.000000 1.000000 0.000000
0.999190 -0.040232 0.000000 4.731169 0.040232 0.999190 0.000000 0.205654 0.000000 0.000000 1.000000 0.000000
0.999073 -0.043043 0.000000 5.622792 0.043043 0.999073 0.000000 0.279566 0.000000 0.000000 1.000000 0.000000
0.998941 -0.046011 0.000000 6.540678 0.046011 0.998941 0.000000 0.337116 0.000000 0.000000 1.000000 0.000000
0.998784 -0.049307 0.000000 7.528093 0.049307 0.998784 0.000000 0.397702 0.000000 0.000000 1.000000 0.000000
0.998649 -0.051969 0.000000 8.606004 0.051969 0.998649 0.000000 0.432434 0.000000 0.000000 1.000000 0.000000
0.998503 -0.054701 0.000000 9.707900 0.054701 0.998503 0.000000 0.552043 0.000000 0.000000 1.000000 0.000000
0.998371 -0.057060 0.000000 10.892839 0.057060 0.998371 0.000000 0.618012 0.000000 0.000000 1.000000 0.000000
0.998170 -0.060473 0.000000 12.203495 0.060473 0.998170 0.000000 0.694075 0.000000 0.000000 1.000000 0.000000
0.997919 -0.064474 0.000000 13.519538 0.064474 0.997919 0.000000 0.779994 0.000000 0.000000 1.000000 0.000000
0.997841 -0.065669 0.000000 14.935634 0.065669 0.997841 0.000000 0.845670 0.000000 0.000000 1.000000 0.000000
0.997705 -0.067710 0.000000 16.440931 0.067710 0.997705 0.000000 0.976289 0.000000 0.000000 1.000000 0.000000
0.997615 -0.069022 0.000000 18.003943 0.069022 0.997615 0.000000 1.124495 0.000000 0.000000 1.000000 0.000000
0.997457 -0.071268 0.000000 19.592206 0.071268 0.997457 0.000000 1.237764 0.000000 0.000000 1.000000 0.000000
0.997624 -0.068889 0.000000 21.290748 0.068889 0.997624 0.000000 1.396356 0.000000 0.000000 1.000000 0.000000
0.997732 -0.067317 0.000000 23.046204 0.067317 0.997732 0.000000 1.489958 0.000000 0.000000 1.000000 0.000000
0.998079 -0.061955 0.000000 24.852937 0.061955 0.998079 0.000000 1.632494 0.000000 0.000000 1.000000 0.000000
0.998263 -0.058918 0.000000 26.754316 0.058918 0.998263 0.000000 1.718013 0.000000 0.000000 1.000000 0.000000
0.998566 -0.053538 0.000000 28.702568 0.053538 0.998566 0.000000 1.845119 0.000000 0.000000 1.000000 0.000000
0.998712 -0.050741 0.000000 30.686110 0.050741 0.998712 0.000000 1.969145 0.000000 0.000000 1.000000 0.000000
0.998764 -0.049702 0.000000 32.774685 0.049702 0.998764 0.000000 2.052044 0.000000 0.000000 1.000000 0.000000
0.998793 -0.049126 0.000000 34.887469 0.049126 0.998793 0.000000 2.163666 0.000000 0.000000 1.000000 0.000000
0.998688 -0.051217 0.000000 37.064727 0.051217 0.998688 0.000000 2.257191 0.000000 0.000000 1.000000 0.000000
0.998627 -0.052381 0.000000 39.341853 0.052381 0.998627 0.000000 2.407656 0.000000 0.000000 1.000000 0.000000
0.998389 -0.056741 0.000000 41.589485 0.056741 0.998389 0.000000 2.562225 0.000000 0.000000 1.000000 0.000000
0.998097 -0.061659 0.000000 43.949816 0.061659 0.998097 0.000000 2.710022 0.000000 0.000000 1.000000 0.000000
0.997519 -0.070404 0.000000 46.391096 0.070404 0.997519 0.000000 2.901206 0.000000 0.000000 1.000000 0.000000
0.996932 -0.078274 0.000000 48.847969 0.078274 0.996932 0.000000 3.079101 0.000000 0.000000 1.000000 0.000000
0.996026 -0.089061 0.000000 51.310478 0.089061 0.996026 0.000000 3.292006 0.000000 0.000000 1.000000 0.000000
0.994952 -0.100356 0.000000 53.849639 0.100356 0.994952 0.000000 3.590382 0.000000 0.000000 1.000000 0.000000
0.993491 -0.113907 0.000000 56.445654 0.113907 0.993491 0.000000 3.873943 0.000000 0.000000 1.000000 0.000000
0.991924 -0.126832 0.000000 59.063349 0.126832 0.991924 0.000000 4.264284 0.000000 0.000000 1.000000 0.000000
0.990134 -0.140120 0.000000 61.731468 0.140120 0.990134 0.000000 4.644542 0.000000 0.000000 1.000000 0.000000
0.988374 -0.152041 0.000000 64.479355 0.152041 0.988374 0.000000 5.031954 0.000000 0.000000 1.000000 0.000000
0.987469 -0.157814 0.000000 67.247529 0.157814 0.987469 0.000000 5.595606 0.000000 0.000000 1.000000 0.000000
0.986500 -0.163760 0.000000 70.022313 0.163760 0.986500 0.000000 5.990283 0.000000 0.000000 1.000000 0.000000
0.986236 -0.165344 0.000000 72.917874 0.165344 0.986236 0.000000 6.566701 0.000000 0.000000 1.000000 0.000000
0.986348 -0.164673 0.000000 75.857814 0.164673 0.986348 0.000000 7.013649 0.000000 0.000000 1.000000 0.000000
0.987228 -0.159313 0.000000 78.769285 0.159313 0.987228 0.000000 7.513613 0.000000 0.000000 1.000000 0.000000
0.987791 -0.155784 0.000000 81.752508 0.155784 0.987791 0.000000 7.875286 0.000000 0.000000 1.000000 0.000000
0.988629 -0.150378 0.000000 84.889331 0.150378 0.988629 0.000000 8.366643 0.000000 0.000000 1.000000 0.000000
0.989578 -0.143995 0.000000 87.950702 0.143995 0.989578 0.000000 8.873716 0.000000 0.000000 1.000000 0.000000
0.990492 -0.137569 0.000000 90.925604 0.137569 0.990492 0.000000 9.268938 0.000000 0.000000 1.000000 0.000000
0.991286 -0.131728 0.000000 94.250866 0.131728 0.991286 0.000000 9.762057 0.000000 0.000000 1.000000 0.000000
0.991341 -0.131310 0.000000 97.391734 0.131310 0.991341 0.000000 10.100001 0.000000 0.000000 1.000000 0.000000
0.991823 -0.127617 0.000000 100.502681 0.127617 0.991823 0.000000 10.539427 0.000000 0.000000 1.000000 0.000000
0.991865 -0.127293 0.000000 103.715790 0.127293 0.991865 0.000000 10.976285 0.000000 0.000000 1.000000 0.000000
0.992029 -0.126012 0.000000 106.864213 0.126012 0.992029 0.000000 11.374098 0.000000 0.000000 1.000000 0.000000
0.992149 -0.125058 0.000000 109.984060 0.125058 0.992149 0.000000 11.759537 0.000000 0.000000 1.000000 0.000000
0.992302 -0.123839 0.000000 113.142851 0.123839 0.992302 0.000000 12.162551 0.000000 0.000000 1.000000 0.000000
0.992650 -0.121021 0.000000 116.269020 0.121021 0.992650 0.000000 12.577142 0.000000 0.000000 1.000000 0.000000
0.992921 -0.118775 0.000000 119.354355 0.118775 0.992921 0.000000 12.966249 0.000000 0.000000 1.000000 0.000000
0.993084 -0.117403 0.000000 122.514917 0.117403 0.993084 0.000000 13.416035 0.000000 0.000000 1.000000 0.000000
0.992850 -0.119370 0.000000 125.577983 0.119370 0.992850 0.000000 13.702334 0.000000 0.000000 1.000000 0.000000
0.992704 -0.120573 0.000000 128.728751 0.120573 0.992704 0.000000 14.125218 0.000000 0.000000 1.000000 0.000000
0.992615 -0.121311 0.000000 131.826192 0.121311 0.992615 0.000000 14.526511 0.000000 0.000000 1.000000 0.000000
0.992666 -0.120886 0.000000 134.871679 0.120886 0.992666 0.000000 14.922346 0.000000 0.000000 1.000000 0.000000
0.992666 -0.120892 0.000000 138.034103 0.120892 0.992666 0.000000 15.307464 0.000000 0.000000 1.000000 0.000000
0.992993 -0.118177 0.000000 141.120984 0.118177 0.992993 0.000000 15.670893 0.000000 0.000000 1.000000 0.000000
0.993305 -0.115524 0.000000 144.192686 0.115524 0.993305 0.000000 16.097405 0.000000 0.000000 1.000000 0.000000
0.993455 -0.114228 0.000000 147.252820 0.114228 0.993455 0.000000 16.445763 0.000000 0.000000 1.000000 0.000000
0.993174 -0.116638 0.000000 150.386020 0.116638 0.993174 0.000000 16.768588 0.000000 0.000000 1.000000 0.000000
0.993253 -0.115966 0.000000 153.501507 0.115966 0.993253 0.000000 17.179283 0.000000 0.000000 1.000000 0.000000
0.993400 -0.114701 0.000000 156.608631 0.114701 0.993400 0.000000 17.555151 0.000000 0.000000 1.000000 0.000000
0.993688 -0.112176 0.000000 159.718510 0.112176 0.993688 0.000000 17.896516 0.000000 0.000000 1.000000 0.000000
0.993788 -0.111287 0.000000 162.718986 0.111287 0.993788 0.000000 18.307961 0.000000 0.000000 1.000000 0.000000
0.993769 -0.111456 0.000000 165.807743 0.111456 0.993769 0.000000 18.631241 0.000000 0.000000 1.000000 0.000000
0.993435 -0.114397 0.000000 168.899775 0.114397 0.993435 0.000000 18.954183 0.000000 0.000000 1.000000 0.000000
0.993294 -0.115616 0.000000 171.919932 0.115616 0.993294 0.000000 19.341512 0.000000 0.000000 1.000000 0.000000
0.993232 -0.116148 0.000000 175.044082 0.116148 0.993232 0.000000 19.717658 0.000000 0.000000 1.000000 0.000000
0.993261 -0.115897 0.000000 178.110391 0.115897 0.993261 0.000000 20.116283 0.000000 0.000000 1.000000 0.000000
0.992968 -0.118383 0.000000 181.184656 0.118383 0.992968 0.000000 20.442904 0.000000 0.000000 1.000000 0.000000
0.992956 -0.118480 0.000000 184.320021 0.118480 0.992956 0.000000 20.862614 0.000000 0.000000 1.000000 0.000000
0.992956 -0.118480 0.000000 187.407843 0.118480 0.992956 0.000000 21.200161 0.000000 0.000000 1.000000 0.000000
0.993143 -0.116905 0.000000 190.555847 0.116905 0.993143 0.000000 21.642952 0.000000 0.000000 1.000000 0.000000
0.993379 -0.114879 0.000000 193.580222 0.114879 0.993379 0.000000 22.066987 0.000000 0.000000 1.000000 0.000000
0.993432 -0.114426 0.000000 196.709580 0.114426 0.993432 0.000000 22.429349 0.000000 0.000000 1.000000 0.000000
0.993611 -0.112860 0.000000 199.822439 0.112860 0.993611 0.000000 22.776224 0.000000 0.000000 1.000000 0.000000
0.993587 -0.113070 0.000000 202.938101 0.113070 0.993587 0.000000 23.164329 0.000000 0.000000 1.000000 0.000000
0.993334 -0.115273 0.000000 206.074504 0.115273 0.993334 0.000000 23.567902 0.000000 0.000000 1.000000 0.000000
0.993052 -0.117673 0.000000 209.210928 0.117673 0.993052 0.000000 23.995689 0.000000 0.000000 1.000000 0.000000
0.992977 -0.118306 0.000000 212.336608 0.118306 0.992977 0.000000 24.401468 0.000000 0.000000 1.000000 0.000000
0.993029 -0.117868 0.000000 215.494351 0.117868 0.993029 0.000000 24.815368 0.000000 0.000000 1.000000 0.000000
0.992971 -0.118358 0.000000 218.629450 0.118358 0.992971 0.000000 25.166777 0.000000 0.000000 1.000000 0.000000
0.993088 -0.117371 0.000000 221.734091 0.117371 0.993088 0.000000 25.542811 0.000000 0.000000 1.000000 0.000000
0.993231 -0.116158 0.000000 224.819678 0.116158 0.993231 0.000000 25.917884 0.000000 0.000000 1.000000 0.000000
0.993568 -0.113239 0.000000 227.871933 0.113239 0.993568 0.000000 26.295587 0.000000 0.000000 1.000000 0.000000
0.994228 -0.107287 0.000000 230.923933 0.107287 0.994228 0.000000 26.696374 0.000000 0.000000 1.000000 0.000000
0.994453 -0.105180 0.000000 233.866320 0.105180 0.994453 0.000000 27.052637 0.000000 0.000000 1.000000 0.000000
0.994565 -0.104117 0.000000 236.949363 0.104117 0.994565 0.000000 27.368517 0.000000 0.000000 1.000000 0.000000
0.994477 -0.104959 0.000000 240.001745 0.104959 0.994477 0.000000 27.661662 0.000000 0.000000 1.000000 0.000000
0.994209 -0.107464 0.000000 243.046270 0.107464 0.994209 0.000000 28.085862 0.000000 0.000000 1.000000 0.000000
0.993978 -0.109578 0.000000 246.057020 0.109578 0.993978 0.000000 28.400816 0.000000 0.000000 1.000000 0.000000
0.993732 -0.111789 0.000000 249.110096 0.111789 0.993732 0.000000 28.697089 0.000000 0.000000 1.000000 0.000000
0.993894 -0.110340 0.000000 252.133206 0.110340 0.993894 0.000000 29.158571 0.000000 0.000000 1.000000 0.000000
0.993356 -0.115084 0.000000 255.108688 0.115084 0.993356 0.000000 29.512315 0.000000 0.000000 1.000000 0.000000
0.992776 -0.119979 0.000000 258.219741 0.119979 0.992776 0.000000 29.860888 0.000000 0.000000 1.000000 0.000000
0.992124 -0.125263 0.000000 261.256493 0.125263 0.992124 0.000000 30.171881 0.000000 0.000000 1.000000 0.000000
0.991801 -0.127788 0.000000 264.220041 0.127788 0.991801 0.000000 30.576482 0.000000 0.000000 1.000000 0.000000
0.991754 -0.128159 0.000000 267.197985 0.128159 0.991754 0.000000 30.934843 0.000000 0.000000 1.000000 0.000000
0.992103 -0.125425 0.000000 270.200444 0.125425 0.992103 0.000000 31.327922 0.000000 0.000000 1.000000 0.000000
0.992444 -0.122702 0.000000 273.103078 0.122702 0.992444 0.000000 31.771024 0.000000 0.000000 1.000000 0.000000
0.992772 -0.120019 0.000000 276.115286 0.120019 0.992772 0.000000 32.087604 0.000000 0.000000 1.000000 0.000000
0.993108 -0.117207 0.000000 279.028617 0.117207 0.993108 0.000000 32.452589 0.000000 0.000000 1.000000 0.000000
0.993169 -0.116689 0.000000 281.912869 0.116689 0.993169 0.000000 32.760068 0.000000 0.000000 1.000000 0.000000
0.993032 -0.117847 0.000000 284.858073 0.117847 0.993032 0.000000 33.110231 0.000000 0.000000 1.000000 0.000000
0.993145 -0.116885 0.000000 287.704135 0.116885 0.993145 0.000000 33.506178 0.000000 0.000000 1.000000 0.000000
0.993131 -0.117005 0.000000 290.590432 0.117005 0.993131 0.000000 33.855384 0.000000 0.000000 1.000000 0.000000
0.993262 -0.115894 0.000000 293.477058 0.115894 0.993262 0.000000 34.156633 0.000000 0.000000 1.000000 0.000000
0.993485 -0.113963 0.000000 296.388413 0.113963 0.993485 0.000000 34.571467 0.000000 0.000000 1.000000 0.000000
0.993387 -0.114815 0.000000 299.268298 0.114815 0.993387 0.000000 34.821053 0.000000 0.000000 1.000000 0.000000
0.993585 -0.113088 0.000000 302.230107 0.113088 0.993585 0.000000 35.249498 0.000000 0.000000 1.000000 0.000000
0.993538 -0.113496 0.000000 305.189314 0.113496 0.993538 0.000000 35.612419 0.000000 0.000000 1.000000 0.000000
0.993688 -0.112182 0.000000 308.112911 0.112182 0.993688 0.000000 35.976877 0.000000 0.000000 1.000000 0.000000
0.993625 -0.112740 0.000000 311.098196 0.112740 0.993625 0.000000 36.301395 0.000000 0.000000 1.000000 0.000000
0.993445 -0.114307 0.000000 314.062713 0.114307 0.993445 0.000000 36.664458 0.000000 0.000000 1.000000 0.000000
0.993386 -0.114826 0.000000 317.154615 0.114826 0.993386 0.000000 37.069716 0.000000 0.000000 1.000000 0.000000
0.993269 -0.115830 0.000000 320.165985 0.115830 0.993269 0.000000 37.423760 0.000000 0.000000 1.000000 0.000000
0.993230 -0.116160 0.000000 323.293057 0.116160 0.993230 0.000000 37.790282 0.000000 0.000000 1.000000 0.000000
0.993053 -0.117668 0.000000 326.375038 0.117668 0.993053 0.000000 38.231069 0.000000 0.000000 1.000000 0.000000
0.993048 -0.117710 0.000000 329.502654 0.117710 0.993048 0.000000 38.622596 0.000000 0.000000 1.000000 0.000000
0.993208 -0.116351 0.000000 332.735866 0.116351 0.993208 0.000000 38.972070 0.000000 0.000000 1.000000 0.000000
0.993078 -0.117457 0.000000 335.933937 0.117457 0.993078 0.000000 39.417095 0.000000 0.000000 1.000000 0.000000
0.993043 -0.117750 0.000000 339.186479 0.117750 0.993043 0.000000 39.790192 0.000000 0.000000 1.000000 0.000000
0.993073 -0.117495 0.000000 342.445825 0.117495 0.993073 0.000000 40.239452 0.000000 0.000000 1.000000 0.000000
0.993054 -0.117662 0.000000 345.725484 0.117662 0.993054 0.000000 40.636282 0.000000 0.000000 1.000000 0.000000
0.992892 -0.119021 0.000000 349.034656 0.119021 0.992892 0.000000 41.016351 0.000000 0.000000 1.000000 0.000000
0.992762 -0.120099 0.000000 352.401493 0.120099 0.992762 0.000000 41.365877 0.000000 0.000000 1.000000 0.000000
0.992659 -0.120943 0.000000 355.762486 0.120943 0.992659 0.000000 41.883154 0.000000 0.000000 1.000000 0.000000
0.992631 -0.121176 0.000000 359.160640 0.121176 0.992631 0.000000 42.299716 0.000000 0.000000 1.000000 0.000000
0.992661 -0.120932 0.000000 362.589255 0.120932 0.992661 0.000000 42.730456 0.000000 0.000000 1.000000 0.000000
0.992737 -0.120306 0.000000 366.090080 0.120306 0.992737 0.000000 43.173008 0.000000 0.000000 1.000000 0.000000
0.992880 -0.119123 0.000000 369.568252 0.119123 0.992880 0.000000 43.618781 0.000000 0.000000 1.000000 0.000000
0.992938 -0.118635 0.000000 373.101496 0.118635 0.992938 0.000000 43.943606 0.000000 0.000000 1.000000 0.000000
0.992965 -0.118409 0.000000 376.623365 0.118409 0.992965 0.000000 44.532173 0.000000 0.000000 1.000000 0.000000
0.993146 -0.116877 0.000000 380.171157 0.116877 0.993146 0.000000 44.938974 0.000000 0.000000 1.000000 0.000000
0.993246 -0.116026 0.000000 383.762658 0.116026 0.993246 0.000000 45.327884 0.000000 0.000000 1.000000 0.000000
0.993367 -0.114990 0.000000 387.367458 0.114990 0.993367 0.000000 45.778122 0.000000 0.000000 1.000000 0.000000
0.993405 -0.114656 0.000000 390.968504 0.114656 0.993405 0.000000 46.186769 0.000000 0.000000 1.000000 0.000000
0.993397 -0.114724 0.000000 394.550134 0.114724 0.993397 0.000000 46.648881 0.000000 0.000000 1.000000 0.000000
0.993169 -0.116689 0.000000 398.169170 0.116689 0.993169 0.000000 47.107772 0.000000 0.000000 1.000000 0.000000
0.993156 -0.116797 0.000000 401.783712 0.116797 0.993156 0.000000 47.562813 0.000000 0.000000 1.000000 0.000000
0.993209 -0.116342 0.000000 405.388716 0.116342 0.993209 0.000000 48.093019 0.000000 0.000000 1.000000 0.000000
0.993304 -0.115534 0.000000 408.967551 0.115534 0.993304 0.000000 48.494110 0.000000 0.000000 1.000000 0.000000
0.993066 -0.117561 0.000000 412.553411 0.117561 0.993066 0.000000 48.858748 0.000000 0.000000 1.000000 0.000000
0.992734 -0.120332 0.000000 416.124915 0.120332 0.992734 0.000000 49.381224 0.000000 0.000000 1.000000 0.000000
0.992312 -0.123758 0.000000 419.773521 0.123758 0.992312 0.000000 49.823143 0.000000 0.000000 1.000000 0.000000
0.992210 -0.124578 0.000000 423.417856 0.124578 0.992210 0.000000 50.317254 0.000000 0.000000 1.000000 0.000000
0.992250 -0.124259 0.000000 427.079201 0.124259 0.992250 0.000000 50.827695 0.000000 0.000000 1.000000 0.000000
0.992569 -0.121686 0.000000 430.656831 0.121686 0.992569 0.000000 51.273752 0.000000 0.000000 1.000000 0.000000
0.992837 -0.119476 0.000000 434.293772 0.119476 0.992837 0.000000 51.635487 0.000000 0.000000 1.000000 0.000000
0.992812 -0.119685 0.000000 437.950897 0.119685 0.992812 0.000000 52.117534 0.000000 0.000000 1.000000 0.000000
0.992847 -0.119394 0.000000 441.587099 0.119394 0.992847 0.000000 52.689532 0.000000 0.000000 1.000000 0.000000
0.992911 -0.118856 0.000000 445.265929 0.118856 0.992911 0.000000 53.057982 0.000000 0.000000 1.000000 0.000000
0.993018 -0.117961 0.000000 448.968696 0.117961 0.993018 0.000000 53.447607 0.000000 0.000000 1.000000 0.000000
0.993215 -0.116297 0.000000 452.594865 0.116297 0.993215 0.000000 53.930033 0.000000 0.000000 1.000000 0.000000
0.993337 -0.115244 0.000000 456.295622 0.115244 0.993337 0.000000 54.461560 0.000000 0.000000 1.000000 0.000000
0.993465 -0.114135 0.000000 460.044012 0.114135 0.993465 0.000000 54.841217 0.000000 0.000000 1.000000 0.000000
0.993178 -0.116611 0.000000 463.760251 0.116611 0.993178 0.000000 55.256730 0.000000 0.000000 1.000000 0.000000
0.993336 -0.115253 0.000000 467.474861 0.115253 0.993336 0.000000 55.790944 0.000000 0.000000 1.000000 0.000000
0.993207 -0.116358 0.000000 471.165578 0.116358 0.993207 0.000000 56.185618 0.000000 0.000000 1.000000 0.000000
0.993135 -0.116975 0.000000 474.914433 0.116975 0.993135 0.000000 56.724438 0.000000 0.000000 1.000000 0.000000
0.993037 -0.117802 0.000000 478.641280 0.117802 0.993037 0.000000 57.137073 0.000000 0.000000 1.000000 0.000000
0.992714 -0.120497 0.000000 482.357726 0.120497 0.992714 0.000000 57.674273 0.000000 0.000000 1.000000 0.000000
0.992610 -0.121352 0.000000 486.134326 0.121352 0.992610 0.000000 58.083974 0.000000 0.000000 1.000000 0.000000
0.992384 -0.123179 0.000000 489.817268 0.123179 0.992384 0.000000 58.631212 0.000000 0.000000 1.000000 0.000000
0.992326 -0.123653 0.000000 493.557907 0.123653 0.992326 0.000000 59.006980 0.000000 0.000000 1.000000 0.000000
0.992500 -0.122242 0.000000 497.199595 0.122242 0.992500 0.000000 59.589515 0.000000 0.000000 1.000000 0.000000
0.992757 -0.120143 0.000000 500.854008 0.120143 0.992757 0.000000 60.010328 0.000000 0.000000 1.000000 0.000000
0.992605 -0.121392 0.000000 504.477107 0.121392 0.992605 0.000000 60.366410 0.000000 0.000000 1.000000 0.000000
0.992628 -0.121202 0.000000 508.111333 0.121202 0.992628 0.000000 60.901185 0.000000 0.000000 1.000000 0.000000
0.992839 -0.119462 0.000000 511.752112 0.119462 0.992839 0.000000 61.429660 0.000000 0.000000 1.000000 0.000000
0.993001 -0.118103 0.000000 515.333442 0.118103 0.993001 0.000000 61.999414 0.000000 0.000000 1.000000 0.000000
0.993022 -0.117926 0.000000 518.926404 0.117926 0.993022 0.000000 62.364620 0.000000 0.000000 1.000000 0.000000
0.992738 -0.120297 0.000000 522.513101 0.120297 0.992738 0.000000 62.785702 0.000000 0.000000 1.000000 0.000000
0.992648 -0.121033 0.000000 526.123613 0.121033 0.992648 0.000000 63.214228 0.000000 0.000000 1.000000 0.000000
0.992584 -0.121565 0.000000 529.708193 0.121565 0.992584 0.000000 63.762475 0.000000 0.000000 1.000000 0.000000
0.992516 -0.122112 0.000000 533.302193 0.122112 0.992516 0.000000 64.181006 0.000000 0.000000 1.000000 0.000000
0.992725 -0.120407 0.000000 536.856745 0.120407 0.992725 0.000000 64.736927 0.000000 0.000000 1.000000 0.000000
0.992498 -0.122261 0.000000 540.450511 0.122261 0.992498 0.000000 65.121798 0.000000 0.000000 1.000000 0.000000
0.992540 -0.121921 0.000000 544.052495 0.121921 0.992540 0.000000 65.591541 0.000000 0.000000 1.000000 0.000000
0.992479 -0.122419 0.000000 547.644814 0.122419 0.992479 0.000000 66.112642 0.000000 0.000000 1.000000 0.000000
0.992395 -0.123091 0.000000 551.249222 0.123091 0.992395 0.000000 66.517036 0.000000 0.000000 1.000000 0.000000
0.992420 -0.122892 0.000000 554.859689 0.122892 0.992420 0.000000 66.948544 0.000000 0.000000 1.000000 0.000000
0.992447 -0.122675 0.000000 558.455382 0.122675 0.992447 0.000000 67.387373 0.000000 0.000000 1.000000 0.000000
0.992545 -0.121879 0.000000 562.030031 0.121879 0.992545 0.000000 67.894282 0.000000 0.000000 1.000000 0.000000
0.992512 -0.122149 0.000000 565.707570 0.122149 0.992512 0.000000 68.295659 0.000000 0.000000 1.000000 0.000000
0.992271 -0.124090 0.000000 569.313028 0.124090 0.992271 0.000000 68.720840 0.000000 0.000000 1.000000 0.000000
0.992068 -0.125704 0.000000 572.943531 0.125704 0.992068 0.000000 69.187727 0.000000 0.000000 1.000000 0.000000
0.992009 -0.126170 0.000000 576.560208 0.126170 0.992009 0.000000 69.631573 0.000000 0.000000 1.000000 0.000000
0.991944 -0.126675 0.000000 580.220913 0.126675 0.991944 0.000000 70.149454 0.000000 0.000000 1.000000 0.000000
0.991943 -0.126688 0.000000 583.903680 0.126688 0.991943 0.000000 70.527390 0.000000 0.000000 1.000000 0.000000
0.991729 -0.128352 0.000000 587.593624 0.128352 0.991729 0.000000 71.040222 0.000000 0.000000 1.000000 0.000000
0.992052 -0.125831 0.000000 591.297143 0.125831 0.992052 0.000000 71.559746 0.000000 0.000000 1.000000 0.000000
0.992075 -0.125643 0.000000 595.007669 0.125643 0.992075 0.000000 71.987287 0.000000 0.000000 1.000000 0.000000
0.992435 -0.122773 0.000000 598.764680 0.122773 0.992435 0.000000 72.400784 0.000000 0.000000 1.000000 0.000000
0.992704 -0.120576 0.000000 602.503398 0.120576 0.992704 0.000000 72.975958 0.000000 0.000000 1.000000 0.000000
0.992585 -0.121551 0.000000 606.178594 0.121551 0.992585 0.000000 73.387127 0.000000 0.000000 1.000000 0.000000
0.992505 -0.122204 0.000000 609.991975 0.122204 0.992505 0.000000 73.922303 0.000000 0.000000 1.000000 0.000000
0.992291 -0.123927 0.000000 613.711103 0.123927 0.992291 0.000000 74.329804 0.000000 0.000000 1.000000 0.000000
0.992383 -0.123191 0.000000 617.561799 0.123191 0.992383 0.000000 74.829835 0.000000 0.000000 1.000000 0.000000
0.992092 -0.125509 0.000000 621.198938 0.125509 0.992092 0.000000 75.328388 0.000000 0.000000 1.000000 0.000000
0.992004 -0.126203 0.000000 624.935597 0.126203 0.992004 0.000000 75.751017 0.000000 0.000000 1.000000 0.000000
0.992193 -0.124714 0.000000 628.721163 0.124714 0.992193 0.000000 76.309884 0.000000 0.000000 1.000000 0.000000
0.992424 -0.122859 0.000000 632.557990 0.122859 0.992424 0.000000 76.761376 0.000000 0.000000 1.000000 0.000000
0.992536 -0.121948 0.000000 636.339573 0.121948 0.992536 0.000000 77.255412 0.000000 0.000000 1.000000 0.000000
0.992658 -0.120955 0.000000 640.088727 0.120955 0.992658 0.000000 77.747688 0.000000 0.000000 1.000000 0.000000
0.992652 -0.121007 0.000000 643.895713 0.121007 0.992652 0.000000 78.202342 0.000000 0.000000 1.000000 0.000000
0.992635 -0.121143 0.000000 647.671031 0.121143 0.992635 0.000000 78.690351 0.000000 0.000000 1.000000 0.000000
0.992425 -0.122856 0.000000 651.376906 0.122856 0.992425 0.000000 79.091746 0.000000 0.000000 1.000000 0.000000
0.992045 -0.125882 0.000000 655.124708 0.125882 0.992045 0.000000 79.532514 0.000000 0.000000 1.000000 0.000000
0.992182 -0.124802 0.000000 658.930514 0.124802 0.992182 0.000000 80.126235 0.000000 0.000000 1.000000 0.000000
0.992203 -0.124634 0.000000 662.581433 0.124634 0.992203 0.000000 80.745149 0.000000 0.000000 1.000000 0.000000
0.991682 -0.128709 0.000000 666.229629 0.128709 0.991682 0.000000 81.131768 0.000000 0.000000 1.000000 0.000000
0.991663 -0.128861 0.000000 669.877908 0.128861 0.991663 0.000000 81.631118 0.000000 0.000000 1.000000 0.000000
0.991841 -0.127480 0.000000 673.614763 0.127480 0.991841 0.000000 82.150435 0.000000 0.000000 1.000000 0.000000
0.991897 -0.127042 0.000000 677.309085 0.127042 0.991897 0.000000 82.618058 0.000000 0.000000 1.000000 0.000000
0.992033 -0.125978 0.000000 681.126424 0.125978 0.992033 0.000000 83.129602 0.000000 0.000000 1.000000 0.000000
0.992105 -0.125411 0.000000 684.815736 0.125411 0.992105 0.000000 83.605067 0.000000 0.000000 1.000000 0.000000
0.992054 -0.125811 0.000000 688.432545 0.125811 0.992054 0.000000 84.034923 0.000000 0.000000 1.000000 0.000000
0.991870 -0.127256 0.000000 692.181270 0.127256 0.991870 0.000000 84.471118 0.000000 0.000000 1.000000 0.000000
0.992039 -0.125932 0.000000 695.889214 0.125932 0.992039 0.000000 84.934859 0.000000 0.000000 1.000000 0.000000
0.992450 -0.122652 0.000000 699.515288 0.122652 0.992450 0.000000 85.495947 0.000000 0.000000 1.000000 0.000000
0.992319 -0.123706 0.000000 703.173608 0.123706 0.992319 0.000000 85.958614 0.000000 0.000000 1.000000 0.000000
0.992513 -0.122140 0.000000 706.915412 0.122140 0.992513 0.000000 86.510206 0.000000 0.000000 1.000000 0.000000
0.992377 -0.123241 0.000000 710.579889 0.123241 0.992377 0.000000 86.879060 0.000000 0.000000 1.000000 0.000000
0.992243 -0.124311 0.000000 714.259121 0.124311 0.992243 0.000000 87.339168 0.000000 0.000000 1.000000 0.000000
0.992123 -0.125264 0.000000 717.942578 0.125264 0.992123 0.000000 87.860170 0.000000 0.000000 1.000000 0.000000
0.991804 -0.127768 0.000000 721.679488 0.127768 0.991804 0.000000 88.323424 0.000000 0.000000 1.000000 0.000000
0.991936 -0.126742 0.000000 725.362254 0.126742 0.991936 0.000000 88.783906 0.000000 0.000000 1.000000 0.000000
0.991851 -0.127403 0.000000 729.046809 0.127403 0.991851 0.000000 89.279379 0.000000 0.000000 1.000000 0.000000
0.992056 -0.125796 0.000000 732.702143 0.125796 0.992056 0.000000 89.735020 0.000000 0.000000 1.000000 0.000000
0.992149 -0.125065 0.000000 736.393415 0.125065 0.992149 0.000000 90.216641 0.000000 0.000000 1.000000 0.000000
0.992239 -0.124346 0.000000 740.096248 0.124346 0.992239 0.000000 90.764292 0.000000 0.000000 1.000000 0.000000
0.992163 -0.124949 0.000000 743.766584 0.124949 0.992163 0.000000 91.223331 0.000000 0.000000 1.000000 0.000000
0.991833 -0.127541 0.000000 747.500648 0.127541 0.991833 0.000000 91.672953 0.000000 0.000000 1.000000 0.000000
0.991804 -0.127770 0.000000 751.188792 0.127770 0.991804 0.000000 92.221310 0.000000 0.000000 1.000000 0.000000
0.991787 -0.127900 0.000000 754.913669 0.127900 0.991787 0.000000 92.604730 0.000000 0.000000 1.000000 0.000000
0.991713 -0.128476 0.000000 758.594178 0.128476 0.991713 0.000000 93.148638 0.000000 0.000000 1.000000 0.000000
0.991876 -0.127207 0.000000 762.305025 0.127207 0.991876 0.000000 93.661122 0.000000 0.000000 1.000000 0.000000
0.991768 -0.128051 0.000000 766.018076 0.128051 0.991768 0.000000 94.114848 0.000000 0.000000 1.000000 0.000000
0.991886 -0.127128 0.000000 769.653201 0.127128 0.991886 0.000000 94.643480 0.000000 0.000000 1.000000 0.000000
0.991775 -0.127990 0.000000 773.388016 0.127990 0.991775 0.000000 94.996341 0.000000 0.000000 1.000000 0.000000
0.991818 -0.127657 0.000000 777.081508 0.127657 0.991818 0.000000 95.549843 0.000000 0.000000 1.000000 0.000000
0.991960 -0.126553 0.000000 780.857516 0.126553 0.991960 0.000000 96.023693 0.000000 0.000000 1.000000 0.000000
0.991994 -0.126285 0.000000 784.500267 0.126285 0.991994 0.000000 96.571796 0.000000 0.000000 1.000000 0.000000
0.991508 -0.130049 0.000000 788.264060 0.130049 0.991508 0.000000 96.947628 0.000000 0.000000 1.000000 0.000000
0.991377 -0.131043 0.000000 791.977462 0.131043 0.991377 0.000000 97.473198 0.000000 0.000000 1.000000 0.000000
0.991447 -0.130508 0.000000 795.702918 0.130508 0.991447 0.000000 97.938991 0.000000 0.000000 1.000000 0.000000
0.991606 -0.129295 0.000000 799.374246 0.129295 0.991606 0.000000 98.408580 0.000000 0.000000 1.000000 0.000000
0.991711 -0.128491 0.000000 803.100892 0.128491 0.991711 0.000000 98.915598 0.000000 0.000000 1.000000 0.000000
0.991714 -0.128462 0.000000 806.773567 0.128462 0.991714 0.000000 99.361364 0.000000 0.000000 1.000000 0.000000
0.991788 -0.127896 0.000000 810.533079 0.127896 0.991788 0.000000 99.921264 0.000000 0.000000 1.000000 0.000000
0.991661 -0.128871 0.000000 814.246702 0.128871 0.991661 0.000000 100.337504 0.000000 0.000000 1.000000 0.000000
0.991852 -0.127393 0.000000 817.947018 0.127393 0.991852 0.000000 100.894123 0.000000 0.000000 1.000000 0.000000
0.992015 -0.126118 0.000000 821.660189 0.126118 0.992015 0.000000 101.376113 0.000000 0.000000 1.000000 0.000000
0.991869 -0.127263 0.000000 825.380304 0.127263 0.991869 0.000000 101.907046 0.000000 0.000000 1.000000 0.000000
0.991519 -0.129961 0.000000 829.115934 0.129961 0.991519 0.000000 102.309159 0.000000 0.000000 1.000000 0.000000
0.991239 -0.132083 0.000000 832.856064 0.132083 0.991239 0.000000 102.799465 0.000000 0.000000 1.000000 0.000000
0.991285 -0.131737 0.000000 836.593850 0.131737 0.991285 0.000000 103.355793 0.000000 0.000000 1.000000 0.000000
0.991225 -0.132188 0.000000 840.316628 0.132188 0.991225 0.000000 103.814478 0.000000 0.000000 1.000000 0.000000
0.991150 -0.132744 0.000000 844.043062 0.132744 0.991150 0.000000 104.339765 0.000000 0.000000 1.000000 0.000000
0.990827 -0.135139 0.000000 847.781475 0.135139 0.990827 0.000000 104.720249 0.000000 0.000000 1.000000 0.000000
0.990901 -0.134591 0.000000 851.493025 0.134591 0.990901 0.000000 105.242887 0.000000 0.000000 1.000000 0.000000
0.990681 -0.136203 0.000000 855.233063 0.136203 0.990681 0.000000 105.865288 0.000000 0.000000 1.000000 0.000000
0.990708 -0.136007 0.000000 858.984069 0.136007 0.990708 0.000000 106.348904 0.000000 0.000000 1.000000 0.000000
0.990752 -0.135689 0.000000 862.711446 0.135689 0.990752 0.000000 106.807971 0.000000 0.000000 1.000000 0.000000
0.990106 -0.140320 0.000000 866.431015 0.140320 0.990106 0.000000 107.289807 0.000000 0.000000 1.000000 0.000000
0.990476 -0.137683 0.000000 870.100845 0.137683 0.990476 0.000000 107.944347 0.000000 0.000000 1.000000 0.000000
0.990223 -0.139496 0.000000 873.803627 0.139496 0.990223 0.000000 108.455769 0.000000 0.000000 1.000000 0.000000
0.989993 -0.141117 0.000000 877.458297 0.141117 0.989993 0.000000 109.017665 0.000000 0.000000 1.000000 0.000000
0.990700 -0.136066 0.000000 881.100741 0.136066 0.990700 0.000000 109.575204 0.000000 0.000000 1.000000 0.000000
0.990708 -0.136008 0.000000 884.785746 0.136008 0.990708 0.000000 110.107928 0.000000 0.000000 1.000000 0.000000
0.991312 -0.131533 0.000000 888.415542 0.131533 0.991312 0.000000 110.642828 0.000000 0.000000 1.000000 0.000000
0.990973 -0.134058 0.000000 892.098004 0.134058 0.990973 0.000000 111.162017 0.000000 0.000000 1.000000 0.000000
0.990804 -0.135302 0.000000 895.728127 0.135302 0.990804 0.000000 111.693359 0.000000 0.000000 1.000000 0.000000
0.990725 -0.135884 0.000000 899.343433 0.135884 0.990725 0.000000 112.175211 0.000000 0.000000 1.000000 0.000000
0.990606 -0.136750 0.000000 903.136996 0.136750 0.990606 0.000000 112.698135 0.000000 0.000000 1.000000 0.000000
0.990938 -0.134317 0.000000 906.887343 0.134317 0.990938 0.000000 113.228113 0.000000 0.000000 1.000000 0.000000
0.991124 -0.132938 0.000000 910.569754 0.132938 0.991124 0.000000 113.613009 0.000000 0.000000 1.000000 0.000000
0.991230 -0.132151 0.000000 914.217147 0.132151 0.991230 0.000000 114.214039 0.000000 0.000000 1.000000 0.000000
0.991587 -0.129445 0.000000 917.837370 0.129445 0.991587 0.000000 114.674579 0.000000 0.000000 1.000000 0.000000
0.991448 -0.130501 0.000000 921.553946 0.130501 0.991448 0.000000 115.290289 0.000000 0.000000 1.000000 0.000000
0.991273 -0.131826 0.000000 925.155790 0.131826 0.991273 0.000000 115.627454 0.000000 0.000000 1.000000 0.000000
0.991164 -0.132645 0.000000 928.795415 0.132645 0.991164 0.000000 116.179021 0.000000 0.000000 1.000000 0.000000
0.991279 -0.131777 0.000000 932.451347 0.131777 0.991279 0.000000 116.616326 0.000000 0.000000 1.000000 0.000000
0.991035 -0.133602 0.000000 936.173200 0.133602 0.991035 0.000000 117.101870 0.000000 0.000000 1.000000 0.000000
0.991296 -0.131649 0.000000 939.760976 0.131649 0.991296 0.000000 117.650566 0.000000 0.000000 1.000000 0.000000
0.991586 -0.129450 0.000000 943.437525 0.129450 0.991586 0.000000 118.075485 0.000000 0.000000 1.000000 0.000000
0.991484 -0.130229 0.000000 947.151927 0.130229 0.991484 0.000000 118.621949 0.000000 0.000000 1.000000 0.000000
0.991755 -0.128147 0.000000 950.721795 0.128147 0.991755 0.000000 119.076370 0.000000 0.000000 1.000000 0.000000
0.991804 -0.127771 0.000000 954.383107 0.127771 0.991804 0.000000 119.493219 0.000000 0.000000 1.000000 0.000000
0.992098 -0.125469 0.000000 957.992672 0.125469 0.992098 0.000000 120.067160 0.000000 0.000000 1.000000 0.000000
0.992188 -0.124753 0.000000 961.654268 0.124753 0.992188 0.000000 120.503577 0.000000 0.000000 1.000000 0.000000
0.992934 -0.118668 0.000000 965.365538 0.118668 0.992934 0.000000 120.996642 0.000000 0.000000 1.000000 0.000000
0.993542 -0.113464 0.000000 968.962913 0.113464 0.993542 0.000000 121.407672 0.000000 0.000000 1.000000 0.000000
0.994169 -0.107834 0.000000 972.646610 0.107834 0.994169 0.000000 121.867753 0.000000 0.000000 1.000000 0.000000
0.994910 -0.100768 0.000000 976.266835 0.100768 0.994910 0.000000 122.268155 0.000000 0.000000 1.000000 0.000000
0.995547 -0.094267 0.000000 979.905052 0.094267 0.995547 0.000000 122.646484 0.000000 0.000000 1.000000 0.000000
0.996110 -0.088119 0.000000 983.549190 0.088119 0.996110 0.000000 122.916194 0.000000 0.000000 1.000000 0.000000
0.996897 -0.078716 0.000000 987.192351 0.078716 0.996897 0.000000 123.280914 0.000000 0.000000 1.000000 0.000000
0.997570 -0.069668 0.000000 990.812046 0.069668 0.997570 0.000000 123.618341 0.000000 0.000000 1.000000 0.000000
0.998103 -0.061570 0.000000 994.474370 0.061570 0.998103 0.000000 123.723375 0.000000 0.000000 1.000000 0.000000
0.998503 -0.054690 0.000000 998.179349 0.054690 0.998503 0.000000 123.856228 0.000000 0.000000 1.000000 0.000000
0.998839 -0.048167 0.000000 1001.824710 0.048167 0.998839 0.000000 124.063241 0.000000 0.000000 1.000000 0.000000
0.998751 -0.049955 0.000000 1005.469568 0.049955 0.998751 0.000000 124.223915 0.000000 0.000000 1.000000 0.000000
0.998840 -0.048151 0.000000 1009.201100 0.048151 0.998840 0.000000 124.386257 0.000000 0.000000 1.000000 0.000000
0.998858 -0.047779 0.000000 1012.780812 0.047779 0.998858 0.000000 124.614891 0.000000 0.000000 1.000000 0.000000
0.998906 -0.046765 0.000000 1016.439905 0.046765 0.998906 0.000000 124.774404 0.000000 0.000000 1.000000 0.000000
0.999084 -0.042784 0.000000 1020.078512 0.042784 0.999084 0.000000 124.934990 0.000000 0.000000 1.000000 0.000000
0.999263 -0.038396 0.000000 1023.748614 0.038396 0.999263 0.000000 125.076612 0.000000 0.000000 1.000000 0.000000
0.999409 -0.034380 0.000000 1027.411684 0.034380 0.999409 0.000000 125.261348 0.000000 0.000000 1.000000 0.000000
0.999454 -0.033046 0.000000 1030.979673 0.033046 0.999454 0.000000 125.377530 0.000000 0.000000 1.000000 0.000000
0.999424 -0.033940 0.000000 1034.642719 0.033940 0.999424 0.000000 125.502079 0.000000 0.000000 1.000000 0.000000
0.999400 -0.034647 0.000000 1038.291838 0.034647 0.999400 0.000000 125.646602 0.000000 0.000000 1.000000 0.000000
0.999370 -0.035502 0.000000 1041.924001 0.035502 0.999370 0.000000 125.759734 0.000000 0.000000 1.000000 0.000000
0.999308 -0.037201 0.000000 1045.542042 0.037201 0.999308 0.000000 125.915316 0.000000 0.000000 1.000000 0.000000
0.999223 -0.039425 0.000000 1049.171256 0.039425 0.999223 0.000000 126.067594 0.000000 0.000000 1.000000 0.000000
0.999236 -0.039094 0.000000 1052.760052 0.039094 0.999236 0.000000 126.275100 0.000000 0.000000 1.000000 0.000000
0.999179 -0.040524 0.000000 1056.395966 0.040524 0.999179 0.000000 126.393466 0.000000 0.000000 1.000000 0.000000
0.999120 -0.041946 0.000000 1060.021383 0.041946 0.999120 0.000000 126.594771 0.000000 0.000000 1.000000 0.000000
0.999068 -0.043163 0.000000 1063.668636 0.043163 0.999068 0.000000 126.734723 0.000000 0.000000 1.000000 0.000000
0.999113 -0.042104 0.000000 1067.271376 0.042104 0.999113 0.000000 126.885307 0.000000 0.000000 1.000000 0.000000
0.999290 -0.037668 0.000000 1070.857357 0.037668 0.999290 0.000000 127.058325 0.000000 0.000000 1.000000 0.000000
0.999413 -0.034253 0.000000 1074.457121 0.034253 0.999413 0.000000 127.169528 0.000000 0.000000 1.000000 0.000000
0.999509 -0.031335 0.000000 1078.066395 0.031335 0.999509 0.000000 127.342292 0.000000 0.000000 1.000000 0.000000
0.999591 -0.028589 0.000000 1081.639670 0.028589 0.999591 0.000000 127.436842 0.000000 0.000000 1.000000 0.000000
0.999629 -0.027224 0.000000 1085.237974 0.027224 0.999629 0.000000 127.623947 0.000000 0.000000 1.000000 0.000000
0.999573 -0.029204 0.000000 1088.849521 0.029204 0.999573 0.000000 127.728420 0.000000 0.000000 1.000000 0.000000
0.999576 -0.029114 0.000000 1092.424771 0.029114 0.999576 0.000000 127.883642 0.000000 0.000000 1.000000 0.000000
0.999495 -0.031788 0.000000 1096.019391 0.031788 0.999495 0.000000 127.989792 0.000000 0.000000 1.000000 0.000000
0.999432 -0.033713 0.000000 1099.616125 0.033713 0.999432 0.000000 128.134988 0.000000 0.000000 1.000000 0.000000
0.999377 -0.035292 0.000000 1103.222093 0.035292 0.999377 0.000000 128.242760 0.000000 0.000000 1.000000 0.000000
0.999329 -0.036614 0.000000 1106.895710 0.036614 0.999329 0.000000 128.374485 0.000000 0.000000 1.000000 0.000000
0.999305 -0.037279 0.000000 1110.398937 0.037279 0.999305 0.000000 128.577391 0.000000 0.000000 1.000000 0.000000
0.999249 -0.038757 0.000000 1114.039537 0.038757 0.999249 0.000000 128.673335 0.000000 0.000000 1.000000 0.000000
0.999200 -0.040000 0.000000 1117.764451 0.040000 0.999200 0.000000 128.786888 0.000000 0.000000 1.000000 0.000000
0.999229 -0.039256 0.000000 1121.254948 0.039256 0.999229 0.000000 128.938510 0.000000 0.000000 1.000000 0.000000
0.999183 -0.040406 0.000000 1124.808604 0.040406 0.999183 0.000000 129.111565 0.000000 0.000000 1.000000 0.000000
0.999145 -0.041355 0.000000 1128.363747 0.041355 0.999145 0.000000 129.276828 0.000000 0.000000 1.000000 0.000000
0.999141 -0.041432 0.000000 1131.861348 0.041432 0.999141 0.000000 129.472662 0.000000 0.000000 1.000000 0.000000
0.998996 -0.044789 0.000000 1135.470944 0.044789 0.998996 0.000000 129.583439 0.000000 0.000000 1.000000 0.000000
0.998969 -0.045387 0.000000 1139.056845 0.045387 0.998969 0.000000 129.742824 0.000000 0.000000 1.000000 0.000000
0.999064 -0.043258 0.000000 1142.553274 0.043258 0.999064 0.000000 129.933362 0.000000 0.000000 1.000000 0.000000
0.999191 -0.040212 0.000000 1146.120180 0.040212 0.999191 0.000000 130.119108 0.000000 0.000000 1.000000 0.000000
0.999275 -0.038081 0.000000 1149.673024 0.038081 0.999275 0.000000 130.242967 0.000000 0.000000 1.000000 0.000000
0.999281 -0.037916 0.000000 1153.243496 0.037916 0.999281 0.000000 130.413386 0.000000 0.000000 1.000000 0.000000
0.999235 -0.039113 0.000000 1156.807597 0.039113 0.999235 0.000000 130.551849 0.000000 0.000000 1.000000 0.000000
0.999295 -0.037555 0.000000 1160.338991 0.037555 0.999295 0.000000 130.673369 0.000000 0.000000 1.000000 0.000000
0.999381 -0.035179 0.000000 1163.838580 0.035179 0.999381 0.000000 130.848459 0.000000 0.000000 1.000000 0.000000
0.999361 -0.035746 0.000000 1167.375081 0.035746 0.999361 0.000000 130.960117 0.000000 0.000000 1.000000 0.000000
0.999359 -0.035806 0.000000 1170.942995 0.035806 0.999359 0.000000 131.089747 0.000000 0.000000 1.000000 0.000000
0.999430 -0.033758 0.000000 1174.475051 0.033758 0.999430 0.000000 131.251213 0.000000 0.000000 1.000000 0.000000
0.999415 -0.034194 0.000000 1178.006123 0.034194 0.999415 0.000000 131.304548 0.000000 0.000000 1.000000 0.000000
0.999489 -0.031969 0.000000 1181.524549 0.031969 0.999489 0.000000 131.546552 0.000000 0.000000 1.000000 0.000000
