-0.533690 -0.845572 0.013521 353123.776303 0.845673 -0.533683 0.004438 4025913.944047 0.003463 0.013803 0.999899 0.000000
-0.531870 -0.846462 0.024809 353123.376963 0.846710 -0.532054 -0.000958 4025914.577529 0.014010 0.020497 0.999692 0.000000
-0.529727 -0.847485 0.034030 353122.937768 0.847954 -0.530068 -0.001173 4025915.278987 0.019032 0.028234 0.999420 0.000000
-0.527706 -0.848837 0.031670 353122.463754 0.849291 -0.527921 0.001807 4025916.043076 0.015186 0.027851 0.999497 0.000000
-0.527086 -0.849733 0.011547 353121.958654 0.849727 -0.526792 0.021327 4025916.862146 -0.012039 0.021053 0.999706 0.000000
-0.526566 -0.850055 0.011588 353121.413667 0.849766 -0.525887 0.036620 4025917.747967 -0.025035 0.029130 0.999262 0.000000
-0.524719 -0.851219 0.009818 353120.826793 0.851081 -0.524317 0.027443 4025918.706307 -0.018213 0.022756 0.999575 0.000000
-0.522616 -0.852483 0.012071 353120.207768 0.852568 -0.522559 0.007690 4025919.725644 -0.000248 0.014311 0.999898 0.000000
-0.520999 -0.853436 0.014368 353119.547461 0.853556 -0.520897 0.010431 4025920.806892 -0.001418 0.017698 0.999842 0.000000
-0.519368 -0.854460 0.012470 353118.856323 0.854551 -0.519309 0.007806 4025921.943613 -0.000194 0.014711 0.999892 0.000000
-0.517822 -0.855368 0.014365 353118.147225 0.855487 -0.517778 0.006945 4025923.114506 0.001497 0.015886 0.999873 0.000000
-0.516302 -0.856289 0.014151 353117.425131 0.856406 -0.516211 0.009752 4025924.313406 -0.001046 0.017154 0.999852 0.000000
-0.514019 -0.857602 0.017390 353116.688634 0.857767 -0.513800 0.015662 4025925.540115 -0.004497 0.022967 0.999726 0.000000
-0.511723 -0.859070 0.011807 353115.942941 0.859144 -0.511615 0.011021 4025926.789449 -0.003427 0.015784 0.999870 0.000000
-0.509772 -0.860151 0.016551 353115.189745 0.860308 -0.509641 0.011635 4025928.059044 -0.001572 0.020170 0.999795 0.000000
-0.505933 -0.862429 0.015765 353114.433676 0.862569 -0.505790 0.012340 4025929.343501 -0.002668 0.019842 0.999800 0.000000
-0.503489 -0.863908 0.012721 353113.683091 0.863999 -0.503470 0.004844 4025930.630533 0.002220 0.013430 0.999907 0.000000
-0.501062 -0.865284 0.014845 353112.934766 0.865401 -0.501066 0.003698 4025931.921155 0.004239 0.014700 0.999883 0.000000
-0.497582 -0.867384 0.007566 353112.203968 0.867404 -0.497507 0.009863 4025933.191027 -0.004791 0.011470 0.999923 0.000000
-0.493464 -0.869755 0.004454 353111.476778 0.869715 -0.493373 0.013340 4025934.468043 -0.009405 0.010456 0.999901 0.000000
-0.489691 -0.871857 0.008248 353110.761002 0.871896 -0.489667 0.004947 4025935.740585 -0.000274 0.009613 0.999954 0.000000
-0.486145 -0.873818 0.010218 353110.054137 0.873854 -0.486185 -0.001724 4025937.008544 0.006474 0.008091 0.999946 0.000000
-0.482445 -0.875899 0.006871 353109.356803 0.875925 -0.482442 0.002181 4025938.272090 0.001405 0.007071 0.999974 0.000000
-0.478610 -0.878012 0.005167 353108.670605 0.878023 -0.478580 0.006019 4025939.527013 -0.002812 0.007417 0.999969 0.000000
-0.474235 -0.880367 0.007411 353107.997069 0.880383 -0.474161 0.009836 4025940.769818 -0.005145 0.011189 0.999924 0.000000
-0.470619 -0.882311 0.006670 353107.327935 0.882336 -0.470611 0.002883 4025942.018059 0.000595 0.007242 0.999974 0.000000
-0.467318 -0.884015 0.011473 353106.666960 0.884041 -0.467389 -0.004379 4025943.262466 0.009234 0.008096 0.999925 0.000000
-0.462453 -0.886565 0.011825 353106.018531 0.886621 -0.462495 -0.000992 4025944.495232 0.006349 0.010026 0.999930 0.000000
-0.457635 -0.889074 0.010853 353105.375034 0.889110 -0.457686 -0.002721 4025945.736932 0.007387 0.008405 0.999937 0.000000
-0.452630 -0.891572 0.015008 353104.742243 0.891575 -0.452783 -0.008988 4025946.973772 0.014809 0.009313 0.999847 0.000000
-0.448023 -0.893931 0.012792 353104.110559 0.893982 -0.448093 -0.003126 4025948.225282 0.008527 0.010035 0.999913 0.000000
-0.442866 -0.896556 0.007583 353103.488591 0.896576 -0.442803 0.008757 4025949.473290 -0.004493 0.010677 0.999933 0.000000
-0.438247 -0.898831 0.006534 353102.866414 0.898837 -0.438183 0.009356 4025950.741003 -0.005546 0.009974 0.999935 0.000000
-0.434845 -0.900414 0.012850 353102.241143 0.900505 -0.434817 0.005036 4025952.029492 0.001053 0.013761 0.999905 0.000000
-0.431862 -0.901886 0.009877 353101.610786 0.901940 -0.431838 0.004571 4025953.340146 0.000142 0.010883 0.999941 0.000000
-0.429129 -0.903193 0.009575 353100.977110 0.903243 -0.429094 0.005558 4025954.667862 -0.000911 0.011034 0.999939 0.000000
-0.425923 -0.904697 0.010601 353100.342326 0.904756 -0.425860 0.007760 4025956.009815 -0.002506 0.012896 0.999914 0.000000
-0.422479 -0.906289 0.012351 353099.701437 0.906371 -0.422415 0.007520 4025957.377634 -0.001598 0.014372 0.999895 0.000000
-0.419234 -0.907769 0.014092 353099.059460 0.907878 -0.419188 0.006168 4025958.761324 0.000308 0.015380 0.999882 0.000000
-0.416260 -0.909147 0.013391 353098.411727 0.909240 -0.416162 0.009614 4025960.168944 -0.003168 0.016177 0.999864 0.000000
-0.415246 -0.909596 0.014357 353097.752961 0.909708 -0.415165 0.008360 4025961.610897 -0.001643 0.016532 0.999862 0.000000
-0.416119 -0.909225 0.012420 353097.084079 0.909307 -0.416039 0.008542 4025963.073814 -0.002599 0.014848 0.999886 0.000000
-0.416916 -0.908861 0.012311 353096.399343 0.908944 -0.416891 0.004665 4025964.568662 0.000892 0.013135 0.999913 0.000000
-0.417770 -0.908463 0.012776 353095.702523 0.908552 -0.417747 0.004491 4025966.085344 0.001257 0.013484 0.999908 0.000000
-0.418307 -0.908213 0.013004 353094.991591 0.908304 -0.418289 0.004219 4025967.629951 0.001608 0.013577 0.999907 0.000000
-0.419178 -0.907830 0.011592 353094.270099 0.907902 -0.419171 0.003092 4025969.193881 0.002052 0.011821 0.999928 0.000000
-0.419463 -0.907715 0.010226 353093.536583 0.907772 -0.419426 0.005641 4025970.780957 -0.000831 0.011649 0.999932 0.000000
-0.419030 -0.907909 0.010724 353092.789222 0.907967 -0.419040 0.001444 4025972.399580 0.003183 0.010342 0.999941 0.000000
-0.418676 -0.908068 0.011125 353092.036288 0.908133 -0.418674 0.002588 4025974.031673 0.002307 0.011187 0.999935 0.000000
-0.418305 -0.908195 0.014217 353091.272038 0.908296 -0.418323 0.001791 4025975.690020 0.004321 0.013662 0.999897 0.000000
-0.418599 -0.908037 0.015624 353090.500712 0.908170 -0.418567 0.005390 4025977.364859 0.001646 0.016445 0.999863 0.000000
-0.420664 -0.907057 0.017028 353089.717547 0.907216 -0.420606 0.006983 4025979.059202 0.000829 0.018386 0.999831 0.000000
-0.423631 -0.905668 0.017405 353088.918767 0.905830 -0.423614 0.004820 4025980.774555 0.003008 0.017808 0.999837 0.000000
-0.426462 -0.904356 0.016459 353088.105819 0.904504 -0.426420 0.006169 4025982.505501 0.001440 0.017518 0.999846 0.000000
-0.429509 -0.902935 0.015195 353087.287269 0.903061 -0.429414 0.009254 4025984.234017 -0.001831 0.017697 0.999842 0.000000
-0.432058 -0.901720 0.015047 353086.462992 0.901840 -0.431938 0.010638 4025985.961313 -0.003093 0.018166 0.999830 0.000000
-0.434884 -0.900365 0.014801 353085.626134 0.900484 -0.434788 0.009347 4025987.700129 -0.001980 0.017393 0.999847 0.000000
-0.437461 -0.899112 0.015033 353084.788275 0.899230 -0.437332 0.011180 4025989.428799 -0.003477 0.018408 0.999825 0.000000
-0.439881 -0.897910 0.016208 353083.950613 0.898056 -0.439797 0.008605 4025991.145302 -0.000599 0.018341 0.999832 0.000000
-0.440388 -0.897658 0.016420 353083.116163 0.897807 -0.440333 0.006978 4025992.845969 0.000966 0.017815 0.999841 0.000000
-0.439733 -0.898038 0.012709 353082.293906 0.898125 -0.439651 0.008856 4025994.522997 -0.002366 0.015308 0.999880 0.000000
-0.438925 -0.898451 0.011409 353081.480282 0.898518 -0.438844 0.008982 4025996.184780 -0.003064 0.014194 0.999895 0.000000
-0.438131 -0.898858 0.009800 353080.675617 0.898910 -0.438083 0.006689 4025997.833512 -0.001719 0.011740 0.999930 0.000000
-0.437518 -0.899146 0.010731 353079.885126 0.899210 -0.437494 0.004621 4025999.455612 0.000539 0.011671 0.999932 0.000000
-0.436970 -0.899445 0.007449 353079.101308 0.899475 -0.436964 0.002492 4026001.066918 0.001013 0.007789 0.999969 0.000000
-0.436612 -0.899603 0.009194 353078.325400 0.899565 -0.436688 -0.009319 4026002.663749 0.012398 0.004202 0.999914 0.000000
-0.436307 -0.899438 0.025455 353077.561663 0.899418 -0.436770 -0.016680 4026004.235899 0.026121 0.015617 0.999537 0.000000
-0.436889 -0.899511 0.002791 353076.807339 0.899324 -0.436730 0.021993 4026005.790197 -0.018564 0.012119 0.999754 0.000000
-0.437649 -0.899146 0.000958 353076.048648 0.898620 -0.437356 0.034664 4026007.348098 -0.030749 0.016032 0.999399 0.000000
-0.436916 -0.899308 0.018714 353075.280290 0.899280 -0.437175 -0.013125 4026008.928040 0.019985 0.011094 0.999739 0.000000
-0.437153 -0.899268 0.014611 353074.514232 0.899383 -0.437143 0.004080 4026010.505023 0.002719 0.014925 0.999885 0.000000
-0.436859 -0.899460 0.011193 353073.749309 0.899483 -0.436676 0.015643 4026012.078940 -0.009183 0.016901 0.999815 0.000000
-0.436918 -0.899427 0.011614 353072.979197 0.899501 -0.436895 0.004532 4026013.663917 0.000998 0.012426 0.999922 0.000000
-0.436714 -0.899427 0.017666 353072.201390 0.899600 -0.436605 0.009857 4026015.262634 -0.001153 0.020197 0.999795 0.000000
-0.436282 -0.899672 0.015769 353071.416819 0.899809 -0.436201 0.008481 4026016.879017 -0.000752 0.017889 0.999840 0.000000
-0.436469 -0.899358 0.025502 353070.630580 0.899659 -0.436594 0.000755 4026018.499127 0.010455 0.023273 0.999674 0.000000
-0.437178 -0.899144 0.020366 353069.829908 0.899375 -0.437070 0.009733 4026020.146727 0.000150 0.022571 0.999745 0.000000
-0.438105 -0.898748 0.017764 353069.023518 0.898924 -0.438031 0.008030 4026021.801541 0.000564 0.019487 0.999810 0.000000
-0.440536 -0.897536 0.018893 353068.210447 0.897734 -0.440473 0.007578 4026023.463406 0.001521 0.020299 0.999793 0.000000
-0.444893 -0.895441 0.016001 353067.384686 0.895578 -0.444754 0.011604 4026025.136214 -0.003274 0.019493 0.999805 0.000000
-0.450219 -0.892776 0.015932 353066.554063 0.892918 -0.450152 0.007750 4026026.795287 0.000253 0.017715 0.999843 0.000000
-0.455571 -0.890058 0.015851 353065.716406 0.890199 -0.455499 0.008139 4026028.445199 -0.000024 0.017818 0.999841 0.000000
-0.460350 -0.887597 0.015789 353064.875286 0.887730 -0.460200 0.012267 4026030.078900 -0.003622 0.019664 0.999800 0.000000
-0.465508 -0.884873 0.017379 353064.032600 0.885043 -0.465430 0.008540 4026031.693808 0.000532 0.019357 0.999813 0.000000
-0.470773 -0.882062 0.018418 353063.193628 0.882254 -0.470651 0.010752 4026033.279461 -0.000815 0.021311 0.999773 0.000000
-0.475360 -0.879662 0.015075 353062.353255 0.879781 -0.475200 0.013064 4026034.847584 -0.004328 0.019472 0.999801 0.000000
-0.479198 -0.877458 0.020914 353061.510982 0.877614 -0.479358 -0.003100 4026036.400269 0.012746 0.016869 0.999776 0.000000
-0.482076 -0.875440 0.034743 353060.662109 0.875498 -0.482855 -0.018838 4026037.951052 0.033268 0.021336 0.999219 0.000000
-0.485283 -0.874339 0.005713 353059.805630 0.873987 -0.484877 0.032256 4026039.502210 -0.025432 0.020646 0.999463 0.000000
-0.487716 -0.873001 0.001624 353058.942622 0.872389 -0.487302 0.038389 4026041.050989 -0.032722 0.020140 0.999262 0.000000
-0.488211 -0.872062 0.034019 353058.053896 0.872369 -0.488755 -0.009541 4026042.640486 0.024947 0.025019 0.999376 0.000000
-0.489069 -0.872057 0.018128 353057.145529 0.872231 -0.488839 0.015764 4026044.262097 -0.004885 0.023521 0.999711 0.000000
-0.488581 -0.872253 0.021516 353056.229696 0.872507 -0.488300 0.017160 4026045.897392 -0.004461 0.027157 0.999621 0.000000
-0.487324 -0.872805 0.026961 353055.302880 0.873199 -0.487299 0.007949 4026047.557539 0.006201 0.027416 0.999605 0.000000
-0.486725 -0.873324 0.020094 353054.362712 0.873555 -0.486615 0.010406 4026049.245174 0.000690 0.022618 0.999744 0.000000
-0.486033 -0.873782 0.016640 353053.418342 0.873936 -0.485880 0.012541 4026050.942604 -0.002873 0.020638 0.999783 0.000000
-0.484722 -0.874563 0.013580 353052.462691 0.874654 -0.484566 0.013273 4026052.665426 -0.005028 0.018312 0.999820 0.000000
-0.482915 -0.875554 0.014090 353051.505184 0.875658 -0.482775 0.012321 4026054.399162 -0.003986 0.018288 0.999825 0.000000
-0.480781 -0.876694 0.016077 353050.538770 0.876838 -0.480648 0.011540 4026056.158356 -0.002390 0.019645 0.999804 0.000000
-0.478375 -0.877935 0.019705 353049.571494 0.878156 -0.478262 0.010384 4026057.929304 0.000308 0.022272 0.999752 0.000000
-0.474146 -0.880236 0.019263 353048.612409 0.880444 -0.474077 0.008281 4026059.698421 0.001842 0.020886 0.999780 0.000000
-0.467024 -0.884078 0.017181 353047.663010 0.884243 -0.466893 0.011221 4026061.477618 -0.001898 0.020433 0.999789 0.000000
-0.459299 -0.888087 0.018613 353046.722278 0.888282 -0.459206 0.009236 4026063.277063 0.000345 0.020776 0.999784 0.000000
-0.451762 -0.891969 0.017372 353045.790827 0.892137 -0.451644 0.010440 4026065.096895 -0.001466 0.020214 0.999795 0.000000
-0.444510 -0.895594 0.017956 353044.869263 0.895763 -0.444315 0.013906 4026066.934795 -0.004476 0.022265 0.999742 0.000000
-0.440255 -0.897630 0.020870 353043.963554 0.897866 -0.440042 0.014144 4026068.771824 -0.003512 0.024965 0.999682 0.000000
-0.439195 -0.898135 0.021462 353043.068892 0.898373 -0.438906 0.016949 4026070.599043 -0.005803 0.026725 0.999626 0.000000
-0.439014 -0.898239 0.020823 353042.188647 0.898463 -0.438748 0.016248 4026072.399190 -0.005459 0.025842 0.999651 0.000000
-0.438788 -0.898236 0.025229 353041.317136 0.898585 -0.438709 0.008880 4026074.182505 0.003092 0.026567 0.999642 0.000000
-0.438931 -0.897597 0.040733 353040.452198 0.897329 -0.440232 -0.031568 4026075.952661 0.046267 0.022694 0.998671 0.000000
-0.442618 -0.896413 0.023069 353039.612735 0.896710 -0.442468 0.011504 4026077.660690 -0.000106 0.025778 0.999668 0.000000
-0.446250 -0.894902 -0.003350 353038.760392 0.892860 -0.445479 0.065947 4026079.376416 -0.060508 0.026438 0.997818 0.000000
-0.449905 -0.892480 0.032640 353037.883177 0.893024 -0.449974 0.005614 4026081.124222 0.009677 0.031674 0.999451 0.000000
-0.453723 -0.890704 0.027975 353036.982551 0.891126 -0.453686 0.008010 4026082.901206 0.005557 0.028564 0.999577 0.000000
-0.455158 -0.890152 0.021481 353036.075691 0.890397 -0.454884 0.016527 4026084.677460 -0.004940 0.026649 0.999633 0.000000
-0.455858 -0.889554 0.029782 353035.163787 0.890032 -0.455818 0.008494 4026086.459621 0.006019 0.030379 0.999520 0.000000
-0.457283 -0.888963 0.025237 353034.244987 0.889321 -0.457122 0.012140 4026088.250953 0.000745 0.027995 0.999608 0.000000
-0.459430 -0.887941 0.022020 353033.323123 0.888213 -0.459261 0.012487 4026090.039106 -0.000975 0.025295 0.999680 0.000000
-0.461294 -0.886992 0.021283 353032.389684 0.887245 -0.461209 0.009059 4026091.839839 0.001781 0.023062 0.999732 0.000000
-0.463162 -0.886088 0.018149 353031.441686 0.886269 -0.463001 0.012502 4026093.658355 -0.002675 0.021875 0.999757 0.000000
-0.464660 -0.885287 0.018926 353030.480435 0.885488 -0.464523 0.011366 4026095.494353 -0.001271 0.022040 0.999756 0.000000
-0.466073 -0.884496 0.021039 353029.510216 0.884744 -0.465996 0.008714 4026097.339491 0.002096 0.022676 0.999741 0.000000
-0.467776 -0.883666 0.017903 353028.522829 0.883844 -0.467630 0.011886 4026099.210614 -0.002132 0.021384 0.999769 0.000000
-0.469445 -0.882785 0.017650 353027.534247 0.882959 -0.469306 0.011587 4026101.074592 -0.001945 0.021024 0.999777 0.000000
-0.472315 -0.881200 0.020118 353026.550828 0.881426 -0.472125 0.013638 4026102.917987 -0.002520 0.024173 0.999705 0.000000
-0.476594 -0.878959 0.017020 353025.567137 0.879117 -0.476431 0.012894 4026104.742610 -0.003225 0.021108 0.999772 0.000000
-0.480228 -0.876963 0.017795 353024.585020 0.877143 -0.480108 0.010767 4026106.544131 -0.000899 0.020780 0.999784 0.000000
-0.482220 -0.875924 0.014838 353023.610603 0.876041 -0.482072 0.012566 4026108.317738 -0.003854 0.019059 0.999811 0.000000
-0.483704 -0.875093 0.015559 353022.648407 0.875229 -0.483586 0.010892 4026110.061175 -0.002007 0.018886 0.999820 0.000000
-0.484757 -0.874545 0.013463 353021.693201 0.874641 -0.484627 0.011847 4026111.786369 -0.003836 0.017518 0.999839 0.000000
-0.485888 -0.873930 0.012620 353020.752615 0.874008 -0.485751 0.012534 4026113.479494 -0.004824 0.017120 0.999842 0.000000
-0.487068 -0.873237 0.014854 353019.828359 0.873362 -0.486962 0.010326 4026115.138437 -0.001784 0.018002 0.999836 0.000000
-0.487976 -0.872748 0.013789 353018.912915 0.872852 -0.487859 0.011098 4026116.776900 -0.002958 0.017451 0.999843 0.000000
-0.489372 -0.871962 0.014085 353018.005655 0.872074 -0.489280 0.009574 4026118.395866 -0.001457 0.016968 0.999855 0.000000
-0.489665 -0.871599 0.023296 353017.098383 0.871519 -0.490071 -0.016875 4026120.010669 0.026125 0.012040 0.999586 0.000000
-0.491451 -0.870384 0.030111 353016.191116 0.870196 -0.492152 -0.023333 4026121.622199 0.035128 0.014735 0.999274 0.000000
-0.492072 -0.870552 -0.002153 353015.285193 0.869932 -0.491812 0.036593 4026123.224424 -0.032915 0.016133 0.999328 0.000000
-0.493085 -0.869978 -0.002324 353014.357526 0.869300 -0.492803 0.038240 4026124.860485 -0.034413 0.016836 0.999266 0.000000
-0.493840 -0.869205 0.024597 353013.410135 0.869377 -0.494111 -0.006111 4026126.529909 0.017465 0.018366 0.999679 0.000000
-0.494852 -0.868914 0.010507 353012.444052 0.868977 -0.494817 0.005843 4026128.228523 0.000122 0.012022 0.999928 0.000000
-0.497831 -0.867224 0.009281 353011.476086 0.867272 -0.497826 0.002980 4026129.922394 0.002036 0.009533 0.999952 0.000000
-0.503161 -0.864100 0.012640 353010.492062 0.864184 -0.503167 0.002915 4026131.626184 0.003842 0.012390 0.999916 0.000000
-0.508810 -0.860794 0.012079 353009.478367 0.860878 -0.508779 0.005728 4026133.355966 0.001214 0.013313 0.999911 0.000000
-0.514614 -0.857303 0.014274 353008.441421 0.857421 -0.514518 0.010041 4026135.098132 -0.001264 0.017406 0.999848 0.000000
-0.519975 -0.853923 0.021011 353007.380232 0.854174 -0.519920 0.008410 4026136.854876 0.003742 0.022320 0.999744 0.000000
-0.525441 -0.850593 0.020061 353006.302292 0.850825 -0.525374 0.008915 4026138.613882 0.002956 0.021753 0.999759 0.000000
-0.530685 -0.847411 0.016402 353005.202818 0.847569 -0.530575 0.010802 4026140.382429 -0.000452 0.019634 0.999807 0.000000
-0.535762 -0.844232 0.015171 353004.082510 0.844362 -0.535744 0.005590 4026142.159869 0.003408 0.015805 0.999869 0.000000
-0.540708 -0.841159 0.009313 353002.929836 0.841196 -0.540600 0.011873 4026143.963153 -0.004952 0.014254 0.999886 0.000000
-0.544931 -0.838421 0.010042 353001.752480 0.838481 -0.544890 0.006688 4026145.780989 -0.000135 0.012065 0.999927 0.000000
-0.546443 -0.837442 0.009519 353000.561883 0.837493 -0.546436 0.003553 4026147.604444 0.002226 0.009913 0.999948 0.000000
-0.546341 -0.837517 0.008753 352999.361802 0.837562 -0.546327 0.004116 4026149.441201 0.001335 0.009580 0.999953 0.000000
-0.546394 -0.837457 0.010915 352998.163189 0.837525 -0.546383 0.004270 4026151.278066 0.002388 0.011474 0.999931 0.000000
-0.546766 -0.837266 0.005686 352996.957567 0.837277 -0.546717 0.008212 4026153.125035 -0.003767 0.009251 0.999950 0.000000
-0.546108 -0.837682 0.007414 352995.748006 0.837712 -0.546107 0.002329 4026154.976932 0.002098 0.007482 0.999970 0.000000
-0.544159 -0.838951 0.007174 352994.536059 0.838982 -0.544142 0.004357 4026156.839534 0.000249 0.008389 0.999965 0.000000
-0.542000 -0.840359 0.005697 352993.332718 0.840370 -0.541951 0.008219 4026158.698930 -0.003819 0.009243 0.999950 0.000000
-0.540244 -0.841482 0.006694 352992.148813 0.841508 -0.540217 0.005450 4026160.537029 -0.000970 0.008577 0.999963 0.000000
-0.539960 -0.841664 0.006649 352990.961777 0.841686 -0.539914 0.007602 4026162.386545 -0.002808 0.009701 0.999949 0.000000
-0.540164 -0.841545 0.004942 352989.796623 0.841552 -0.540124 0.007501 4026164.200975 -0.003644 0.008211 0.999960 0.000000
-0.540431 -0.841361 0.006759 352988.642714 0.841387 -0.540402 0.005773 4026165.997383 -0.001205 0.008806 0.999960 0.000000
-0.540483 -0.841300 0.009623 352987.492284 0.841353 -0.540470 0.004070 4026167.786240 0.001777 0.010296 0.999945 0.000000
-0.540303 -0.841257 0.018957 352986.340598 0.840820 -0.540634 -0.027144 4026169.578488 0.033084 0.001273 0.999452 0.000000
-0.541815 -0.840367 0.014847 352985.203049 0.840372 -0.541955 -0.007731 4026171.343499 0.014543 0.008288 0.999860 0.000000
-0.541548 -0.840299 -0.024968 352984.055420 0.838656 -0.542067 0.053096 4026173.122624 -0.058151 0.007814 0.998277 0.000000
-0.543747 -0.839162 0.012127 352982.883296 0.839246 -0.543727 0.005115 4026174.933930 0.002301 0.012959 0.999913 0.000000
-0.544836 -0.838423 0.014190 352981.650277 0.838529 -0.544845 0.003546 4026176.834118 0.004759 0.013831 0.999893 0.000000
-0.546016 -0.837711 0.010340 352980.487390 0.837764 -0.545903 0.011882 4026178.621371 -0.004309 0.015150 0.999876 0.000000
-0.547070 -0.836904 0.017497 352979.280123 0.837074 -0.547056 0.006009 4026180.471797 0.004543 0.017934 0.999829 0.000000
-0.547972 -0.836375 0.014258 352978.055447 0.836497 -0.547894 0.009221 4026182.344966 0.000100 0.016980 0.999856 0.000000
-0.549312 -0.835508 0.013526 352976.828835 0.835617 -0.549219 0.010146 4026184.215653 -0.001048 0.016876 0.999857 0.000000
-0.550737 -0.834521 0.016241 352975.595872 0.834670 -0.550716 0.006197 4026186.088753 0.003773 0.016969 0.999849 0.000000
-0.553264 -0.832828 0.017222 352974.357749 0.833003 -0.553196 0.008922 4026187.958884 0.002097 0.019282 0.999812 0.000000
-0.556225 -0.830821 0.018703 352973.116854 0.831030 -0.556120 0.010894 4026189.819052 0.001350 0.021602 0.999766 0.000000
-0.559243 -0.828773 0.019565 352971.872993 0.828998 -0.559175 0.009291 4026191.668627 0.003240 0.021415 0.999765 0.000000
-0.562203 -0.826776 0.019217 352970.619040 0.826997 -0.562105 0.010659 4026193.519648 0.001989 0.021885 0.999759 0.000000
-0.565196 -0.824745 0.018685 352969.383706 0.824957 -0.565051 0.012822 4026195.328606 -0.000017 0.022661 0.999743 0.000000
-0.568140 -0.822714 0.018938 352968.148910 0.822932 -0.567979 0.013527 4026197.121865 -0.000373 0.023270 0.999729 0.000000
-0.570714 -0.820850 0.022130 352966.919657 0.821143 -0.570599 0.011822 4026198.894826 0.002923 0.024919 0.999685 0.000000
-0.573419 -0.818817 0.027008 352965.699921 0.819205 -0.573458 0.007058 4026200.642577 0.009709 0.026173 0.999610 0.000000
-0.575586 -0.816826 0.038680 352964.502891 0.817117 -0.576350 -0.011814 4026202.348006 0.031943 0.024806 0.999182 0.000000
-0.580195 -0.814473 0.002810 352963.317120 0.813957 -0.579697 0.037739 4026204.020678 -0.029108 0.024183 0.999284 0.000000
-0.584669 -0.811262 0.004061 352962.117067 0.810953 -0.584293 0.030931 4026205.693014 -0.022720 0.021378 0.999513 0.000000
-0.590526 -0.806351 0.032830 352960.911153 0.806773 -0.590861 -0.000627 4026207.354377 0.019904 0.026117 0.999461 0.000000
-0.596442 -0.802588 0.010491 352959.691004 0.802598 -0.596192 0.019785 4026209.008652 -0.009624 0.020221 0.999749 0.000000
-0.601182 -0.798927 0.017196 352958.469034 0.799109 -0.600981 0.015674 4026210.643056 -0.002188 0.023164 0.999729 0.000000
-0.605580 -0.795543 0.019626 352957.229944 0.795784 -0.605356 0.016492 4026212.280503 -0.001239 0.025605 0.999671 0.000000
-0.609810 -0.792260 0.021370 352955.991682 0.792545 -0.609521 0.018875 4026213.899398 -0.001928 0.028447 0.999593 0.000000
-0.612589 -0.790065 0.023052 352954.743656 0.790401 -0.612358 0.016828 4026215.514069 0.000821 0.028529 0.999593 0.000000
-0.613990 -0.789139 0.016621 352953.493481 0.789306 -0.613939 0.008626 4026217.121860 0.003397 0.018416 0.999825 0.000000
-0.614608 -0.788724 0.013102 352952.249657 0.788831 -0.614486 0.012365 4026218.717517 -0.001701 0.017935 0.999838 0.000000
-0.615429 -0.788089 0.012805 352951.015007 0.788190 -0.615303 0.012601 4026220.299533 -0.002052 0.017848 0.999839 0.000000
-0.616282 -0.787395 0.014335 352949.794027 0.787525 -0.616179 0.011285 4026221.861341 -0.000053 0.018244 0.999834 0.000000
-0.617305 -0.786611 0.013297 352948.583150 0.786719 -0.617159 0.013704 4026223.406625 -0.002574 0.018921 0.999818 0.000000
-0.618425 -0.785664 0.016824 352947.389262 0.785834 -0.618384 0.008139 4026224.926293 0.004009 0.018254 0.999825 0.000000
-0.621122 -0.783447 0.020449 352946.183423 0.783693 -0.621084 0.008915 4026226.452300 0.005716 0.021563 0.999751 0.000000
-0.623298 -0.781682 0.021731 352944.978140 0.781942 -0.623314 0.006897 4026227.968677 0.008154 0.021292 0.999740 0.000000
-0.625474 -0.779469 0.034806 352943.749828 0.779270 -0.626300 -0.022074 4026229.504135 0.039005 0.013317 0.999150 0.000000
-0.628716 -0.777212 0.025639 352942.534210 0.777418 -0.628978 -0.002894 4026231.012526 0.018376 0.018113 0.999667 0.000000
-0.631121 -0.775575 -0.013027 352941.296467 0.774449 -0.630974 0.045827 4026232.537672 -0.043761 0.018834 0.998864 0.000000
-0.634114 -0.773173 0.010188 352940.034469 0.773164 -0.633811 0.022376 4026234.081089 -0.010844 0.022066 0.999698 0.000000
-0.635307 -0.771772 0.027429 352938.758569 0.772052 -0.635560 -0.000642 4026235.634411 0.017929 0.020769 0.999624 0.000000
-0.636450 -0.771233 0.011491 352937.469758 0.771290 -0.636227 0.018089 4026237.198080 -0.006640 0.020376 0.999770 0.000000
-0.637066 -0.770573 0.019084 352936.177208 0.770803 -0.636966 0.011732 4026238.763103 0.003116 0.022184 0.999749 0.000000
-0.635618 -0.771834 0.016175 352934.856394 0.772003 -0.635459 0.014239 4026240.363195 -0.000712 0.021537 0.999768 0.000000
-0.633962 -0.773225 0.014650 352933.517629 0.773364 -0.633830 0.012953 4026241.992320 -0.000730 0.019542 0.999809 0.000000
-0.632083 -0.774774 0.014027 352932.190414 0.774899 -0.631936 0.013736 4026243.614248 -0.001778 0.019552 0.999807 0.000000
-0.628804 -0.777483 0.011194 352930.872588 0.777548 -0.628634 0.015441 4026245.236272 -0.004969 0.018413 0.999818 0.000000
-0.626071 -0.779665 0.012533 352929.578115 0.779761 -0.625930 0.013569 4026246.841646 -0.002735 0.018268 0.999829 0.000000
-0.622955 -0.782167 0.011937 352928.301490 0.782248 -0.622796 0.014613 4026248.436663 -0.003995 0.018441 0.999822 0.000000
-0.621267 -0.783464 0.014573 352927.046350 0.783596 -0.621104 0.014369 4026250.015521 -0.002207 0.020346 0.999791 0.000000
-0.622108 -0.782724 0.018021 352925.792547 0.782924 -0.621838 0.018657 4026251.594779 -0.003397 0.025716 0.999664 0.000000
-0.623529 -0.781476 0.022537 352924.582586 0.781782 -0.623455 0.011018 4026253.112670 0.005441 0.024489 0.999685 0.000000
-0.624267 -0.780031 0.042929 352923.365643 0.779990 -0.625421 -0.021550 4026254.634023 0.043659 0.020032 0.998846 0.000000
-0.627408 -0.778576 0.013384 352922.183652 0.778576 -0.626928 0.027939 4026256.104086 -0.013362 0.027949 0.999520 0.000000
-0.628923 -0.777193 -0.020635 352920.968836 0.775306 -0.628932 0.057844 4026257.605600 -0.057934 0.020381 0.998112 0.000000
-0.631413 -0.774934 0.028184 352919.725380 0.775377 -0.631425 0.009609 4026259.134680 0.010350 0.027920 0.999557 0.000000
-0.635332 -0.772055 0.016826 352918.459789 0.772239 -0.635183 0.013770 4026260.681634 0.000056 0.021742 0.999764 0.000000
-0.638583 -0.769431 0.013660 352917.181896 0.769536 -0.638351 0.017982 4026262.228023 -0.005116 0.021995 0.999745 0.000000
-0.641335 -0.766981 0.020712 352915.886373 0.767221 -0.641343 0.007134 4026263.783494 0.007812 0.020466 0.999760 0.000000
-0.644858 -0.764081 0.018394 352914.565983 0.764267 -0.644874 0.005803 4026265.355953 0.007428 0.017800 0.999814 0.000000
-0.649504 -0.760205 0.015275 352913.222744 0.760358 -0.649397 0.011784 4026266.936330 0.000962 0.019268 0.999814 0.000000
-0.654367 -0.755979 0.017312 352911.856834 0.756156 -0.654349 0.007460 4026268.524372 0.005688 0.017973 0.999822 0.000000
-0.660158 -0.750965 0.015604 352910.466267 0.751121 -0.660094 0.009686 4026270.119391 0.003026 0.018115 0.999831 0.000000
-0.666219 -0.745627 0.013901 352909.050401 0.745756 -0.666075 0.013895 4026271.717366 -0.001101 0.019624 0.999807 0.000000
-0.674102 -0.738438 0.017208 352907.612263 0.738637 -0.673956 0.014078 4026273.307804 0.001201 0.022201 0.999753 0.000000
-0.682808 -0.730370 0.018244 352906.138282 0.730598 -0.682610 0.016468 4026274.901896 0.000426 0.024573 0.999698 0.000000
-0.690164 -0.723437 0.017704 352904.636815 0.723653 -0.689959 0.016797 4026276.491043 0.000064 0.024404 0.999702 0.000000
-0.696315 -0.717452 0.020205 352903.122655 0.717732 -0.696127 0.016336 4026278.064556 0.002345 0.025877 0.999662 0.000000
-0.702304 -0.711587 0.020311 352901.581059 0.711876 -0.702073 0.018068 4026279.637135 0.001403 0.027148 0.999630 0.000000
-0.708181 -0.705710 0.021263 352900.023718 0.706025 -0.707976 0.017277 4026281.200729 0.002861 0.027247 0.999625 0.000000
-0.714116 -0.699768 0.019048 352898.452338 0.700027 -0.713829 0.020249 4026282.753712 -0.000573 0.027794 0.999614 0.000000
-0.719824 -0.694005 0.014516 352896.886578 0.694122 -0.719421 0.025052 4026284.275863 -0.006943 0.028109 0.999581 0.000000
-0.725251 -0.688192 0.020077 352895.321990 0.688484 -0.724899 0.022619 4026285.771011 -0.001013 0.030227 0.999543 0.000000
-0.730201 -0.682997 0.017934 352893.760725 0.683171 -0.729532 0.032565 4026287.241601 -0.009158 0.036032 0.999309 0.000000
-0.733403 -0.679465 0.021140 352892.209819 0.679786 -0.732888 0.027682 4026288.684377 -0.003316 0.034673 0.999393 0.000000
-0.735513 -0.677130 0.022722 352890.698823 0.677478 -0.735395 0.014748 4026290.081130 0.006723 0.026241 0.999633 0.000000
-0.738012 -0.674546 0.018045 352889.240036 0.674779 -0.737875 0.014615 4026291.419464 0.003456 0.022963 0.999730 0.000000
-0.739853 -0.672765 0.001987 352887.856009 0.672634 -0.739643 0.022199 4026292.679786 -0.013465 0.017760 0.999752 0.000000
-0.742535 -0.669740 0.009472 352886.542776 0.669801 -0.742397 0.014628 4026293.869787 -0.002765 0.017206 0.999848 0.000000
-0.744992 -0.666988 0.010632 352885.277868 0.667034 -0.744682 0.022686 4026295.007680 -0.007214 0.023993 0.999686 0.000000
-0.747564 -0.663929 0.018618 352884.015320 0.664178 -0.747425 0.014932 4026296.135766 0.004002 0.023528 0.999715 0.000000
-0.749417 -0.659882 0.054120 352882.774365 0.660944 -0.750431 0.002341 4026297.236428 0.039069 0.037525 0.998532 0.000000
-0.752320 -0.657488 0.041526 352881.570285 0.658344 -0.752647 0.010308 4026298.296582 0.024477 0.035093 0.999084 0.000000
-0.756533 -0.653950 -0.002699 352880.375541 0.653162 -0.755813 0.046108 4026299.338270 -0.032193 0.033120 0.998933 0.000000
-0.759322 -0.650712 0.001877 352879.176417 0.650365 -0.758816 0.034972 4026300.374688 -0.021332 0.027775 0.999387 0.000000
-0.761433 -0.647648 0.027772 352877.969138 0.648107 -0.761452 0.012137 4026301.410983 0.013286 0.027241 0.999541 0.000000
-0.763885 -0.645053 0.019644 352876.771934 0.645347 -0.763646 0.019278 4026302.430522 0.002565 0.027403 0.999621 0.000000
-0.766524 -0.641926 0.019264 352875.588829 0.642215 -0.766192 0.022573 4026303.429533 0.000270 0.029675 0.999560 0.000000
-0.768749 -0.639078 0.024566 352874.418631 0.639519 -0.768524 0.019644 4026304.414761 0.006325 0.030812 0.999505 0.000000
-0.770045 -0.637532 0.024150 352873.265938 0.637942 -0.769897 0.016986 4026305.377302 0.007764 0.028486 0.999564 0.000000
-0.770868 -0.636624 0.021744 352872.149324 0.636968 -0.770698 0.017194 4026306.305227 0.005812 0.027105 0.999616 0.000000
-0.770939 -0.636537 0.021747 352871.069855 0.636871 -0.770817 0.015401 4026307.199618 0.006959 0.025723 0.999645 0.000000
-0.769933 -0.637730 0.022462 352870.022304 0.638023 -0.769961 0.009266 4026308.075039 0.011385 0.021465 0.999705 0.000000
-0.765854 -0.642752 0.018380 352868.991786 0.642965 -0.765836 0.009543 4026308.940127 0.007942 0.019126 0.999786 0.000000
-0.753376 -0.657473 0.012381 352867.992029 0.657572 -0.753361 0.006808 4026309.798012 0.004851 0.013271 0.999900 0.000000
-0.731489 -0.681788 0.009434 352867.040679 0.681852 -0.731437 0.008811 4026310.655151 0.000893 0.012878 0.999917 0.000000
-0.698508 -0.715578 0.005885 352866.157028 0.715598 -0.698452 0.009198 4026311.518006 -0.002472 0.010636 0.999940 0.000000
-0.652383 -0.757883 0.003036 352865.351629 0.757850 -0.652303 0.012835 4026312.393555 -0.007747 0.010674 0.999913 0.000000
-0.591534 -0.806177 0.012878 352864.642070 0.806279 -0.591430 0.011184 4026313.281718 -0.001400 0.016999 0.999855 0.000000
-0.514268 -0.857409 0.019473 352864.036507 0.857600 -0.513930 0.019947 4026314.188687 -0.007095 0.026958 0.999611 0.000000
-0.426061 -0.904394 0.023302 352863.533660 0.904649 -0.425642 0.020943 4026315.126276 -0.009023 0.030003 0.999509 0.000000
-0.324256 -0.945508 0.029558 352863.129493 0.945941 -0.323846 0.017880 4026316.115586 -0.007333 0.033757 0.999403 0.000000
-0.215990 -0.975802 0.034038 352862.844791 0.976394 -0.215931 0.005446 4026317.119430 0.002036 0.034410 0.999406 0.000000
-0.104750 -0.994091 0.028474 352862.674428 0.994483 -0.104548 0.008499 4026318.152002 -0.005471 0.029208 0.999558 0.000000
0.014969 -0.999641 0.022241 352862.628325 0.999783 0.015286 0.014149 4026319.190694 -0.014484 0.022024 0.999653 0.000000
0.138254 -0.990306 0.013434 352862.708212 0.990194 0.138488 0.018338 4026320.225814 -0.020021 0.010767 0.999742 0.000000
0.262598 -0.964835 0.011674 352862.918080 0.964646 0.262788 0.020017 4026321.253439 -0.022381 0.006005 0.999731 0.000000
0.384784 -0.922937 0.011357 352863.259471 0.922670 0.384947 0.022265 4026322.256693 -0.024921 0.001911 0.999688 0.000000
0.502605 -0.864470 0.008963 352863.737336 0.864254 0.502681 0.019391 4026323.227418 -0.021269 -0.001999 0.999772 0.000000
0.608987 -0.793117 0.010017 352864.356133 0.793039 0.609069 0.011168 4026324.155633 -0.014958 0.001143 0.999887 0.000000
0.694241 -0.719734 0.003556 352865.100800 0.719737 0.694246 0.000618 4026325.024682 -0.002913 0.002131 0.999993 0.000000
0.747931 -0.663741 -0.006765 352865.966015 0.663592 0.747925 -0.015945 4026325.856367 0.015643 0.007437 0.999850 0.000000
0.778518 -0.627459 -0.014323 352866.910637 0.626864 0.778496 -0.031388 4026326.654586 0.030845 0.015457 0.999405 0.000000
0.798452 -0.602047 -0.003667 352867.899951 0.601857 0.798328 -0.021009 4026327.426417 0.015576 0.014568 0.999773 0.000000
0.813481 -0.581083 0.024320 352868.950445 0.581292 0.813693 -0.001910 4026328.199572 -0.018679 0.015690 0.999702 0.000000
0.825375 -0.564011 0.025459 352870.071654 0.564151 0.825669 0.001988 4026328.985633 -0.022142 0.012722 0.999674 0.000000
0.834791 -0.550564 0.001589 352871.261413 0.550530 0.834699 -0.013936 4026329.783212 0.006346 0.012509 0.999902 0.000000
0.840747 -0.541404 -0.005097 352872.490621 0.541308 0.840722 -0.013085 4026330.583789 0.011369 0.008242 0.999901 0.000000
0.845369 -0.534175 0.002870 352873.771181 0.534182 0.845348 -0.006089 4026331.400617 0.000827 0.006681 0.999977 0.000000
0.848229 -0.529629 -0.000392 352875.082662 0.529605 0.848196 -0.009066 4026332.225664 0.005134 0.007482 0.999959 0.000000
0.849417 -0.527720 -0.001631 352876.429027 0.527700 0.849405 -0.006615 4026333.069148 0.004876 0.004758 0.999977 0.000000
0.849374 -0.527788 0.001974 352877.817885 0.527791 0.849362 -0.004605 4026333.935773 0.000754 0.004953 0.999987 0.000000
0.848616 -0.529008 0.000630 352879.248616 0.529001 0.848598 -0.006255 4026334.830561 0.002775 0.005641 0.999980 0.000000
0.848264 -0.529557 0.004290 352880.705301 0.529568 0.848185 -0.011868 4026335.742042 0.002646 0.012339 0.999920 0.000000
0.848113 -0.529725 0.009789 352882.193924 0.529813 0.848019 -0.012727 4026336.675120 -0.001560 0.015981 0.999871 0.000000
0.847748 -0.530298 0.010368 352883.716994 0.530399 0.847558 -0.017981 4026337.630611 0.000747 0.020742 0.999785 0.000000
0.847658 -0.530398 0.012375 352885.274272 0.530542 0.847458 -0.018429 4026338.607013 -0.000713 0.022187 0.999754 0.000000
0.847822 -0.530151 0.011758 352886.868536 0.530279 0.847667 -0.016249 4026339.605516 -0.001352 0.020011 0.999799 0.000000
0.847913 -0.530097 0.006290 352888.499274 0.530097 0.847650 -0.022063 4026340.626819 0.006364 0.022042 0.999737 0.000000
0.846769 -0.531908 0.007571 352890.156626 0.531914 0.846416 -0.025440 4026341.665891 0.007124 0.025569 0.999648 0.000000
0.845038 -0.534638 0.008564 352891.843567 0.534648 0.844598 -0.028389 4026342.729296 0.007945 0.028568 0.999560 0.000000
0.842405 -0.538715 0.011835 352893.547065 0.538787 0.841789 -0.033157 4026343.813201 0.007900 0.034308 0.999380 0.000000
0.839803 -0.542702 0.014340 352895.248397 0.542852 0.839129 -0.034270 4026344.906156 0.006565 0.036565 0.999310 0.000000
0.838758 -0.544235 0.017114 352896.956889 0.544481 0.838018 -0.035583 4026346.014947 0.005024 0.039163 0.999220 0.000000
0.840602 -0.541080 0.024921 352898.687838 0.541653 0.839610 -0.040839 4026347.135404 0.001173 0.047827 0.998855 0.000000
0.842934 -0.537298 0.027798 352900.408230 0.538014 0.841633 -0.046846 4026348.238986 0.001775 0.054444 0.998515 0.000000
0.845156 -0.533871 0.026330 352902.195779 0.534514 0.843876 -0.046558 4026349.375450 0.002637 0.053422 0.998569 0.000000
0.847332 -0.530697 0.019715 352903.986788 0.531022 0.846218 -0.043938 4026350.504617 0.006634 0.047699 0.998840 0.000000
0.849144 -0.527791 0.019790 352905.790208 0.528159 0.848406 -0.035429 4026351.631396 0.001909 0.040537 0.999176 0.000000
0.850381 -0.525750 0.020944 352907.595103 0.526153 0.849973 -0.026630 4026352.751043 -0.003801 0.033665 0.999426 0.000000
0.850052 -0.526259 0.021521 352909.396253 0.526674 0.849700 -0.024999 4026353.866513 -0.005131 0.032585 0.999456 0.000000
0.847759 -0.529946 0.021499 352911.177856 0.530361 0.847388 -0.025525 4026354.975824 -0.004691 0.033041 0.999443 0.000000
0.845254 -0.534014 0.019352 352912.940403 0.534346 0.844970 -0.022353 4026356.084077 -0.004415 0.029234 0.999563 0.000000
0.843838 -0.535864 0.028051 352914.674232 0.536478 0.843601 -0.022995 4026357.183798 -0.011342 0.034453 0.999342 0.000000
0.843022 -0.537269 0.025605 352916.340594 0.537831 0.842628 -0.026771 4026358.246068 -0.007192 0.036339 0.999314 0.000000
0.843091 -0.537153 0.025769 352917.936057 0.537722 0.842692 -0.026929 4026359.264494 -0.007250 0.036560 0.999305 0.000000
0.843752 -0.535851 0.030759 352919.453091 0.536524 0.843638 -0.020422 4026360.232082 -0.015006 0.033734 0.999318 0.000000
0.845607 -0.533751 0.007631 352920.915532 0.533777 0.845328 -0.022402 4026361.158517 0.005507 0.023017 0.999720 0.000000
0.846269 -0.532669 0.009633 352922.292084 0.532736 0.845943 -0.023947 4026362.026855 0.004607 0.025398 0.999667 0.000000
0.846585 -0.532182 0.008776 352923.661306 0.532249 0.846534 -0.009528 4026362.889754 -0.002359 0.012737 0.999916 0.000000
0.846333 -0.532635 0.004618 352925.008841 0.532630 0.846179 -0.016897 4026363.737723 0.005092 0.016760 0.999847 0.000000
0.847137 -0.531352 0.004943 352926.341010 0.531363 0.847020 -0.014476 4026364.574606 0.003505 0.014890 0.999883 0.000000
0.846716 -0.531984 -0.008038 352927.664618 0.531577 0.846508 -0.029138 4026365.405041 0.022306 0.020399 0.999543 0.000000
0.845878 -0.533252 -0.011500 352928.965421 0.532487 0.845517 -0.039479 4026366.221632 0.030776 0.027271 0.999154 0.000000
0.843887 -0.534733 0.043768 352930.248057 0.535345 0.844629 -0.002725 4026367.031600 -0.035511 0.025731 0.999038 0.000000
0.843211 -0.536526 0.033683 352931.570643 0.537164 0.843372 -0.013402 4026367.872250 -0.021217 0.029394 0.999343 0.000000
0.842826 -0.538177 -0.003259 352932.900405 0.537761 0.842384 -0.034685 4026368.720478 0.021412 0.027481 0.999393 0.000000
0.842033 -0.539063 0.019788 352934.254854 0.539396 0.841806 -0.020355 4026369.586712 -0.005685 0.027813 0.999597 0.000000
0.841631 -0.539873 0.013927 352935.610234 0.540053 0.841350 -0.021767 4026370.455929 0.000034 0.025841 0.999666 0.000000
0.841206 -0.540630 0.009591 352936.987617 0.540678 0.840810 -0.026553 4026371.341393 0.006291 0.027522 0.999601 0.000000
0.841141 -0.540678 0.012228 352938.380306 0.540816 0.840929 -0.018881 4026372.237814 -0.000075 0.022494 0.999747 0.000000
0.841035 -0.540932 0.007331 352939.770813 0.540966 0.840832 -0.018880 4026373.133010 0.004049 0.019845 0.999795 0.000000
0.842312 -0.538951 0.006479 352941.169402 0.538985 0.842195 -0.014249 4026374.031689 0.002223 0.015494 0.999877 0.000000
0.844050 -0.536097 0.013407 352942.560090 0.536249 0.843951 -0.013558 4026374.919563 -0.004046 0.018633 0.999818 0.000000
0.845826 -0.533274 0.014051 352943.940711 0.533445 0.845700 -0.015073 4026375.794644 -0.003845 0.020245 0.999788 0.000000
