0.999708 0.024160 0.000000 6.296615 -0.024160 0.999708 0.000000 -0.159045 0.000000 0.000000 1.000000 0.000000
0.999611 0.027876 0.000000 7.197683 -0.027876 0.999611 0.000000 -0.193145 0.000000 0.000000 1.000000 0.000000
0.999445 0.033326 0.000000 8.168469 -0.033326 0.999445 0.000000 -0.214089 0.000000 0.000000 1.000000 0.000000
0.999277 0.038016 0.000000 9.192559 -0.038016 0.999277 0.000000 -0.255702 0.000000 0.000000 1.000000 0.000000
0.999133 0.041639 0.000000 10.219937 -0.041639 0.999133 0.000000 -0.318162 0.000000 0.000000 1.000000 0.000000
0.998954 0.045733 0.000000 11.327883 -0.045733 0.998954 0.000000 -0.377600 0.000000 0.000000 1.000000 0.000000
0.998823 0.048511 0.000000 12.486467 -0.048511 0.998823 0.000000 -0.405950 0.000000 0.000000 1.000000 0.000000
0.998755 0.049891 0.000000 13.702331 -0.049891 0.998755 0.000000 -0.462040 0.000000 0.000000 1.000000 0.000000
0.998843 0.048094 0.000000 14.937008 -0.048094 0.998843 0.000000 -0.523381 0.000000 0.000000 1.000000 0.000000
0.998901 0.046867 0.000000 16.242499 -0.046867 0.998901 0.000000 -0.578670 0.000000 0.000000 1.000000 0.000000
0.998925 0.046362 0.000000 17.567710 -0.046362 0.998925 0.000000 -0.659263 0.000000 0.000000 1.000000 0.000000
0.998998 0.044758 0.000000 18.995124 -0.044758 0.998998 0.000000 -0.714139 0.000000 0.000000 1.000000 0.000000
0.999059 0.043371 0.000000 20.407811 -0.043371 0.999059 0.000000 -0.756063 0.000000 0.000000 1.000000 0.000000
0.999094 0.042563 0.000000 21.878211 -0.042563 0.999094 0.000000 -0.852464 0.000000 0.000000 1.000000 0.000000
0.999051 0.043556 0.000000 23.350422 -0.043556 0.999051 0.000000 -0.950023 0.000000 0.000000 1.000000 0.000000
0.999047 0.043639 0.000000 24.974992 -0.043639 0.999047 0.000000 -0.970472 0.000000 0.000000 1.000000 0.000000
0.999239 0.038994 0.000000 26.589545 -0.038994 0.999239 0.000000 -1.081856 0.000000 0.000000 1.000000 0.000000
0.999375 0.035345 0.000000 28.304853 -0.035345 0.999375 0.000000 -1.122517 0.000000 0.000000 1.000000 0.000000
0.999431 0.033725 0.000000 30.019786 -0.033725 0.999431 0.000000 -1.189246 0.000000 0.000000 1.000000 0.000000
0.999494 0.031820 0.000000 31.865301 -0.031820 0.999494 0.000000 -1.227869 0.000000 0.000000 1.000000 0.000000
0.999571 0.029290 0.000000 33.722050 -0.029290 0.999571 0.000000 -1.238771 0.000000 0.000000 1.000000 0.000000
0.999534 0.030515 0.000000 35.667925 -0.030515 0.999534 0.000000 -1.323579 0.000000 0.000000 1.000000 0.000000
0.999541 0.030303 0.000000 37.622335 -0.030303 0.999541 0.000000 -1.408407 0.000000 0.000000 1.000000 0.000000
0.999601 0.028263 0.000000 39.658455 -0.028263 0.999601 0.000000 -1.460151 0.000000 0.000000 1.000000 0.000000
0.999709 0.024123 0.000000 41.774643 -0.024123 0.999709 0.000000 -1.494949 0.000000 0.000000 1.000000 0.000000
0.999805 0.019726 0.000000 43.916244 -0.019726 0.999805 0.000000 -1.528092 0.000000 0.000000 1.000000 0.000000
0.999852 0.017211 0.000000 46.117603 -0.017211 0.999852 0.000000 -1.534843 0.000000 0.000000 1.000000 0.000000
0.999908 0.013570 0.000000 48.324504 -0.013570 0.999908 0.000000 -1.549078 0.000000 0.000000 1.000000 0.000000
0.999957 0.009292 0.000000 50.552088 -0.009292 0.999957 0.000000 -1.570064 0.000000 0.000000 1.000000 0.000000
0.999992 0.004103 0.000000 52.759017 -0.004103 0.999992 0.000000 -1.541276 0.000000 0.000000 1.000000 0.000000
1.000000 -0.000850 0.000000 54.969751 0.000850 1.000000 0.000000 -1.538886 0.000000 0.000000 1.000000 0.000000
0.999984 -0.005668 0.000000 57.086532 0.005668 0.999984 0.000000 -1.526099 0.000000 0.000000 1.000000 0.000000
0.999946 -0.010354 0.000000 59.275092 0.010354 0.999946 0.000000 -1.502066 0.000000 0.000000 1.000000 0.000000
0.999882 -0.015374 0.000000 61.406454 0.015374 0.999882 0.000000 -1.453794 0.000000 0.000000 1.000000 0.000000
0.999829 -0.018509 0.000000 63.541680 0.018509 0.999829 0.000000 -1.377733 0.000000 0.000000 1.000000 0.000000
0.999805 -0.019754 0.000000 65.674164 0.019754 0.999805 0.000000 -1.353663 0.000000 0.000000 1.000000 0.000000
0.999741 -0.022744 0.000000 67.792429 0.022744 0.999741 0.000000 -1.309666 0.000000 0.000000 1.000000 0.000000
0.999690 -0.024901 0.000000 69.911046 0.024901 0.999690 0.000000 -1.289349 0.000000 0.000000 1.000000 0.000000
0.999633 -0.027100 0.000000 71.951754 0.027100 0.999633 0.000000 -1.203146 0.000000 0.000000 1.000000 0.000000
0.999528 -0.030709 0.000000 73.975946 0.030709 0.999528 0.000000 -1.188393 0.000000 0.000000 1.000000 0.000000
0.999465 -0.032698 0.000000 76.044093 0.032698 0.999465 0.000000 -1.103329 0.000000 0.000000 1.000000 0.000000
0.999273 -0.038114 0.000000 78.205721 0.038114 0.999273 0.000000 -0.912580 0.000000 0.000000 1.000000 0.000000
0.999121 -0.041913 0.000000 80.158321 0.041913 0.999121 0.000000 -0.928967 0.000000 0.000000 1.000000 0.000000
0.998939 -0.046050 0.000000 82.259668 0.046050 0.998939 0.000000 -0.812795 0.000000 0.000000 1.000000 0.000000
0.998693 -0.051115 0.000000 84.393795 0.051115 0.998693 0.000000 -0.706148 0.000000 0.000000 1.000000 0.000000
0.998495 -0.054851 0.000000 86.516516 0.054851 0.998495 0.000000 -0.543933 0.000000 0.000000 1.000000 0.000000
0.998324 -0.057866 0.000000 88.650238 0.057866 0.998324 0.000000 -0.422882 0.000000 0.000000 1.000000 0.000000
0.998160 -0.060630 0.000000 90.779764 0.060630 0.998160 0.000000 -0.292674 0.000000 0.000000 1.000000 0.000000
0.998033 -0.062689 0.000000 92.954340 0.062689 0.998033 0.000000 -0.123134 0.000000 0.000000 1.000000 0.000000
0.997950 -0.063997 0.000000 95.139540 0.063997 0.997950 0.000000 -0.039038 0.000000 0.000000 1.000000 0.000000
0.997852 -0.065509 0.000000 97.301800 0.065509 0.997852 0.000000 0.152688 0.000000 0.000000 1.000000 0.000000
0.997566 -0.069726 0.000000 99.490548 0.069726 0.997566 0.000000 0.310557 0.000000 0.000000 1.000000 0.000000
0.997316 -0.073223 0.000000 101.747179 0.073223 0.997316 0.000000 0.499623 0.000000 0.000000 1.000000 0.000000
0.997093 -0.076190 0.000000 103.979181 0.076190 0.997093 0.000000 0.652733 0.000000 0.000000 1.000000 0.000000
0.996916 -0.078478 0.000000 106.214050 0.078478 0.996916 0.000000 0.832071 0.000000 0.000000 1.000000 0.000000
0.996830 -0.079563 0.000000 108.482317 0.079563 0.996830 0.000000 1.027913 0.000000 0.000000 1.000000 0.000000
0.996742 -0.080655 0.000000 110.748224 0.080655 0.996742 0.000000 1.153306 0.000000 0.000000 1.000000 0.000000
0.996961 -0.077898 0.000000 113.087530 0.077898 0.996961 0.000000 1.393305 0.000000 0.000000 1.000000 0.000000
0.997142 -0.075548 0.000000 115.355351 0.075548 0.997142 0.000000 1.518221 0.000000 0.000000 1.000000 0.000000
0.997235 -0.074307 0.000000 117.676692 0.074307 0.997235 0.000000 1.711766 0.000000 0.000000 1.000000 0.000000
0.997388 -0.072225 0.000000 119.969246 0.072225 0.997388 0.000000 1.902327 0.000000 0.000000 1.000000 0.000000
0.997477 -0.070984 0.000000 122.229139 0.070984 0.997477 0.000000 2.078626 0.000000 0.000000 1.000000 0.000000
0.997476 -0.071003 0.000000 124.475801 0.071003 0.997476 0.000000 2.236440 0.000000 0.000000 1.000000 0.000000
0.997509 -0.070541 0.000000 126.719764 0.070541 0.997509 0.000000 2.396623 0.000000 0.000000 1.000000 0.000000
0.997497 -0.070714 0.000000 128.891229 0.070714 0.997497 0.000000 2.586402 0.000000 0.000000 1.000000 0.000000
0.997521 -0.070364 0.000000 131.050254 0.070364 0.997521 0.000000 2.713884 0.000000 0.000000 1.000000 0.000000
0.997596 -0.069302 0.000000 133.148685 0.069302 0.997596 0.000000 2.849947 0.000000 0.000000 1.000000 0.000000
0.997564 -0.069758 0.000000 135.336085 0.069758 0.997564 0.000000 3.052087 0.000000 0.000000 1.000000 0.000000
0.997323 -0.073126 0.000000 137.483845 0.073126 0.997323 0.000000 3.277995 0.000000 0.000000 1.000000 0.000000
0.997047 -0.076799 0.000000 139.660236 0.076799 0.997047 0.000000 3.418251 0.000000 0.000000 1.000000 0.000000
0.996690 -0.081295 0.000000 141.930764 0.081295 0.996690 0.000000 3.598477 0.000000 0.000000 1.000000 0.000000
0.996488 -0.083737 0.000000 144.100415 0.083737 0.996488 0.000000 3.778492 0.000000 0.000000 1.000000 0.000000
0.996098 -0.088254 0.000000 146.325341 0.088254 0.996098 0.000000 3.946470 0.000000 0.000000 1.000000 0.000000
0.995925 -0.090185 0.000000 148.605254 0.090185 0.995925 0.000000 4.204437 0.000000 0.000000 1.000000 0.000000
0.995475 -0.095023 0.000000 150.835668 0.095023 0.995475 0.000000 4.386477 0.000000 0.000000 1.000000 0.000000
0.995004 -0.099830 0.000000 153.096660 0.099830 0.995004 0.000000 4.617418 0.000000 0.000000 1.000000 0.000000
0.994506 -0.104679 0.000000 155.350573 0.104679 0.994506 0.000000 4.855038 0.000000 0.000000 1.000000 0.000000
0.994033 -0.109080 0.000000 157.625732 0.109080 0.994033 0.000000 5.084127 0.000000 0.000000 1.000000 0.000000
0.993661 -0.112420 0.000000 159.902730 0.112420 0.993661 0.000000 5.364058 0.000000 0.000000 1.000000 0.000000
0.993356 -0.115084 0.000000 162.198368 0.115084 0.993356 0.000000 5.668796 0.000000 0.000000 1.000000 0.000000
0.993077 -0.117462 0.000000 164.525425 0.117462 0.993077 0.000000 5.912316 0.000000 0.000000 1.000000 0.000000
0.992565 -0.121719 0.000000 166.804646 0.121719 0.992565 0.000000 6.206983 0.000000 0.000000 1.000000 0.000000
0.991960 -0.126551 0.000000 169.132724 0.126551 0.991960 0.000000 6.528147 0.000000 0.000000 1.000000 0.000000
0.991515 -0.129989 0.000000 171.434515 0.129989 0.991515 0.000000 6.878940 0.000000 0.000000 1.000000 0.000000
0.990764 -0.135594 0.000000 173.765713 0.135594 0.990764 0.000000 7.148461 0.000000 0.000000 1.000000 0.000000
0.990166 -0.139894 0.000000 176.097011 0.139894 0.990166 0.000000 7.559257 0.000000 0.000000 1.000000 0.000000
0.989604 -0.143816 0.000000 178.453995 0.143816 0.989604 0.000000 7.838757 0.000000 0.000000 1.000000 0.000000
0.989151 -0.146904 0.000000 180.825359 0.146904 0.989151 0.000000 8.197269 0.000000 0.000000 1.000000 0.000000
0.988558 -0.150841 0.000000 183.171549 0.150841 0.988558 0.000000 8.607434 0.000000 0.000000 1.000000 0.000000
0.987942 -0.154824 0.000000 185.581433 0.154824 0.987942 0.000000 8.958351 0.000000 0.000000 1.000000 0.000000
0.987284 -0.158967 0.000000 187.986019 0.158967 0.987284 0.000000 9.351006 0.000000 0.000000 1.000000 0.000000
0.986406 -0.164325 0.000000 190.323923 0.164325 0.986406 0.000000 9.741133 0.000000 0.000000 1.000000 0.000000
0.985496 -0.169701 0.000000 192.728191 0.169701 0.985496 0.000000 10.137584 0.000000 0.000000 1.000000 0.000000
0.984426 -0.175798 0.000000 195.043525 0.175798 0.984426 0.000000 10.574937 0.000000 0.000000 1.000000 0.000000
0.983494 -0.180940 0.000000 197.336473 0.180940 0.983494 0.000000 11.017055 0.000000 0.000000 1.000000 0.000000
0.982471 -0.186416 0.000000 199.625019 0.186416 0.982471 0.000000 11.462688 0.000000 0.000000 1.000000 0.000000
0.981459 -0.191670 0.000000 201.844239 0.191670 0.981459 0.000000 11.890772 0.000000 0.000000 1.000000 0.000000
0.980340 -0.197314 0.000000 204.020182 0.197314 0.980340 0.000000 12.317282 0.000000 0.000000 1.000000 0.000000
0.979362 -0.202112 0.000000 206.212196 0.202112 0.979362 0.000000 12.741461 0.000000 0.000000 1.000000 0.000000
0.978260 -0.207382 0.000000 208.417239 0.207382 0.978260 0.000000 13.220289 0.000000 0.000000 1.000000 0.000000
0.976907 -0.213665 0.000000 210.579431 0.213665 0.976907 0.000000 13.666031 0.000000 0.000000 1.000000 0.000000
0.976435 -0.215814 0.000000 212.789849 0.215814 0.976435 0.000000 14.205862 0.000000 0.000000 1.000000 0.000000
0.975439 -0.220271 0.000000 214.957796 0.220271 0.975439 0.000000 14.734027 0.000000 0.000000 1.000000 0.000000
0.974520 -0.224300 0.000000 217.229934 0.224300 0.974520 0.000000 15.172654 0.000000 0.000000 1.000000 0.000000
0.973960 -0.226719 0.000000 219.447631 0.226719 0.973960 0.000000 15.724162 0.000000 0.000000 1.000000 0.000000
0.973174 -0.230069 0.000000 221.685473 0.230069 0.973174 0.000000 16.272884 0.000000 0.000000 1.000000 0.000000
0.972670 -0.232192 0.000000 223.992715 0.232192 0.972670 0.000000 16.767828 0.000000 0.000000 1.000000 0.000000
0.971985 -0.235041 0.000000 226.188617 0.235041 0.971985 0.000000 17.384721 0.000000 0.000000 1.000000 0.000000
0.971584 -0.236696 0.000000 228.475907 0.236696 0.971584 0.000000 17.944187 0.000000 0.000000 1.000000 0.000000
0.970376 -0.241599 0.000000 230.690674 0.241599 0.970376 0.000000 18.559863 0.000000 0.000000 1.000000 0.000000
0.969326 -0.245778 0.000000 232.993980 0.245778 0.969326 0.000000 19.102127 0.000000 0.000000 1.000000 0.000000
0.967962 -0.251096 0.000000 235.252382 0.251096 0.967962 0.000000 19.733233 0.000000 0.000000 1.000000 0.000000
0.967262 -0.253780 0.000000 237.507671 0.253780 0.967262 0.000000 20.261032 0.000000 0.000000 1.000000 0.000000
0.965443 -0.260613 0.000000 239.776652 0.260613 0.965443 0.000000 20.977494 0.000000 0.000000 1.000000 0.000000
0.964513 -0.264036 0.000000 242.050691 0.264036 0.964513 0.000000 21.495760 0.000000 0.000000 1.000000 0.000000
0.962789 -0.270255 0.000000 244.439189 0.270255 0.962789 0.000000 22.204984 0.000000 0.000000 1.000000 0.000000
0.961371 -0.275257 0.000000 246.730698 0.275257 0.961371 0.000000 22.809212 0.000000 0.000000 1.000000 0.000000
0.960186 -0.279360 0.000000 249.048961 0.279360 0.960186 0.000000 23.598304 0.000000 0.000000 1.000000 0.000000
0.958789 -0.284118 0.000000 251.453072 0.284118 0.958789 0.000000 24.205549 0.000000 0.000000 1.000000 0.000000
0.957343 -0.288953 0.000000 253.791942 0.288953 0.957343 0.000000 24.957862 0.000000 0.000000 1.000000 0.000000
0.955810 -0.293985 0.000000 256.164221 0.293985 0.955810 0.000000 25.636122 0.000000 0.000000 1.000000 0.000000
0.954434 -0.298423 0.000000 258.517287 0.298423 0.954434 0.000000 26.397295 0.000000 0.000000 1.000000 0.000000
0.953919 -0.300066 0.000000 260.886444 0.300066 0.953919 0.000000 27.112428 0.000000 0.000000 1.000000 0.000000
0.953298 -0.302032 0.000000 263.215617 0.302032 0.953298 0.000000 27.923378 0.000000 0.000000 1.000000 0.000000
0.952334 -0.305058 0.000000 265.571180 0.305058 0.952334 0.000000 28.663622 0.000000 0.000000 1.000000 0.000000
0.951209 -0.308546 0.000000 267.916770 0.308546 0.951209 0.000000 29.383957 0.000000 0.000000 1.000000 0.000000
0.950247 -0.311498 0.000000 270.164252 0.311498 0.950247 0.000000 30.151343 0.000000 0.000000 1.000000 0.000000
0.949322 -0.314305 0.000000 272.477744 0.314305 0.949322 0.000000 30.923375 0.000000 0.000000 1.000000 0.000000
0.948716 -0.316130 0.000000 274.712279 0.316130 0.948716 0.000000 31.647206 0.000000 0.000000 1.000000 0.000000
0.947880 -0.318628 0.000000 276.956100 0.318628 0.947880 0.000000 32.408437 0.000000 0.000000 1.000000 0.000000
0.947382 -0.320104 0.000000 279.161337 0.320104 0.947382 0.000000 33.135425 0.000000 0.000000 1.000000 0.000000
0.946681 -0.322173 0.000000 281.237336 0.322173 0.946681 0.000000 33.937167 0.000000 0.000000 1.000000 0.000000
0.945929 -0.324373 0.000000 283.457592 0.324373 0.945929 0.000000 34.633873 0.000000 0.000000 1.000000 0.000000
0.944817 -0.327598 0.000000 285.529345 0.327598 0.944817 0.000000 35.390815 0.000000 0.000000 1.000000 0.000000
0.943696 -0.330815 0.000000 287.505688 0.330815 0.943696 0.000000 36.106381 0.000000 0.000000 1.000000 0.000000
0.942614 -0.333885 0.000000 289.502570 0.333885 0.942614 0.000000 36.732957 0.000000 0.000000 1.000000 0.000000
0.941205 -0.337835 0.000000 291.356233 0.337835 0.941205 0.000000 37.448491 0.000000 0.000000 1.000000 0.000000
0.939438 -0.342719 0.000000 293.204172 0.342719 0.939438 0.000000 38.061766 0.000000 0.000000 1.000000 0.000000
0.937115 -0.349022 0.000000 295.062647 0.349022 0.937115 0.000000 38.779104 0.000000 0.000000 1.000000 0.000000
0.934225 -0.356684 0.000000 296.878375 0.356684 0.934225 0.000000 39.399815 0.000000 0.000000 1.000000 0.000000
0.932263 -0.361781 0.000000 298.569858 0.361781 0.932263 0.000000 40.014994 0.000000 0.000000 1.000000 0.000000
0.930490 -0.366318 0.000000 300.226911 0.366318 0.930490 0.000000 40.780671 0.000000 0.000000 1.000000 0.000000
0.928441 -0.371479 0.000000 301.936320 0.371479 0.928441 0.000000 41.430016 0.000000 0.000000 1.000000 0.000000
0.926994 -0.375076 0.000000 303.631530 0.375076 0.926994 0.000000 42.148461 0.000000 0.000000 1.000000 0.000000
0.926492 -0.376314 0.000000 305.269535 0.376314 0.926492 0.000000 42.816572 0.000000 0.000000 1.000000 0.000000
0.925893 -0.377785 0.000000 306.929585 0.377785 0.925893 0.000000 43.450942 0.000000 0.000000 1.000000 0.000000
0.926281 -0.376835 0.000000 308.427166 0.376835 0.926281 0.000000 44.107531 0.000000 0.000000 1.000000 0.000000
0.929526 -0.368756 0.000000 309.955750 0.368756 0.929526 0.000000 44.637345 0.000000 0.000000 1.000000 0.000000
0.935246 -0.354000 0.000000 311.372570 0.354000 0.935246 0.000000 45.199499 0.000000 0.000000 1.000000 0.000000
0.943407 -0.331637 0.000000 312.736894 0.331637 0.943407 0.000000 45.605074 0.000000 0.000000 1.000000 0.000000
0.955949 -0.293533 0.000000 314.023593 0.293533 0.955949 0.000000 45.946078 0.000000 0.000000 1.000000 0.000000
0.970580 -0.240780 0.000000 315.324211 0.240780 0.970580 0.000000 46.195977 0.000000 0.000000 1.000000 0.000000
0.985198 -0.171420 0.000000 316.556723 0.171420 0.985198 0.000000 46.378914 0.000000 0.000000 1.000000 0.000000
0.995443 -0.095361 0.000000 317.693294 0.095361 0.995443 0.000000 46.434465 0.000000 0.000000 1.000000 0.000000
0.999996 -0.002891 0.000000 318.789549 0.002891 0.999996 0.000000 46.353040 0.000000 0.000000 1.000000 0.000000
0.995399 0.095819 0.000000 319.799706 -0.095819 0.995399 0.000000 46.117792 0.000000 0.000000 1.000000 0.000000
0.977670 0.210144 0.000000 320.825219 -0.210144 0.977670 0.000000 45.846947 0.000000 0.000000 1.000000 0.000000
0.943608 0.331065 0.000000 321.788737 -0.331065 0.943608 0.000000 45.379902 0.000000 0.000000 1.000000 0.000000
0.890079 0.455807 0.000000 322.643517 -0.455807 0.890079 0.000000 44.758453 0.000000 0.000000 1.000000 0.000000
0.815199 0.579182 0.000000 323.402641 -0.579182 0.815199 0.000000 44.140622 0.000000 0.000000 1.000000 0.000000
0.722757 0.691102 0.000000 324.087858 -0.691102 0.722757 0.000000 43.275263 0.000000 0.000000 1.000000 0.000000
0.612723 0.790298 0.000000 324.579970 -0.790298 0.612723 0.000000 42.364925 0.000000 0.000000 1.000000 0.000000
0.489718 0.871881 0.000000 325.002616 -0.871881 0.489718 0.000000 41.326089 0.000000 0.000000 1.000000 0.000000
0.367924 0.929856 0.000000 325.297120 -0.929856 0.367924 0.000000 40.252275 0.000000 0.000000 1.000000 0.000000
0.251551 0.967844 0.000000 325.579923 -0.967844 0.251551 0.000000 38.985226 0.000000 0.000000 1.000000 0.000000
0.160923 0.986967 0.000000 325.663383 -0.986967 0.160923 0.000000 37.631679 0.000000 0.000000 1.000000 0.000000
0.111023 0.993818 0.000000 325.814881 -0.993818 0.111023 0.000000 36.310111 0.000000 0.000000 1.000000 0.000000
0.095483 0.995431 0.000000 326.021256 -0.995431 0.095483 0.000000 35.049888 0.000000 0.000000 1.000000 0.000000
0.083093 0.996542 0.000000 326.317689 -0.996542 0.083093 0.000000 33.670702 0.000000 0.000000 1.000000 0.000000
0.073662 0.997283 0.000000 326.497342 -0.997283 0.073662 0.000000 32.284851 0.000000 0.000000 1.000000 0.000000
0.063161 0.998003 0.000000 326.431591 -0.998003 0.063161 0.000000 30.805936 0.000000 0.000000 1.000000 0.000000
0.057640 0.998337 0.000000 326.489618 -0.998337 0.057640 0.000000 29.272259 0.000000 0.000000 1.000000 0.000000
0.061932 0.998080 0.000000 326.625975 -0.998080 0.061932 0.000000 27.669887 0.000000 0.000000 1.000000 0.000000
0.069229 0.997601 0.000000 326.738060 -0.997601 0.069229 0.000000 26.039401 0.000000 0.000000 1.000000 0.000000
0.071898 0.997412 0.000000 326.856837 -0.997412 0.071898 0.000000 24.371022 0.000000 0.000000 1.000000 0.000000
0.071850 0.997415 0.000000 327.000288 -0.997415 0.071850 0.000000 22.710324 0.000000 0.000000 1.000000 0.000000
0.071383 0.997449 0.000000 327.122852 -0.997449 0.071383 0.000000 20.962494 0.000000 0.000000 1.000000 0.000000
0.070832 0.997488 0.000000 327.277412 -0.997488 0.070832 0.000000 19.193716 0.000000 0.000000 1.000000 0.000000
0.070748 0.997494 0.000000 327.356398 -0.997494 0.070748 0.000000 17.307882 0.000000 0.000000 1.000000 0.000000
0.070866 0.997486 0.000000 327.520202 -0.997486 0.070866 0.000000 15.436704 0.000000 0.000000 1.000000 0.000000
0.068585 0.997645 0.000000 327.707619 -0.997645 0.068585 0.000000 13.525386 0.000000 0.000000 1.000000 0.000000
0.067578 0.997714 0.000000 327.857113 -0.997714 0.067578 0.000000 11.554672 0.000000 0.000000 1.000000 0.000000
0.066990 0.997754 0.000000 327.983656 -0.997754 0.066990 0.000000 9.534699 0.000000 0.000000 1.000000 0.000000
0.065932 0.997824 0.000000 328.125092 -0.997824 0.065932 0.000000 7.478106 0.000000 0.000000 1.000000 0.000000
0.066469 0.997788 0.000000 328.228588 -0.997788 0.066469 0.000000 5.393012 0.000000 0.000000 1.000000 0.000000
0.069051 0.997613 0.000000 328.434277 -0.997613 0.069051 0.000000 3.271589 0.000000 0.000000 1.000000 0.000000
0.070930 0.997481 0.000000 328.576548 -0.997481 0.070930 0.000000 1.126826 0.000000 0.000000 1.000000 0.000000
0.072307 0.997382 0.000000 328.739372 -0.997382 0.072307 0.000000 -1.065215 0.000000 0.000000 1.000000 0.000000
0.073890 0.997266 0.000000 328.858708 -0.997266 0.073890 0.000000 -3.320685 0.000000 0.000000 1.000000 0.000000
0.073009 0.997331 0.000000 329.024988 -0.997331 0.073009 0.000000 -5.527589 0.000000 0.000000 1.000000 0.000000
0.073676 0.997282 0.000000 329.192926 -0.997282 0.073676 0.000000 -7.801015 0.000000 0.000000 1.000000 0.000000
0.075136 0.997173 0.000000 329.353849 -0.997173 0.075136 0.000000 -10.013279 0.000000 0.000000 1.000000 0.000000
0.075164 0.997171 0.000000 329.532733 -0.997171 0.075164 0.000000 -12.211183 0.000000 0.000000 1.000000 0.000000
0.075083 0.997177 0.000000 329.678235 -0.997177 0.075083 0.000000 -14.409748 0.000000 0.000000 1.000000 0.000000
0.074333 0.997233 0.000000 329.851944 -0.997233 0.074333 0.000000 -16.549193 0.000000 0.000000 1.000000 0.000000
0.073603 0.997288 0.000000 330.087529 -0.997288 0.073603 0.000000 -18.691706 0.000000 0.000000 1.000000 0.000000
0.075721 0.997129 0.000000 330.191788 -0.997129 0.075721 0.000000 -20.795041 0.000000 0.000000 1.000000 0.000000
0.075074 0.997178 0.000000 330.372728 -0.997178 0.075074 0.000000 -22.894250 0.000000 0.000000 1.000000 0.000000
0.074219 0.997242 0.000000 330.500013 -0.997242 0.074219 0.000000 -24.951260 0.000000 0.000000 1.000000 0.000000
0.071984 0.997406 0.000000 330.610430 -0.997406 0.071984 0.000000 -26.847987 0.000000 0.000000 1.000000 0.000000
0.070876 0.997485 0.000000 330.757471 -0.997485 0.070876 0.000000 -28.653091 0.000000 0.000000 1.000000 0.000000
0.069460 0.997585 0.000000 330.931087 -0.997585 0.069460 0.000000 -30.472419 0.000000 0.000000 1.000000 0.000000
0.070739 0.997495 0.000000 330.965399 -0.997495 0.070739 0.000000 -32.287241 0.000000 0.000000 1.000000 0.000000
0.074611 0.997213 0.000000 331.109951 -0.997213 0.074611 0.000000 -34.078096 0.000000 0.000000 1.000000 0.000000
0.078707 0.996898 0.000000 331.254447 -0.996898 0.078707 0.000000 -35.807884 0.000000 0.000000 1.000000 0.000000
0.079592 0.996828 0.000000 331.422330 -0.996828 0.079592 0.000000 -37.579911 0.000000 0.000000 1.000000 0.000000
0.080699 0.996738 0.000000 331.699804 -0.996738 0.080699 0.000000 -39.389271 0.000000 0.000000 1.000000 0.000000
0.082028 0.996630 0.000000 331.818522 -0.996630 0.082028 0.000000 -41.092280 0.000000 0.000000 1.000000 0.000000
0.082719 0.996573 0.000000 331.851318 -0.996573 0.082719 0.000000 -42.796454 0.000000 0.000000 1.000000 0.000000
0.082879 0.996560 0.000000 331.966265 -0.996560 0.082879 0.000000 -44.619307 0.000000 0.000000 1.000000 0.000000
0.082295 0.996608 0.000000 332.196505 -0.996608 0.082295 0.000000 -46.401497 0.000000 0.000000 1.000000 0.000000
0.082423 0.996597 0.000000 332.330751 -0.996597 0.082423 0.000000 -48.136721 0.000000 0.000000 1.000000 0.000000
0.081949 0.996637 0.000000 332.447702 -0.996637 0.081949 0.000000 -49.945834 0.000000 0.000000 1.000000 0.000000
0.081650 0.996661 0.000000 332.624857 -0.996661 0.081650 0.000000 -51.723152 0.000000 0.000000 1.000000 0.000000
0.083007 0.996549 0.000000 332.781092 -0.996549 0.083007 0.000000 -53.463171 0.000000 0.000000 1.000000 0.000000
0.084303 0.996440 0.000000 332.866657 -0.996440 0.084303 0.000000 -55.265062 0.000000 0.000000 1.000000 0.000000
0.083501 0.996508 0.000000 333.031676 -0.996508 0.083501 0.000000 -56.987826 0.000000 0.000000 1.000000 0.000000
0.083190 0.996534 0.000000 333.191755 -0.996534 0.083190 0.000000 -58.759367 0.000000 0.000000 1.000000 0.000000
0.083081 0.996543 0.000000 333.352558 -0.996543 0.083081 0.000000 -60.425117 0.000000 0.000000 1.000000 0.000000
0.081037 0.996711 0.000000 333.489612 -0.996711 0.081037 0.000000 -62.123228 0.000000 0.000000 1.000000 0.000000
0.079679 0.996821 0.000000 333.592378 -0.996821 0.079679 0.000000 -63.732489 0.000000 0.000000 1.000000 0.000000
0.077513 0.996991 0.000000 333.785134 -0.996991 0.077513 0.000000 -65.274344 0.000000 0.000000 1.000000 0.000000
0.076679 0.997056 0.000000 333.873069 -0.997056 0.076679 0.000000 -67.010996 0.000000 0.000000 1.000000 0.000000
0.077572 0.996987 0.000000 334.029429 -0.996987 0.077572 0.000000 -68.599466 0.000000 0.000000 1.000000 0.000000
0.072890 0.997340 0.000000 334.166591 -0.997340 0.072890 0.000000 -70.167905 0.000000 0.000000 1.000000 0.000000
0.068486 0.997652 0.000000 334.325486 -0.997652 0.068486 0.000000 -71.801786 0.000000 0.000000 1.000000 0.000000
0.069014 0.997616 0.000000 334.408104 -0.997616 0.069014 0.000000 -73.400641 0.000000 0.000000 1.000000 0.000000
0.070854 0.997487 0.000000 334.513120 -0.997487 0.070854 0.000000 -75.001857 0.000000 0.000000 1.000000 0.000000
0.070791 0.997491 0.000000 334.622475 -0.997491 0.070791 0.000000 -76.569741 0.000000 0.000000 1.000000 0.000000
0.071367 0.997450 0.000000 334.713000 -0.997450 0.071367 0.000000 -78.045326 0.000000 0.000000 1.000000 0.000000
0.070998 0.997476 0.000000 334.815711 -0.997476 0.070998 0.000000 -79.546309 0.000000 0.000000 1.000000 0.000000
0.071659 0.997429 0.000000 334.882353 -0.997429 0.071659 0.000000 -80.921494 0.000000 0.000000 1.000000 0.000000
0.070746 0.997494 0.000000 334.958945 -0.997494 0.070746 0.000000 -82.130598 0.000000 0.000000 1.000000 0.000000
0.069856 0.997557 0.000000 335.072285 -0.997557 0.069856 0.000000 -83.313166 0.000000 0.000000 1.000000 0.000000
0.072355 0.997379 0.000000 335.066986 -0.997379 0.072355 0.000000 -84.558094 0.000000 0.000000 1.000000 0.000000
0.073387 0.997304 0.000000 334.989998 -0.997304 0.073387 0.000000 -85.510731 0.000000 0.000000 1.000000 0.000000
0.071573 0.997435 0.000000 335.165109 -0.997435 0.071573 0.000000 -86.449422 0.000000 0.000000 1.000000 0.000000
0.070933 0.997481 0.000000 335.243937 -0.997481 0.070933 0.000000 -87.350023 0.000000 0.000000 1.000000 0.000000
0.073858 0.997269 0.000000 335.234981 -0.997269 0.073858 0.000000 -88.255446 0.000000 0.000000 1.000000 0.000000
0.074820 0.997197 0.000000 335.347872 -0.997197 0.074820 0.000000 -88.910032 0.000000 0.000000 1.000000 0.000000
0.072431 0.997373 0.000000 335.408996 -0.997373 0.072431 0.000000 -89.690700 0.000000 0.000000 1.000000 0.000000
0.073154 0.997321 0.000000 335.449189 -0.997321 0.073154 0.000000 -90.400711 0.000000 0.000000 1.000000 0.000000
0.072614 0.997360 0.000000 335.482465 -0.997360 0.072614 0.000000 -90.944477 0.000000 0.000000 1.000000 0.000000
0.072234 0.997388 0.000000 335.540045 -0.997388 0.072234 0.000000 -91.602672 0.000000 0.000000 1.000000 0.000000
0.073011 0.997331 0.000000 335.587861 -0.997331 0.073011 0.000000 -92.218913 0.000000 0.000000 1.000000 0.000000
0.075222 0.997167 0.000000 335.518465 -0.997167 0.075222 0.000000 -92.887996 0.000000 0.000000 1.000000 0.000000
0.077935 0.996958 0.000000 335.575902 -0.996958 0.077935 0.000000 -93.480066 0.000000 0.000000 1.000000 0.000000
0.074499 0.997221 0.000000 335.708710 -0.997221 0.074499 0.000000 -94.085652 0.000000 0.000000 1.000000 0.000000
0.074869 0.997193 0.000000 335.795824 -0.997193 0.074869 0.000000 -94.669870 0.000000 0.000000 1.000000 0.000000
0.075945 0.997112 0.000000 335.847505 -0.997112 0.075945 0.000000 -95.307699 0.000000 0.000000 1.000000 0.000000
0.076319 0.997083 0.000000 335.858690 -0.997083 0.076319 0.000000 -95.897719 0.000000 0.000000 1.000000 0.000000
0.077537 0.996989 0.000000 335.966948 -0.996989 0.077537 0.000000 -96.466023 0.000000 0.000000 1.000000 0.000000
0.080203 0.996779 0.000000 335.933028 -0.996779 0.080203 0.000000 -97.050028 0.000000 0.000000 1.000000 0.000000
0.082497 0.996591 0.000000 335.974999 -0.996591 0.082497 0.000000 -97.532372 0.000000 0.000000 1.000000 0.000000
0.085610 0.996329 0.000000 336.021243 -0.996329 0.085610 0.000000 -98.080571 0.000000 0.000000 1.000000 0.000000
0.085556 0.996333 0.000000 336.032129 -0.996333 0.085556 0.000000 -98.635210 0.000000 0.000000 1.000000 0.000000
0.082420 0.996598 0.000000 336.208506 -0.996598 0.082420 0.000000 -99.231791 0.000000 0.000000 1.000000 0.000000
0.079860 0.996806 0.000000 336.164256 -0.996806 0.079860 0.000000 -99.790354 0.000000 0.000000 1.000000 0.000000
0.075738 0.997128 0.000000 336.237887 -0.997128 0.075738 0.000000 -100.451550 0.000000 0.000000 1.000000 0.000000
0.065985 0.997821 0.000000 336.264506 -0.997821 0.065985 0.000000 -101.116561 0.000000 0.000000 1.000000 0.000000
0.049284 0.998785 0.000000 336.267504 -0.998785 0.049284 0.000000 -101.833355 0.000000 0.000000 1.000000 0.000000
0.019984 0.999800 0.000000 336.192385 -0.999800 0.019984 0.000000 -102.642605 0.000000 0.000000 1.000000 0.000000
-0.017422 0.999848 0.000000 336.169633 -0.999848 -0.017422 0.000000 -103.466757 0.000000 0.000000 1.000000 0.000000
-0.060748 0.998153 0.000000 336.055124 -0.998153 -0.060748 0.000000 -104.258785 0.000000 0.000000 1.000000 0.000000
-0.114632 0.993408 0.000000 335.920550 -0.993408 -0.114632 0.000000 -105.184925 0.000000 0.000000 1.000000 0.000000
-0.174936 0.984580 0.000000 335.684385 -0.984580 -0.174936 0.000000 -106.104229 0.000000 0.000000 1.000000 0.000000
-0.238175 0.971222 0.000000 335.463848 -0.971222 -0.238175 0.000000 -107.087194 0.000000 0.000000 1.000000 0.000000
-0.300333 0.953834 0.000000 335.102210 -0.953834 -0.300333 0.000000 -108.113669 0.000000 0.000000 1.000000 0.000000
-0.363030 0.931778 0.000000 334.671653 -0.931778 -0.363030 0.000000 -109.128736 0.000000 0.000000 1.000000 0.000000
-0.423005 0.906127 0.000000 334.183122 -0.906127 -0.423005 0.000000 -110.046805 0.000000 0.000000 1.000000 0.000000
-0.476716 0.879058 0.000000 333.584748 -0.879058 -0.476716 0.000000 -110.944669 0.000000 0.000000 1.000000 0.000000
-0.524475 0.851426 0.000000 332.890376 -0.851426 -0.524475 0.000000 -111.909002 0.000000 0.000000 1.000000 0.000000
-0.572496 0.819907 0.000000 332.198810 -0.819907 -0.572496 0.000000 -112.791534 0.000000 0.000000 1.000000 0.000000
-0.615761 0.787933 0.000000 331.471044 -0.787933 -0.615761 0.000000 -113.665394 0.000000 0.000000 1.000000 0.000000
-0.654516 0.756048 0.000000 330.674329 -0.756048 -0.654516 0.000000 -114.620012 0.000000 0.000000 1.000000 0.000000
-0.687226 0.726443 0.000000 329.746021 -0.726443 -0.687226 0.000000 -115.579095 0.000000 0.000000 1.000000 0.000000
-0.717335 0.696729 0.000000 328.733778 -0.696729 -0.717335 0.000000 -116.459809 0.000000 0.000000 1.000000 0.000000
-0.747619 0.664128 0.000000 327.683658 -0.664128 -0.747619 0.000000 -117.403439 0.000000 0.000000 1.000000 0.000000
-0.775026 0.631929 0.000000 326.540985 -0.631929 -0.775026 0.000000 -118.266854 0.000000 0.000000 1.000000 0.000000
-0.800802 0.598929 0.000000 325.338590 -0.598929 -0.800802 0.000000 -119.159139 0.000000 0.000000 1.000000 0.000000
-0.823248 0.567682 0.000000 324.029922 -0.567682 -0.823248 0.000000 -120.023421 0.000000 0.000000 1.000000 0.000000
-0.844530 0.535509 0.000000 322.633094 -0.535509 -0.844530 0.000000 -120.847657 0.000000 0.000000 1.000000 0.000000
-0.864324 0.502935 0.000000 321.181674 -0.502935 -0.864324 0.000000 -121.673102 0.000000 0.000000 1.000000 0.000000
-0.883930 0.467619 0.000000 319.685567 -0.467619 -0.883930 0.000000 -122.425704 0.000000 0.000000 1.000000 0.000000
-0.902092 0.431544 0.000000 318.145428 -0.431544 -0.902092 0.000000 -123.158635 0.000000 0.000000 1.000000 0.000000
-0.915689 0.401888 0.000000 316.650573 -0.401888 -0.915689 0.000000 -123.801947 0.000000 0.000000 1.000000 0.000000
-0.926529 0.376223 0.000000 315.040799 -0.376223 -0.926529 0.000000 -124.391674 0.000000 0.000000 1.000000 0.000000
-0.934224 0.356686 0.000000 313.462493 -0.356686 -0.934224 0.000000 -125.026657 0.000000 0.000000 1.000000 0.000000
-0.937945 0.346784 0.000000 311.816045 -0.346784 -0.937945 0.000000 -125.649921 0.000000 0.000000 1.000000 0.000000
-0.938273 0.345895 0.000000 310.127232 -0.345895 -0.938273 0.000000 -126.263663 0.000000 0.000000 1.000000 0.000000
-0.939572 0.342351 0.000000 308.458336 -0.342351 -0.939572 0.000000 -126.853728 0.000000 0.000000 1.000000 0.000000
-0.940492 0.339815 0.000000 306.770615 -0.339815 -0.940492 0.000000 -127.561025 0.000000 0.000000 1.000000 0.000000
-0.940047 0.341045 0.000000 305.050578 -0.341045 -0.940047 0.000000 -128.154091 0.000000 0.000000 1.000000 0.000000
-0.940296 0.340358 0.000000 303.283614 -0.340358 -0.940296 0.000000 -128.828487 0.000000 0.000000 1.000000 0.000000
-0.940156 0.340744 0.000000 301.515978 -0.340744 -0.940156 0.000000 -129.512343 0.000000 0.000000 1.000000 0.000000
-0.939783 0.341772 0.000000 299.616229 -0.341772 -0.939783 0.000000 -130.153406 0.000000 0.000000 1.000000 0.000000
-0.938519 0.345228 0.000000 297.763166 -0.345228 -0.938519 0.000000 -130.839560 0.000000 0.000000 1.000000 0.000000
-0.937855 0.347028 0.000000 295.859597 -0.347028 -0.937855 0.000000 -131.577867 0.000000 0.000000 1.000000 0.000000
-0.936831 0.349783 0.000000 293.898592 -0.349783 -0.936831 0.000000 -132.274257 0.000000 0.000000 1.000000 0.000000
-0.936785 0.349904 0.000000 291.982241 -0.349904 -0.936785 0.000000 -132.995196 0.000000 0.000000 1.000000 0.000000
-0.936636 0.350304 0.000000 290.006197 -0.350304 -0.936636 0.000000 -133.731126 0.000000 0.000000 1.000000 0.000000
-0.936998 0.349335 0.000000 287.986163 -0.349335 -0.936998 0.000000 -134.517709 0.000000 0.000000 1.000000 0.000000
-0.936922 0.349539 0.000000 285.951317 -0.349539 -0.936922 0.000000 -135.307986 0.000000 0.000000 1.000000 0.000000
-0.937180 0.348845 0.000000 283.833285 -0.348845 -0.937180 0.000000 -136.051398 0.000000 0.000000 1.000000 0.000000
-0.937486 0.348023 0.000000 281.770212 -0.348023 -0.937486 0.000000 -136.847680 0.000000 0.000000 1.000000 0.000000
-0.937418 0.348207 0.000000 279.604870 -0.348207 -0.937418 0.000000 -137.639303 0.000000 0.000000 1.000000 0.000000
-0.937553 0.347844 0.000000 277.428423 -0.347844 -0.937553 0.000000 -138.441592 0.000000 0.000000 1.000000 0.000000
-0.937113 0.349026 0.000000 275.246428 -0.349026 -0.937113 0.000000 -139.226770 0.000000 0.000000 1.000000 0.000000
-0.936927 0.349524 0.000000 273.074538 -0.349524 -0.936927 0.000000 -140.076903 0.000000 0.000000 1.000000 0.000000
-0.935527 0.353254 0.000000 270.924115 -0.353254 -0.935527 0.000000 -140.891992 0.000000 0.000000 1.000000 0.000000
-0.933571 0.358392 0.000000 268.642596 -0.358392 -0.933571 0.000000 -141.748092 0.000000 0.000000 1.000000 0.000000
-0.931830 0.362894 0.000000 266.451963 -0.362894 -0.931830 0.000000 -142.628042 0.000000 0.000000 1.000000 0.000000
-0.929491 0.368845 0.000000 264.212402 -0.368845 -0.929491 0.000000 -143.538792 0.000000 0.000000 1.000000 0.000000
-0.926998 0.375066 0.000000 262.003071 -0.375066 -0.926998 0.000000 -144.401918 0.000000 0.000000 1.000000 0.000000
-0.923690 0.383140 0.000000 259.786567 -0.383140 -0.923690 0.000000 -145.334437 0.000000 0.000000 1.000000 0.000000
-0.920544 0.390639 0.000000 257.553117 -0.390639 -0.920544 0.000000 -146.287322 0.000000 0.000000 1.000000 0.000000
-0.916120 0.400904 0.000000 255.399715 -0.400904 -0.916120 0.000000 -147.254166 0.000000 0.000000 1.000000 0.000000
-0.912306 0.409510 0.000000 253.141522 -0.409510 -0.912306 0.000000 -148.272930 0.000000 0.000000 1.000000 0.000000
-0.907859 0.419276 0.000000 250.973279 -0.419276 -0.907859 0.000000 -149.348033 0.000000 0.000000 1.000000 0.000000
-0.903945 0.427649 0.000000 248.751111 -0.427649 -0.903945 0.000000 -150.421600 0.000000 0.000000 1.000000 0.000000
-0.899571 0.436774 0.000000 246.526896 -0.436774 -0.899571 0.000000 -151.463151 0.000000 0.000000 1.000000 0.000000
-0.895475 0.445113 0.000000 244.351416 -0.445113 -0.895475 0.000000 -152.627591 0.000000 0.000000 1.000000 0.000000
-0.890056 0.455852 0.000000 242.182815 -0.455852 -0.890056 0.000000 -153.754986 0.000000 0.000000 1.000000 0.000000
-0.884661 0.466235 0.000000 239.997890 -0.466235 -0.884661 0.000000 -154.927656 0.000000 0.000000 1.000000 0.000000
-0.877969 0.478717 0.000000 237.848879 -0.478717 -0.877969 0.000000 -156.124871 0.000000 0.000000 1.000000 0.000000
-0.870355 0.492425 0.000000 235.733036 -0.492425 -0.870355 0.000000 -157.375136 0.000000 0.000000 1.000000 0.000000
-0.862622 0.505849 0.000000 233.599721 -0.505849 -0.862622 0.000000 -158.657837 0.000000 0.000000 1.000000 0.000000
-0.854319 0.519749 0.000000 231.475301 -0.519749 -0.854319 0.000000 -159.981249 0.000000 0.000000 1.000000 0.000000
-0.847394 0.530964 0.000000 229.306375 -0.530964 -0.847394 0.000000 -161.344316 0.000000 0.000000 1.000000 0.000000
-0.840006 0.542577 0.000000 227.253523 -0.542577 -0.840006 0.000000 -162.685625 0.000000 0.000000 1.000000 0.000000
-0.832610 0.553860 0.000000 225.210022 -0.553860 -0.832610 0.000000 -164.137754 0.000000 0.000000 1.000000 0.000000
-0.825644 0.564191 0.000000 223.172839 -0.564191 -0.825644 0.000000 -165.583146 0.000000 0.000000 1.000000 0.000000
-0.819437 0.573169 0.000000 221.048832 -0.573169 -0.819437 0.000000 -167.033248 0.000000 0.000000 1.000000 0.000000
-0.811485 0.584374 0.000000 219.017584 -0.584374 -0.811485 0.000000 -168.519134 0.000000 0.000000 1.000000 0.000000
-0.805895 0.592058 0.000000 216.976558 -0.592058 -0.805895 0.000000 -170.038901 0.000000 0.000000 1.000000 0.000000
-0.798223 0.602363 0.000000 215.006670 -0.602363 -0.798223 0.000000 -171.558087 0.000000 0.000000 1.000000 0.000000
-0.791663 0.610958 0.000000 213.045357 -0.610958 -0.791663 0.000000 -173.076801 0.000000 0.000000 1.000000 0.000000
-0.783394 0.621525 0.000000 211.133564 -0.621525 -0.783394 0.000000 -174.588797 0.000000 0.000000 1.000000 0.000000
-0.774515 0.632556 0.000000 209.230196 -0.632556 -0.774515 0.000000 -176.168263 0.000000 0.000000 1.000000 0.000000
-0.765607 0.643309 0.000000 207.333524 -0.643309 -0.765607 0.000000 -177.751511 0.000000 0.000000 1.000000 0.000000
-0.756684 0.653781 0.000000 205.508191 -0.653781 -0.756684 0.000000 -179.402729 0.000000 0.000000 1.000000 0.000000
-0.747460 0.664307 0.000000 203.673898 -0.664307 -0.747460 0.000000 -181.021431 0.000000 0.000000 1.000000 0.000000
-0.738541 0.674208 0.000000 201.848733 -0.674208 -0.738541 0.000000 -182.691603 0.000000 0.000000 1.000000 0.000000
-0.731331 0.682023 0.000000 200.145242 -0.682023 -0.731331 0.000000 -184.393250 0.000000 0.000000 1.000000 0.000000
-0.726829 0.686819 0.000000 198.339230 -0.686819 -0.726829 0.000000 -186.044958 0.000000 0.000000 1.000000 0.000000
-0.719658 0.694329 0.000000 196.517802 -0.694329 -0.719658 0.000000 -187.744614 0.000000 0.000000 1.000000 0.000000
-0.711240 0.702949 0.000000 194.722773 -0.702949 -0.711240 0.000000 -189.405821 0.000000 0.000000 1.000000 0.000000
-0.703581 0.710615 0.000000 193.037792 -0.710615 -0.703581 0.000000 -191.160108 0.000000 0.000000 1.000000 0.000000
-0.694558 0.719437 0.000000 191.420972 -0.719437 -0.694558 0.000000 -192.867113 0.000000 0.000000 1.000000 0.000000
-0.684173 0.729320 0.000000 189.750303 -0.729320 -0.684173 0.000000 -194.583775 0.000000 0.000000 1.000000 0.000000
-0.672981 0.739660 0.000000 188.298072 -0.739660 -0.672981 0.000000 -196.268422 0.000000 0.000000 1.000000 0.000000
-0.661638 0.749823 0.000000 186.788300 -0.749823 -0.661638 0.000000 -198.002936 0.000000 0.000000 1.000000 0.000000
-0.651589 0.758572 0.000000 185.407067 -0.758572 -0.651589 0.000000 -199.656269 0.000000 0.000000 1.000000 0.000000
-0.642507 0.766280 0.000000 184.058750 -0.766280 -0.642507 0.000000 -201.243907 0.000000 0.000000 1.000000 0.000000
