1.000000 0.000000 0.000000 0.000000 0.000000 1.000000 0.000000 0.000000 0.000000 0.000000 1.000000 0.000000
1.000000 -0.000134 0.000000 0.003107 0.000134 1.000000 0.000000 0.002503 0.000000 0.000000 1.000000 0.000000
1.000000 0.000157 0.000000 -0.000623 -0.000157 1.000000 0.000000 0.001412 0.000000 0.000000 1.000000 0.000000
1.000000 -0.000013 0.000000 -0.000609 0.000013 1.000000 0.000000 -0.001691 0.000000 0.000000 1.000000 0.000000
1.000000 0.000034 0.000000 -0.001449 -0.000034 1.000000 0.000000 0.006365 0.000000 0.000000 1.000000 0.000000
1.000000 0.000064 0.000000 -0.000844 -0.000064 1.000000 0.000000 0.001659 0.000000 0.000000 1.000000 0.000000
1.000000 -0.000139 0.000000 0.010385 0.000139 1.000000 0.000000 -0.002276 0.000000 0.000000 1.000000 0.000000
1.000000 0.000038 0.000000 0.005805 -0.000038 1.000000 0.000000 -0.001464 0.000000 0.000000 1.000000 0.000000
1.000000 0.000118 0.000000 0.004415 -0.000118 1.000000 0.000000 -0.001513 0.000000 0.000000 1.000000 0.000000
1.000000 -0.000060 0.000000 -0.003397 0.000060 1.000000 0.000000 0.003028 0.000000 0.000000 1.000000 0.000000
1.000000 -0.000120 0.000000 0.001217 0.000120 1.000000 0.000000 0.007993 0.000000 0.000000 1.000000 0.000000
1.000000 -0.000153 0.000000 -0.001377 0.000153 1.000000 0.000000 0.002934 0.000000 0.000000 1.000000 0.000000
1.000000 -0.000182 0.000000 0.003212 0.000182 1.000000 0.000000 0.005351 0.000000 0.000000 1.000000 0.000000
1.000000 -0.000102 0.000000 0.001703 0.000102 1.000000 0.000000 0.000899 0.000000 0.000000 1.000000 0.000000
1.000000 -0.000073 0.000000 0.003959 0.000073 1.000000 0.000000 -0.000997 0.000000 0.000000 1.000000 0.000000
1.000000 -0.000171 0.000000 0.004510 0.000171 1.000000 0.000000 0.002000 0.000000 0.000000 1.000000 0.000000
1.000000 0.000028 0.000000 0.006621 -0.000028 1.000000 0.000000 0.004085 0.000000 0.000000 1.000000 0.000000
1.000000 -0.000101 0.000000 0.006654 0.000101 1.000000 0.000000 0.005694 0.000000 0.000000 1.000000 0.000000
1.000000 -0.000130 0.000000 0.004507 0.000130 1.000000 0.000000 0.008228 0.000000 0.000000 1.000000 0.000000
1.000000 -0.000139 0.000000 0.004039 0.000139 1.000000 0.000000 -0.000320 0.000000 0.000000 1.000000 0.000000
1.000000 -0.000240 0.000000 0.001399 0.000240 1.000000 0.000000 0.000767 0.000000 0.000000 1.000000 0.000000
1.000000 -0.000282 0.000000 0.002303 0.000282 1.000000 0.000000 0.002795 0.000000 0.000000 1.000000 0.000000
1.000000 -0.000368 0.000000 0.006712 0.000368 1.000000 0.000000 -0.000027 0.000000 0.000000 1.000000 0.000000
1.000000 -0.000270 0.000000 -0.000937 0.000270 1.000000 0.000000 0.011824 0.000000 0.000000 1.000000 0.000000
1.000000 -0.000128 0.000000 0.004034 0.000128 1.000000 0.000000 0.002751 0.000000 0.000000 1.000000 0.000000
1.000000 -0.000242 0.000000 0.002610 0.000242 1.000000 0.000000 -0.002852 0.000000 0.000000 1.000000 0.000000
1.000000 -0.000216 0.000000 0.005014 0.000216 1.000000 0.000000 0.007057 0.000000 0.000000 1.000000 0.000000
1.000000 -0.000160 0.000000 -0.001186 0.000160 1.000000 0.000000 -0.000857 0.000000 0.000000 1.000000 0.000000
1.000000 -0.000301 0.000000 0.005213 0.000301 1.000000 0.000000 -0.002411 0.000000 0.000000 1.000000 0.000000
1.000000 -0.000201 0.000000 -0.001358 0.000201 1.000000 0.000000 0.005420 0.000000 0.000000 1.000000 0.000000
1.000000 -0.000151 0.000000 0.003718 0.000151 1.000000 0.000000 0.009692 0.000000 0.000000 1.000000 0.000000
1.000000 -0.000187 0.000000 0.005000 0.000187 1.000000 0.000000 -0.004229 0.000000 0.000000 1.000000 0.000000
1.000000 -0.000212 0.000000 0.008050 0.000212 1.000000 0.000000 -0.002399 0.000000 0.000000 1.000000 0.000000
1.000000 -0.000293 0.000000 0.007231 0.000293 1.000000 0.000000 0.004361 0.000000 0.000000 1.000000 0.000000
1.000000 -0.000172 0.000000 0.013442 0.000172 1.000000 0.000000 0.001205 0.000000 0.000000 1.000000 0.000000
1.000000 -0.000186 0.000000 0.008032 0.000186 1.000000 0.000000 0.003829 0.000000 0.000000 1.000000 0.000000
1.000000 -0.000227 0.000000 0.004073 0.000227 1.000000 0.000000 0.000353 0.000000 0.000000 1.000000 0.000000
1.000000 -0.000287 0.000000 0.003081 0.000287 1.000000 0.000000 0.002255 0.000000 0.000000 1.000000 0.000000
1.000000 -0.000003 0.000000 0.003869 0.000003 1.000000 0.000000 0.002035 0.000000 0.000000 1.000000 0.000000
1.000000 -0.000275 0.000000 0.002509 0.000275 1.000000 0.000000 0.008460 0.000000 0.000000 1.000000 0.000000
1.000000 -0.000103 0.000000 0.001804 0.000103 1.000000 0.000000 0.001419 0.000000 0.000000 1.000000 0.000000
1.000000 -0.000108 0.000000 -0.000057 0.000108 1.000000 0.000000 0.004230 0.000000 0.000000 1.000000 0.000000
1.000000 -0.000192 0.000000 0.010017 0.000192 1.000000 0.000000 0.012685 0.000000 0.000000 1.000000 0.000000
1.000000 -0.000296 0.000000 0.010239 0.000296 1.000000 0.000000 0.000886 0.000000 0.000000 1.000000 0.000000
1.000000 -0.000062 0.000000 0.008828 0.000062 1.000000 0.000000 0.005270 0.000000 0.000000 1.000000 0.000000
1.000000 -0.000034 0.000000 -0.000912 0.000034 1.000000 0.000000 0.005018 0.000000 0.000000 1.000000 0.000000
1.000000 -0.000133 0.000000 -0.001556 0.000133 1.000000 0.000000 0.000048 0.000000 0.000000 1.000000 0.000000
1.000000 -0.000039 0.000000 0.003462 0.000039 1.000000 0.000000 0.000391 0.000000 0.000000 1.000000 0.000000
1.000000 -0.000080 0.000000 0.003548 0.000080 1.000000 0.000000 0.006832 0.000000 0.000000 1.000000 0.000000
1.000000 -0.000268 0.000000 0.006094 0.000268 1.000000 0.000000 0.006087 0.000000 0.000000 1.000000 0.000000
1.000000 -0.000288 0.000000 0.007666 0.000288 1.000000 0.000000 0.001142 0.000000 0.000000 1.000000 0.000000
1.000000 -0.000329 0.000000 0.000864 0.000329 1.000000 0.000000 0.006078 0.000000 0.000000 1.000000 0.000000
1.000000 -0.000013 0.000000 0.004751 0.000013 1.000000 0.000000 -0.007589 0.000000 0.000000 1.000000 0.000000
1.000000 -0.000285 0.000000 -0.000144 0.000285 1.000000 0.000000 0.004630 0.000000 0.000000 1.000000 0.000000
1.000000 -0.000334 0.000000 0.006123 0.000334 1.000000 0.000000 -0.003859 0.000000 0.000000 1.000000 0.000000
1.000000 -0.000284 0.000000 0.000304 0.000284 1.000000 0.000000 0.004234 0.000000 0.000000 1.000000 0.000000
1.000000 -0.000375 0.000000 0.005758 0.000375 1.000000 0.000000 0.000707 0.000000 0.000000 1.000000 0.000000
1.000000 -0.000246 0.000000 0.000501 0.000246 1.000000 0.000000 -0.001180 0.000000 0.000000 1.000000 0.000000
1.000000 -0.000041 0.000000 0.015098 0.000041 1.000000 0.000000 0.002196 0.000000 0.000000 1.000000 0.000000
1.000000 -0.000162 0.000000 0.001146 0.000162 1.000000 0.000000 0.006666 0.000000 0.000000 1.000000 0.000000
1.000000 -0.000025 0.000000 0.006332 0.000025 1.000000 0.000000 0.005503 0.000000 0.000000 1.000000 0.000000
1.000000 -0.000186 0.000000 0.008311 0.000186 1.000000 0.000000 0.003070 0.000000 0.000000 1.000000 0.000000
1.000000 -0.000063 0.000000 0.003481 0.000063 1.000000 0.000000 -0.003410 0.000000 0.000000 1.000000 0.000000
1.000000 -0.000078 0.000000 0.003528 0.000078 1.000000 0.000000 -0.004131 0.000000 0.000000 1.000000 0.000000
1.000000 -0.000235 0.000000 0.009628 0.000235 1.000000 0.000000 0.005422 0.000000 0.000000 1.000000 0.000000
1.000000 -0.000223 0.000000 0.006476 0.000223 1.000000 0.000000 -0.001743 0.000000 0.000000 1.000000 0.000000
1.000000 -0.000206 0.000000 0.006226 0.000206 1.000000 0.000000 0.002947 0.000000 0.000000 1.000000 0.000000
1.000000 -0.000356 0.000000 0.004588 0.000356 1.000000 0.000000 0.000132 0.000000 0.000000 1.000000 0.000000
1.000000 -0.000257 0.000000 0.008638 0.000257 1.000000 0.000000 0.005700 0.000000 0.000000 1.000000 0.000000
1.000000 -0.000190 0.000000 0.011709 0.000190 1.000000 0.000000 0.004543 0.000000 0.000000 1.000000 0.000000
1.000000 -0.000292 0.000000 -0.007139 0.000292 1.000000 0.000000 -0.005404 0.000000 0.000000 1.000000 0.000000
1.000000 -0.000187 0.000000 0.002673 0.000187 1.000000 0.000000 0.004010 0.000000 0.000000 1.000000 0.000000
1.000000 -0.000140 0.000000 0.001960 0.000140 1.000000 0.000000 -0.002142 0.000000 0.000000 1.000000 0.000000
1.000000 -0.000187 0.000000 0.028990 0.000187 1.000000 0.000000 -0.005140 0.000000 0.000000 1.000000 0.000000
1.000000 -0.000772 0.000000 0.084069 0.000772 1.000000 0.000000 -0.004688 0.000000 0.000000 1.000000 0.000000
0.999996 -0.002998 0.000000 0.142103 0.002998 0.999996 0.000000 -0.005744 0.000000 0.000000 1.000000 0.000000
0.999930 -0.011795 0.000000 0.258775 0.011795 0.999930 0.000000 0.002196 0.000000 0.000000 1.000000 0.000000
0.999749 -0.022403 0.000000 0.425158 0.022403 0.999749 0.000000 -0.023700 0.000000 0.000000 1.000000 0.000000
0.999321 -0.036838 0.000000 0.674402 0.036838 0.999321 0.000000 0.007321 0.000000 0.000000 1.000000 0.000000
0.998365 -0.057163 0.000000 0.957403 0.057163 0.998365 0.000000 0.030809 0.000000 0.000000 1.000000 0.000000
0.996732 -0.080785 0.000000 1.284444 0.080785 0.996732 0.000000 0.100569 0.000000 0.000000 1.000000 0.000000
0.994843 -0.101426 0.000000 1.779142 0.101426 0.994843 0.000000 0.154232 0.000000 0.000000 1.000000 0.000000
0.991903 -0.126998 0.000000 2.267755 0.126998 0.991903 0.000000 0.246394 0.000000 0.000000 1.000000 0.000000
0.989258 -0.146182 0.000000 2.886023 0.146182 0.989258 0.000000 0.293707 0.000000 0.000000 1.000000 0.000000
0.987079 -0.160231 0.000000 3.545360 0.160231 0.987079 0.000000 0.428016 0.000000 0.000000 1.000000 0.000000
0.986216 -0.165462 0.000000 4.227549 0.165462 0.986216 0.000000 0.512731 0.000000 0.000000 1.000000 0.000000
0.986108 -0.166104 0.000000 5.074067 0.166104 0.986108 0.000000 0.676070 0.000000 0.000000 1.000000 0.000000
0.986627 -0.162996 0.000000 5.982009 0.162996 0.986627 0.000000 0.763399 0.000000 0.000000 1.000000 0.000000
0.987334 -0.158654 0.000000 6.953967 0.158654 0.987334 0.000000 0.918129 0.000000 0.000000 1.000000 0.000000
0.988279 -0.152656 0.000000 7.999924 0.152656 0.988279 0.000000 1.069286 0.000000 0.000000 1.000000 0.000000
0.990165 -0.139904 0.000000 9.183349 0.139904 0.990165 0.000000 1.168937 0.000000 0.000000 1.000000 0.000000
0.992035 -0.125963 0.000000 10.363128 0.125963 0.992035 0.000000 1.341938 0.000000 0.000000 1.000000 0.000000
0.993987 -0.109503 0.000000 11.652892 0.109503 0.993987 0.000000 1.438292 0.000000 0.000000 1.000000 0.000000
0.996091 -0.088329 0.000000 12.977459 0.088329 0.996091 0.000000 1.524719 0.000000 0.000000 1.000000 0.000000
0.997696 -0.067845 0.000000 14.387200 0.067845 0.997696 0.000000 1.582439 0.000000 0.000000 1.000000 0.000000
0.998927 -0.046319 0.000000 15.834345 0.046319 0.998927 0.000000 1.599581 0.000000 0.000000 1.000000 0.000000
0.999774 -0.021267 0.000000 17.311323 0.021267 0.999774 0.000000 1.617870 0.000000 0.000000 1.000000 0.000000
1.000000 -0.000630 0.000000 18.801664 0.000630 1.000000 0.000000 1.598878 0.000000 0.000000 1.000000 0.000000
0.999971 0.007611 0.000000 20.285752 -0.007611 0.999971 0.000000 1.480841 0.000000 0.000000 1.000000 0.000000
0.999956 0.009424 0.000000 21.906263 -0.009424 0.999956 0.000000 1.482793 0.000000 0.000000 1.000000 0.000000
0.999979 0.006433 0.000000 23.510265 -0.006433 0.999979 0.000000 1.436388 0.000000 0.000000 1.000000 0.000000
0.999987 0.005034 0.000000 25.192008 -0.005034 0.999987 0.000000 1.403519 0.000000 0.000000 1.000000 0.000000
0.999992 0.003984 0.000000 26.837149 -0.003984 0.999992 0.000000 1.412322 0.000000 0.000000 1.000000 0.000000
0.999993 0.003638 0.000000 28.513045 -0.003638 0.999993 0.000000 1.377755 0.000000 0.000000 1.000000 0.000000
0.999995 0.003121 0.000000 30.205956 -0.003121 0.999995 0.000000 1.386869 0.000000 0.000000 1.000000 0.000000
0.999991 0.004196 0.000000 31.981651 -0.004196 0.999991 0.000000 1.355652 0.000000 0.000000 1.000000 0.000000
0.999992 0.004017 0.000000 33.700704 -0.004017 0.999992 0.000000 1.325405 0.000000 0.000000 1.000000 0.000000
0.999995 0.003265 0.000000 35.521233 -0.003265 0.999995 0.000000 1.302444 0.000000 0.000000 1.000000 0.000000
0.999992 0.004079 0.000000 37.338226 -0.004079 0.999992 0.000000 1.290220 0.000000 0.000000 1.000000 0.000000
0.999988 0.004835 0.000000 39.190213 -0.004835 0.999988 0.000000 1.239632 0.000000 0.000000 1.000000 0.000000
0.999978 0.006577 0.000000 41.108758 -0.006577 0.999978 0.000000 1.191512 0.000000 0.000000 1.000000 0.000000
0.999969 0.007885 0.000000 43.060615 -0.007885 0.999969 0.000000 1.144800 0.000000 0.000000 1.000000 0.000000
0.999964 0.008456 0.000000 44.991221 -0.008456 0.999964 0.000000 1.111126 0.000000 0.000000 1.000000 0.000000
0.999949 0.010108 0.000000 46.978746 -0.010108 0.999949 0.000000 1.086601 0.000000 0.000000 1.000000 0.000000
0.999942 0.010801 0.000000 49.000712 -0.010801 0.999942 0.000000 1.064803 0.000000 0.000000 1.000000 0.000000
0.999919 0.012757 0.000000 51.018999 -0.012757 0.999919 0.000000 0.996247 0.000000 0.000000 1.000000 0.000000
0.999903 0.013918 0.000000 53.075632 -0.013918 0.999903 0.000000 0.944604 0.000000 0.000000 1.000000 0.000000
0.999883 0.015282 0.000000 55.068136 -0.015282 0.999883 0.000000 0.858138 0.000000 0.000000 1.000000 0.000000
0.999853 0.017174 0.000000 57.224753 -0.017174 0.999853 0.000000 0.848423 0.000000 0.000000 1.000000 0.000000
0.999840 0.017875 0.000000 59.407750 -0.017875 0.999840 0.000000 0.759981 0.000000 0.000000 1.000000 0.000000
0.999814 0.019271 0.000000 61.529435 -0.019271 0.999814 0.000000 0.680307 0.000000 0.000000 1.000000 0.000000
0.999799 0.020068 0.000000 63.732122 -0.020068 0.999799 0.000000 0.608026 0.000000 0.000000 1.000000 0.000000
0.999780 0.020997 0.000000 66.018613 -0.020997 0.999780 0.000000 0.538890 0.000000 0.000000 1.000000 0.000000
0.999757 0.022022 0.000000 68.255714 -0.022022 0.999757 0.000000 0.455336 0.000000 0.000000 1.000000 0.000000
0.999757 0.022033 0.000000 70.513071 -0.022033 0.999757 0.000000 0.364843 0.000000 0.000000 1.000000 0.000000
0.999735 0.023029 0.000000 72.754201 -0.023029 0.999735 0.000000 0.267217 0.000000 0.000000 1.000000 0.000000
0.999735 0.023002 0.000000 75.102018 -0.023002 0.999735 0.000000 0.177799 0.000000 0.000000 1.000000 0.000000
0.999759 0.021948 0.000000 77.397701 -0.021948 0.999759 0.000000 0.090065 0.000000 0.000000 1.000000 0.000000
0.999757 0.022056 0.000000 79.767122 -0.022056 0.999757 0.000000 -0.020855 0.000000 0.000000 1.000000 0.000000
0.999736 0.022977 0.000000 82.113803 -0.022977 0.999736 0.000000 -0.052688 0.000000 0.000000 1.000000 0.000000
0.999731 0.023206 0.000000 84.561455 -0.023206 0.999731 0.000000 -0.163160 0.000000 0.000000 1.000000 0.000000
0.999761 0.021846 0.000000 86.959813 -0.021846 0.999761 0.000000 -0.254815 0.000000 0.000000 1.000000 0.000000
0.999805 0.019760 0.000000 89.287104 -0.019760 0.999805 0.000000 -0.344135 0.000000 0.000000 1.000000 0.000000
0.999853 0.017150 0.000000 91.600542 -0.017150 0.999853 0.000000 -0.431054 0.000000 0.000000 1.000000 0.000000
0.999913 0.013172 0.000000 94.006664 -0.013172 0.999913 0.000000 -0.498973 0.000000 0.000000 1.000000 0.000000
0.999978 0.006702 0.000000 96.476979 -0.006702 0.999978 0.000000 -0.549081 0.000000 0.000000 1.000000 0.000000
1.000000 -0.000918 0.000000 98.948583 0.000918 1.000000 0.000000 -0.565895 0.000000 0.000000 1.000000 0.000000
0.999957 -0.009323 0.000000 101.337762 0.009323 0.999957 0.000000 -0.615214 0.000000 0.000000 1.000000 0.000000
0.999888 -0.014969 0.000000 103.780003 0.014969 0.999888 0.000000 -0.610964 0.000000 0.000000 1.000000 0.000000
0.999796 -0.020194 0.000000 106.161976 0.020194 0.999796 0.000000 -0.642634 0.000000 0.000000 1.000000 0.000000
0.999712 -0.023999 0.000000 108.610752 0.023999 0.999712 0.000000 -0.575752 0.000000 0.000000 1.000000 0.000000
0.999686 -0.025049 0.000000 111.080358 0.025049 0.999686 0.000000 -0.569941 0.000000 0.000000 1.000000 0.000000
0.999715 -0.023865 0.000000 113.564293 0.023865 0.999715 0.000000 -0.525767 0.000000 0.000000 1.000000 0.000000
0.999727 -0.023356 0.000000 116.028672 0.023356 0.999727 0.000000 -0.517864 0.000000 0.000000 1.000000 0.000000
0.999755 -0.022123 0.000000 118.455117 0.022123 0.999755 0.000000 -0.503398 0.000000 0.000000 1.000000 0.000000
0.999752 -0.022285 0.000000 120.882404 0.022285 0.999752 0.000000 -0.479078 0.000000 0.000000 1.000000 0.000000
0.999781 -0.020934 0.000000 123.261528 0.020934 0.999781 0.000000 -0.459416 0.000000 0.000000 1.000000 0.000000
0.999810 -0.019503 0.000000 125.641047 0.019503 0.999810 0.000000 -0.441471 0.000000 0.000000 1.000000 0.000000
0.999789 -0.020550 0.000000 127.959601 0.020550 0.999789 0.000000 -0.414205 0.000000 0.000000 1.000000 0.000000
0.999821 -0.018925 0.000000 130.265809 0.018925 0.999821 0.000000 -0.350068 0.000000 0.000000 1.000000 0.000000
0.999818 -0.019085 0.000000 132.613372 0.019085 0.999818 0.000000 -0.371257 0.000000 0.000000 1.000000 0.000000
0.999823 -0.018818 0.000000 134.867868 0.018818 0.999823 0.000000 -0.369149 0.000000 0.000000 1.000000 0.000000
0.999830 -0.018431 0.000000 137.122984 0.018431 0.999830 0.000000 -0.314300 0.000000 0.000000 1.000000 0.000000
0.999828 -0.018573 0.000000 139.320949 0.018573 0.999828 0.000000 -0.346230 0.000000 0.000000 1.000000 0.000000
0.999823 -0.018819 0.000000 141.446296 0.018819 0.999823 0.000000 -0.335560 0.000000 0.000000 1.000000 0.000000
0.999847 -0.017479 0.000000 143.511490 0.017479 0.999847 0.000000 -0.306530 0.000000 0.000000 1.000000 0.000000
0.999847 -0.017487 0.000000 145.566131 0.017487 0.999847 0.000000 -0.324998 0.000000 0.000000 1.000000 0.000000
0.999845 -0.017599 0.000000 147.590244 0.017599 0.999845 0.000000 -0.337214 0.000000 0.000000 1.000000 0.000000
0.999841 -0.017847 0.000000 149.490993 0.017847 0.999841 0.000000 -0.355726 0.000000 0.000000 1.000000 0.000000
0.999852 -0.017192 0.000000 151.343095 0.017192 0.999852 0.000000 -0.320600 0.000000 0.000000 1.000000 0.000000
0.999856 -0.016945 0.000000 153.188453 0.016945 0.999856 0.000000 -0.327114 0.000000 0.000000 1.000000 0.000000
0.999870 -0.016130 0.000000 154.973262 0.016130 0.999870 0.000000 -0.287824 0.000000 0.000000 1.000000 0.000000
0.999878 -0.015626 0.000000 156.707941 0.015626 0.999878 0.000000 -0.288575 0.000000 0.000000 1.000000 0.000000
0.999877 -0.015680 0.000000 158.321089 0.015680 0.999877 0.000000 -0.297568 0.000000 0.000000 1.000000 0.000000
0.999885 -0.015162 0.000000 159.935348 0.015162 0.999885 0.000000 -0.260863 0.000000 0.000000 1.000000 0.000000
0.999876 -0.015750 0.000000 161.473971 0.015750 0.999876 0.000000 -0.242242 0.000000 0.000000 1.000000 0.000000
0.999871 -0.016086 0.000000 162.947600 0.016086 0.999871 0.000000 -0.246692 0.000000 0.000000 1.000000 0.000000
0.999861 -0.016653 0.000000 164.352196 0.016653 0.999861 0.000000 -0.233304 0.000000 0.000000 1.000000 0.000000
0.999840 -0.017912 0.000000 165.684786 0.017912 0.999840 0.000000 -0.233902 0.000000 0.000000 1.000000 0.000000
0.999801 -0.019950 0.000000 167.008353 0.019950 0.999801 0.000000 -0.211023 0.000000 0.000000 1.000000 0.000000
0.999766 -0.021644 0.000000 168.193472 0.021644 0.999766 0.000000 -0.238642 0.000000 0.000000 1.000000 0.000000
0.999718 -0.023736 0.000000 169.390753 0.023736 0.999718 0.000000 -0.201922 0.000000 0.000000 1.000000 0.000000
0.999671 -0.025652 0.000000 170.432876 0.025652 0.999671 0.000000 -0.200261 0.000000 0.000000 1.000000 0.000000
0.999649 -0.026491 0.000000 171.507952 0.026491 0.999649 0.000000 -0.185814 0.000000 0.000000 1.000000 0.000000
0.999626 -0.027335 0.000000 172.432081 0.027335 0.999626 0.000000 -0.151209 0.000000 0.000000 1.000000 0.000000
0.999588 -0.028719 0.000000 173.293752 0.028719 0.999588 0.000000 -0.136993 0.000000 0.000000 1.000000 0.000000
0.999559 -0.029711 0.000000 174.127648 0.029711 0.999559 0.000000 -0.107189 0.000000 0.000000 1.000000 0.000000
0.999562 -0.029581 0.000000 174.882042 0.029581 0.999562 0.000000 -0.104493 0.000000 0.000000 1.000000 0.000000
0.999559 -0.029688 0.000000 175.546809 0.029688 0.999559 0.000000 -0.082450 0.000000 0.000000 1.000000 0.000000
0.999539 -0.030359 0.000000 176.168485 0.030359 0.999539 0.000000 -0.052794 0.000000 0.000000 1.000000 0.000000
0.999570 -0.029328 0.000000 176.739827 0.029328 0.999570 0.000000 -0.072110 0.000000 0.000000 1.000000 0.000000
0.999589 -0.028664 0.000000 177.218363 0.028664 0.999589 0.000000 -0.099803 0.000000 0.000000 1.000000 0.000000
0.999571 -0.029289 0.000000 177.617332 0.029289 0.999571 0.000000 -0.059769 0.000000 0.000000 1.000000 0.000000
0.999551 -0.029947 0.000000 177.943417 0.029947 0.999551 0.000000 -0.043947 0.000000 0.000000 1.000000 0.000000
0.999545 -0.030155 0.000000 178.220875 0.030155 0.999545 0.000000 -0.038278 0.000000 0.000000 1.000000 0.000000
0.999564 -0.029528 0.000000 178.491248 0.029528 0.999564 0.000000 -0.031610 0.000000 0.000000 1.000000 0.000000
0.999559 -0.029679 0.000000 178.713476 0.029679 0.999559 0.000000 -0.028304 0.000000 0.000000 1.000000 0.000000
0.999563 -0.029576 0.000000 178.900503 0.029576 0.999563 0.000000 -0.015814 0.000000 0.000000 1.000000 0.000000
0.999556 -0.029789 0.000000 179.075173 0.029789 0.999556 0.000000 -0.033736 0.000000 0.000000 1.000000 0.000000
0.999548 -0.030064 0.000000 179.200566 0.030064 0.999548 0.000000 -0.015811 0.000000 0.000000 1.000000 0.000000
0.999538 -0.030392 0.000000 179.321358 0.030392 0.999538 0.000000 -0.021720 0.000000 0.000000 1.000000 0.000000
0.999527 -0.030758 0.000000 179.408446 0.030758 0.999527 0.000000 -0.021551 0.000000 0.000000 1.000000 0.000000
0.999541 -0.030311 0.000000 179.502891 0.030311 0.999541 0.000000 0.000934 0.000000 0.000000 1.000000 0.000000
0.999542 -0.030246 0.000000 179.587094 0.030246 0.999542 0.000000 -0.010208 0.000000 0.000000 1.000000 0.000000
0.999543 -0.030215 0.000000 179.655324 0.030215 0.999543 0.000000 0.000289 0.000000 0.000000 1.000000 0.000000
0.999532 -0.030575 0.000000 179.763541 0.030575 0.999532 0.000000 0.012475 0.000000 0.000000 1.000000 0.000000
0.999539 -0.030360 0.000000 179.831125 0.030360 0.999539 0.000000 0.015907 0.000000 0.000000 1.000000 0.000000
0.999539 -0.030358 0.000000 179.909889 0.030358 0.999539 0.000000 0.014648 0.000000 0.000000 1.000000 0.000000
0.999507 -0.031405 0.000000 180.051790 0.031405 0.999507 0.000000 0.034599 0.000000 0.000000 1.000000 0.000000
0.999501 -0.031582 0.000000 180.198408 0.031582 0.999501 0.000000 0.025044 0.000000 0.000000 1.000000 0.000000
0.999502 -0.031541 0.000000 180.403237 0.031541 0.999502 0.000000 0.012095 0.000000 0.000000 1.000000 0.000000
0.999527 -0.030749 0.000000 180.670920 0.030749 0.999527 0.000000 0.029884 0.000000 0.000000 1.000000 0.000000
0.999509 -0.031324 0.000000 180.952974 0.031324 0.999509 0.000000 0.029680 0.000000 0.000000 1.000000 0.000000
0.999525 -0.030817 0.000000 181.272160 0.030817 0.999525 0.000000 0.017552 0.000000 0.000000 1.000000 0.000000
0.999557 -0.029767 0.000000 181.659331 0.029767 0.999557 0.000000 0.028331 0.000000 0.000000 1.000000 0.000000
0.999578 -0.029053 0.000000 182.139886 0.029053 0.999578 0.000000 0.023627 0.000000 0.000000 1.000000 0.000000
0.999604 -0.028139 0.000000 182.726495 0.028139 0.999604 0.000000 0.048579 0.000000 0.000000 1.000000 0.000000
0.999619 -0.027586 0.000000 183.290515 0.027586 0.999619 0.000000 0.052190 0.000000 0.000000 1.000000 0.000000
0.999641 -0.026789 0.000000 183.917908 0.026789 0.999641 0.000000 0.057853 0.000000 0.000000 1.000000 0.000000
0.999668 -0.025767 0.000000 184.694752 0.025767 0.999668 0.000000 0.062378 0.000000 0.000000 1.000000 0.000000
0.999674 -0.025516 0.000000 185.530789 0.025516 0.999674 0.000000 0.091851 0.000000 0.000000 1.000000 0.000000
0.999693 -0.024792 0.000000 186.473926 0.024792 0.999693 0.000000 0.116879 0.000000 0.000000 1.000000 0.000000
0.999737 -0.022925 0.000000 187.554303 0.022925 0.999737 0.000000 0.130371 0.000000 0.000000 1.000000 0.000000
0.999769 -0.021477 0.000000 188.643183 0.021477 0.999769 0.000000 0.124720 0.000000 0.000000 1.000000 0.000000
0.999785 -0.020733 0.000000 189.900721 0.020733 0.999785 0.000000 0.126015 0.000000 0.000000 1.000000 0.000000
0.999813 -0.019319 0.000000 191.196028 0.019319 0.999813 0.000000 0.137828 0.000000 0.000000 1.000000 0.000000
0.999822 -0.018885 0.000000 192.641873 0.018885 0.999822 0.000000 0.142961 0.000000 0.000000 1.000000 0.000000
0.999834 -0.018229 0.000000 194.086266 0.018229 0.999834 0.000000 0.148188 0.000000 0.000000 1.000000 0.000000
0.999842 -0.017772 0.000000 195.683829 0.017772 0.999842 0.000000 0.170485 0.000000 0.000000 1.000000 0.000000
0.999847 -0.017489 0.000000 197.293682 0.017489 0.999847 0.000000 0.159339 0.000000 0.000000 1.000000 0.000000
0.999854 -0.017111 0.000000 198.969853 0.017111 0.999854 0.000000 0.176993 0.000000 0.000000 1.000000 0.000000
0.999845 -0.017596 0.000000 200.700322 0.017596 0.999845 0.000000 0.200558 0.000000 0.000000 1.000000 0.000000
0.999835 -0.018154 0.000000 202.508507 0.018154 0.999835 0.000000 0.210699 0.000000 0.000000 1.000000 0.000000
0.999840 -0.017872 0.000000 204.280299 0.017872 0.999840 0.000000 0.222606 0.000000 0.000000 1.000000 0.000000
0.999822 -0.018879 0.000000 206.121248 0.018879 0.999822 0.000000 0.234243 0.000000 0.000000 1.000000 0.000000
0.999782 -0.020885 0.000000 208.063469 0.020885 0.999782 0.000000 0.298264 0.000000 0.000000 1.000000 0.000000
0.999747 -0.022502 0.000000 210.019855 0.022502 0.999747 0.000000 0.310436 0.000000 0.000000 1.000000 0.000000
0.999686 -0.025050 0.000000 211.925050 0.025050 0.999686 0.000000 0.324583 0.000000 0.000000 1.000000 0.000000
0.999579 -0.029013 0.000000 213.914054 0.029013 0.999579 0.000000 0.366153 0.000000 0.000000 1.000000 0.000000
0.999445 -0.033310 0.000000 215.922750 0.033310 0.999445 0.000000 0.420832 0.000000 0.000000 1.000000 0.000000
0.999241 -0.038958 0.000000 217.958139 0.038958 0.999241 0.000000 0.435422 0.000000 0.000000 1.000000 0.000000
0.998999 -0.044733 0.000000 219.939563 0.044733 0.998999 0.000000 0.470285 0.000000 0.000000 1.000000 0.000000
0.998649 -0.051968 0.000000 222.027995 0.051968 0.998649 0.000000 0.578478 0.000000 0.000000 1.000000 0.000000
0.998211 -0.059785 0.000000 224.001063 0.059785 0.998211 0.000000 0.657174 0.000000 0.000000 1.000000 0.000000
0.997652 -0.068486 0.000000 226.085735 0.068486 0.997652 0.000000 0.734223 0.000000 0.000000 1.000000 0.000000
0.996862 -0.079164 0.000000 228.217819 0.079164 0.996862 0.000000 0.889896 0.000000 0.000000 1.000000 0.000000
0.995922 -0.090214 0.000000 230.210773 0.090214 0.995922 0.000000 1.057751 0.000000 0.000000 1.000000 0.000000
0.994818 -0.101675 0.000000 232.157288 0.101675 0.994818 0.000000 1.257972 0.000000 0.000000 1.000000 0.000000
0.993952 -0.109820 0.000000 234.219832 0.109820 0.993952 0.000000 1.462581 0.000000 0.000000 1.000000 0.000000
0.993166 -0.116708 0.000000 236.279638 0.116708 0.993166 0.000000 1.695667 0.000000 0.000000 1.000000 0.000000
0.992170 -0.124897 0.000000 238.394887 0.124897 0.992170 0.000000 1.961615 0.000000 0.000000 1.000000 0.000000
0.991471 -0.130331 0.000000 240.474403 0.130331 0.991471 0.000000 2.237164 0.000000 0.000000 1.000000 0.000000
0.991074 -0.133311 0.000000 242.500838 0.133311 0.991074 0.000000 2.478354 0.000000 0.000000 1.000000 0.000000
0.990989 -0.133946 0.000000 244.664462 0.133946 0.990989 0.000000 2.804505 0.000000 0.000000 1.000000 0.000000
0.990954 -0.134204 0.000000 246.797296 0.134204 0.990954 0.000000 3.068857 0.000000 0.000000 1.000000 0.000000
0.990929 -0.134388 0.000000 248.870379 0.134388 0.990929 0.000000 3.267296 0.000000 0.000000 1.000000 0.000000
0.990788 -0.135421 0.000000 250.960636 0.135421 0.990788 0.000000 3.599405 0.000000 0.000000 1.000000 0.000000
0.990804 -0.135304 0.000000 253.093684 0.135304 0.990804 0.000000 3.856875 0.000000 0.000000 1.000000 0.000000
0.990866 -0.134848 0.000000 255.215077 0.134848 0.990866 0.000000 4.122833 0.000000 0.000000 1.000000 0.000000
0.990994 -0.133907 0.000000 257.392763 0.133907 0.990994 0.000000 4.375568 0.000000 0.000000 1.000000 0.000000
0.991127 -0.132922 0.000000 259.497047 0.132922 0.991127 0.000000 4.648064 0.000000 0.000000 1.000000 0.000000
0.991159 -0.132683 0.000000 261.736919 0.132683 0.991159 0.000000 4.892685 0.000000 0.000000 1.000000 0.000000
0.991065 -0.133381 0.000000 264.014837 0.133381 0.991065 0.000000 5.177571 0.000000 0.000000 1.000000 0.000000
0.991238 -0.132088 0.000000 266.273642 0.132088 0.991238 0.000000 5.470617 0.000000 0.000000 1.000000 0.000000
0.991224 -0.132192 0.000000 268.484389 0.132192 0.991224 0.000000 5.742684 0.000000 0.000000 1.000000 0.000000
0.991311 -0.131539 0.000000 270.747804 0.131539 0.991311 0.000000 6.021844 0.000000 0.000000 1.000000 0.000000
0.991162 -0.132654 0.000000 272.977277 0.132654 0.991162 0.000000 6.335434 0.000000 0.000000 1.000000 0.000000
0.991306 -0.131575 0.000000 275.209656 0.131575 0.991306 0.000000 6.614549 0.000000 0.000000 1.000000 0.000000
0.991240 -0.132070 0.000000 277.480574 0.132070 0.991240 0.000000 6.898916 0.000000 0.000000 1.000000 0.000000
0.991193 -0.132428 0.000000 279.765259 0.132428 0.991193 0.000000 7.165002 0.000000 0.000000 1.000000 0.000000
0.991286 -0.131730 0.000000 282.095323 0.131730 0.991286 0.000000 7.426361 0.000000 0.000000 1.000000 0.000000
0.991435 -0.130600 0.000000 284.402434 0.130600 0.991435 0.000000 7.727285 0.000000 0.000000 1.000000 0.000000
0.991332 -0.131382 0.000000 286.742565 0.131382 0.991332 0.000000 7.984894 0.000000 0.000000 1.000000 0.000000
0.991246 -0.132031 0.000000 289.087492 0.132031 0.991246 0.000000 8.306912 0.000000 0.000000 1.000000 0.000000
0.990978 -0.134021 0.000000 291.451763 0.134021 0.990978 0.000000 8.557331 0.000000 0.000000 1.000000 0.000000
0.990357 -0.138536 0.000000 293.795914 0.138536 0.990357 0.000000 8.854873 0.000000 0.000000 1.000000 0.000000
0.989646 -0.143529 0.000000 296.121135 0.143529 0.989646 0.000000 9.209165 0.000000 0.000000 1.000000 0.000000
0.988973 -0.148096 0.000000 298.488611 0.148096 0.988973 0.000000 9.483400 0.000000 0.000000 1.000000 0.000000
0.988799 -0.149254 0.000000 300.791387 0.149254 0.988799 0.000000 9.797843 0.000000 0.000000 1.000000 0.000000
0.989014 -0.147819 0.000000 303.087112 0.147819 0.989014 0.000000 10.129972 0.000000 0.000000 1.000000 0.000000
0.989514 -0.144435 0.000000 305.333466 0.144435 0.989514 0.000000 10.410916 0.000000 0.000000 1.000000 0.000000
0.989919 -0.141633 0.000000 307.646849 0.141633 0.989919 0.000000 10.685645 0.000000 0.000000 1.000000 0.000000
0.990073 -0.140551 0.000000 309.853351 0.140551 0.990073 0.000000 10.930958 0.000000 0.000000 1.000000 0.000000
0.990152 -0.139997 0.000000 312.028894 0.139997 0.990152 0.000000 11.234949 0.000000 0.000000 1.000000 0.000000
0.990207 -0.139604 0.000000 314.120438 0.139604 0.990207 0.000000 11.473298 0.000000 0.000000 1.000000 0.000000
0.990423 -0.138066 0.000000 316.207682 0.138066 0.990423 0.000000 11.759461 0.000000 0.000000 1.000000 0.000000
0.990537 -0.137245 0.000000 318.258680 0.137245 0.990537 0.000000 12.015642 0.000000 0.000000 1.000000 0.000000
0.990748 -0.135713 0.000000 320.216642 0.135713 0.990748 0.000000 12.266549 0.000000 0.000000 1.000000 0.000000
0.990835 -0.135080 0.000000 322.164256 0.135080 0.990835 0.000000 12.485606 0.000000 0.000000 1.000000 0.000000
0.991280 -0.131772 0.000000 324.073721 0.131772 0.991280 0.000000 12.666966 0.000000 0.000000 1.000000 0.000000
0.991413 -0.130765 0.000000 325.909621 0.130765 0.991413 0.000000 12.861719 0.000000 0.000000 1.000000 0.000000
0.991530 -0.129874 0.000000 327.673888 0.129874 0.991530 0.000000 13.099748 0.000000 0.000000 1.000000 0.000000
0.991701 -0.128565 0.000000 329.438597 0.128565 0.991701 0.000000 13.293237 0.000000 0.000000 1.000000 0.000000
0.992062 -0.125748 0.000000 331.121734 0.125748 0.992062 0.000000 13.522561 0.000000 0.000000 1.000000 0.000000
0.992289 -0.123944 0.000000 332.760148 0.123944 0.992289 0.000000 13.642297 0.000000 0.000000 1.000000 0.000000
0.992473 -0.122466 0.000000 334.398094 0.122466 0.992473 0.000000 13.837811 0.000000 0.000000 1.000000 0.000000
0.992967 -0.118395 0.000000 335.946657 0.118395 0.992967 0.000000 14.044933 0.000000 0.000000 1.000000 0.000000
0.993366 -0.114995 0.000000 337.425525 0.114995 0.993366 0.000000 14.144286 0.000000 0.000000 1.000000 0.000000
0.993971 -0.109641 0.000000 338.885994 0.109641 0.993971 0.000000 14.332072 0.000000 0.000000 1.000000 0.000000
0.994290 -0.106714 0.000000 340.332428 0.106714 0.994290 0.000000 14.429500 0.000000 0.000000 1.000000 0.000000
0.994674 -0.103074 0.000000 341.646933 0.103074 0.994674 0.000000 14.576289 0.000000 0.000000 1.000000 0.000000
0.994955 -0.100325 0.000000 342.964702 0.100325 0.994955 0.000000 14.648928 0.000000 0.000000 1.000000 0.000000
0.995227 -0.097590 0.000000 344.247102 0.097590 0.995227 0.000000 14.760029 0.000000 0.000000 1.000000 0.000000
0.995391 -0.095900 0.000000 345.395964 0.095900 0.995391 0.000000 14.856439 0.000000 0.000000 1.000000 0.000000
0.995634 -0.093347 0.000000 346.563259 0.093347 0.995634 0.000000 14.942720 0.000000 0.000000 1.000000 0.000000
0.995838 -0.091138 0.000000 347.615316 0.091138 0.995838 0.000000 15.008596 0.000000 0.000000 1.000000 0.000000
0.995990 -0.089462 0.000000 348.663970 0.089462 0.995990 0.000000 15.080115 0.000000 0.000000 1.000000 0.000000
0.996184 -0.087276 0.000000 349.638583 0.087276 0.996184 0.000000 15.135070 0.000000 0.000000 1.000000 0.000000
0.996595 -0.082454 0.000000 350.500032 0.082454 0.996595 0.000000 15.223719 0.000000 0.000000 1.000000 0.000000
0.997287 -0.073607 0.000000 351.342143 0.073607 0.997287 0.000000 15.290793 0.000000 0.000000 1.000000 0.000000
0.997959 -0.063857 0.000000 352.103800 0.063857 0.997959 0.000000 15.341241 0.000000 0.000000 1.000000 0.000000
0.998615 -0.052622 0.000000 352.861634 0.052622 0.998615 0.000000 15.339883 0.000000 0.000000 1.000000 0.000000
0.999025 -0.044155 0.000000 353.453029 0.044155 0.999025 0.000000 15.311054 0.000000 0.000000 1.000000 0.000000
0.999380 -0.035218 0.000000 354.131957 0.035218 0.999380 0.000000 15.357188 0.000000 0.000000 1.000000 0.000000
0.999574 -0.029189 0.000000 354.701046 0.029189 0.999574 0.000000 15.342602 0.000000 0.000000 1.000000 0.000000
0.999713 -0.023975 0.000000 355.260504 0.023975 0.999713 0.000000 15.355707 0.000000 0.000000 1.000000 0.000000
0.999788 -0.020586 0.000000 355.692491 0.020586 0.999788 0.000000 15.309462 0.000000 0.000000 1.000000 0.000000
0.999824 -0.018756 0.000000 356.119659 0.018756 0.999824 0.000000 15.301572 0.000000 0.000000 1.000000 0.000000
0.999845 -0.017623 0.000000 356.472216 0.017623 0.999845 0.000000 15.314314 0.000000 0.000000 1.000000 0.000000
0.999835 -0.018182 0.000000 356.690196 0.018182 0.999835 0.000000 15.344660 0.000000 0.000000 1.000000 0.000000
0.999862 -0.016616 0.000000 356.816544 0.016616 0.999862 0.000000 15.362835 0.000000 0.000000 1.000000 0.000000
0.999874 -0.015902 0.000000 356.907880 0.015902 0.999874 0.000000 15.335108 0.000000 0.000000 1.000000 0.000000
0.999878 -0.015627 0.000000 357.042972 0.015627 0.999878 0.000000 15.360713 0.000000 0.000000 1.000000 0.000000
0.999907 -0.013609 0.000000 357.162643 0.013609 0.999907 0.000000 15.335717 0.000000 0.000000 1.000000 0.000000
0.999911 -0.013344 0.000000 357.322550 0.013344 0.999911 0.000000 15.339157 0.000000 0.000000 1.000000 0.000000
0.999934 -0.011493 0.000000 357.474067 0.011493 0.999934 0.000000 15.323696 0.000000 0.000000 1.000000 0.000000
0.999962 -0.008711 0.000000 357.677964 0.008711 0.999962 0.000000 15.312761 0.000000 0.000000 1.000000 0.000000
0.999994 -0.003369 0.000000 357.915263 0.003369 0.999994 0.000000 15.290209 0.000000 0.000000 1.000000 0.000000
0.999998 0.001986 0.000000 358.227570 -0.001986 0.999998 0.000000 15.250854 0.000000 0.000000 1.000000 0.000000
0.999947 0.010318 0.000000 358.564550 -0.010318 0.999947 0.000000 15.210886 0.000000 0.000000 1.000000 0.000000
0.999840 0.017872 0.000000 359.087547 -0.017872 0.999840 0.000000 15.227095 0.000000 0.000000 1.000000 0.000000
0.999679 0.025343 0.000000 359.522122 -0.025343 0.999679 0.000000 15.193794 0.000000 0.000000 1.000000 0.000000
0.999417 0.034149 0.000000 360.095192 -0.034149 0.999417 0.000000 15.188474 0.000000 0.000000 1.000000 0.000000
0.999165 0.040848 0.000000 360.661402 -0.040848 0.999165 0.000000 15.156346 0.000000 0.000000 1.000000 0.000000
0.999056 0.043431 0.000000 361.213914 -0.043431 0.999056 0.000000 15.150216 0.000000 0.000000 1.000000 0.000000
0.998937 0.046097 0.000000 361.913595 -0.046097 0.998937 0.000000 15.099156 0.000000 0.000000 1.000000 0.000000
0.998816 0.048652 0.000000 362.666731 -0.048652 0.998816 0.000000 15.028063 0.000000 0.000000 1.000000 0.000000
0.998707 0.050829 0.000000 363.422451 -0.050829 0.998707 0.000000 14.968413 0.000000 0.000000 1.000000 0.000000
0.998638 0.052168 0.000000 364.278257 -0.052168 0.998638 0.000000 14.903643 0.000000 0.000000 1.000000 0.000000
0.998577 0.053328 0.000000 365.220341 -0.053328 0.998577 0.000000 14.864620 0.000000 0.000000 1.000000 0.000000
0.998569 0.053487 0.000000 366.172760 -0.053487 0.998569 0.000000 14.707310 0.000000 0.000000 1.000000 0.000000
0.998582 0.053240 0.000000 367.303188 -0.053240 0.998582 0.000000 14.674395 0.000000 0.000000 1.000000 0.000000
0.998593 0.053022 0.000000 368.479041 -0.053022 0.998593 0.000000 14.608673 0.000000 0.000000 1.000000 0.000000
0.998797 0.049041 0.000000 369.802816 -0.049041 0.998797 0.000000 14.584454 0.000000 0.000000 1.000000 0.000000
0.998899 0.046910 0.000000 371.132676 -0.046910 0.998899 0.000000 14.377611 0.000000 0.000000 1.000000 0.000000
0.999001 0.044681 0.000000 372.578284 -0.044681 0.999001 0.000000 14.364006 0.000000 0.000000 1.000000 0.000000
0.999108 0.042233 0.000000 374.057034 -0.042233 0.999108 0.000000 14.181548 0.000000 0.000000 1.000000 0.000000
0.999180 0.040493 0.000000 375.602191 -0.040493 0.999180 0.000000 14.078766 0.000000 0.000000 1.000000 0.000000
0.999176 0.040577 0.000000 377.278267 -0.040577 0.999176 0.000000 14.048719 0.000000 0.000000 1.000000 0.000000
0.999210 0.039751 0.000000 378.978427 -0.039751 0.999210 0.000000 13.953218 0.000000 0.000000 1.000000 0.000000
0.999198 0.040046 0.000000 380.725591 -0.040046 0.999198 0.000000 13.878353 0.000000 0.000000 1.000000 0.000000
0.999193 0.040175 0.000000 382.515309 -0.040175 0.999193 0.000000 13.839276 0.000000 0.000000 1.000000 0.000000
0.999248 0.038766 0.000000 384.310369 -0.038766 0.999248 0.000000 13.710618 0.000000 0.000000 1.000000 0.000000
0.999295 0.037545 0.000000 386.214592 -0.037545 0.999295 0.000000 13.659019 0.000000 0.000000 1.000000 0.000000
0.999327 0.036674 0.000000 388.161824 -0.036674 0.999327 0.000000 13.614042 0.000000 0.000000 1.000000 0.000000
0.999399 0.034672 0.000000 390.059684 -0.034672 0.999399 0.000000 13.509267 0.000000 0.000000 1.000000 0.000000
0.999481 0.032218 0.000000 391.967884 -0.032218 0.999481 0.000000 13.400960 0.000000 0.000000 1.000000 0.000000
0.999574 0.029187 0.000000 393.944828 -0.029187 0.999574 0.000000 13.278414 0.000000 0.000000 1.000000 0.000000
0.999645 0.026626 0.000000 395.974355 -0.026626 0.999645 0.000000 13.221014 0.000000 0.000000 1.000000 0.000000
0.999713 0.023966 0.000000 397.880755 -0.023966 0.999713 0.000000 13.134489 0.000000 0.000000 1.000000 0.000000
0.999801 0.019962 0.000000 399.860823 -0.019962 0.999801 0.000000 13.075326 0.000000 0.000000 1.000000 0.000000
0.999862 0.016641 0.000000 401.755527 -0.016641 0.999862 0.000000 13.005348 0.000000 0.000000 1.000000 0.000000
0.999886 0.015115 0.000000 403.606049 -0.015115 0.999886 0.000000 12.973385 0.000000 0.000000 1.000000 0.000000
0.999928 0.012005 0.000000 405.490046 -0.012005 0.999928 0.000000 12.885601 0.000000 0.000000 1.000000 0.000000
0.999958 0.009186 0.000000 407.329386 -0.009186 0.999958 0.000000 12.845809 0.000000 0.000000 1.000000 0.000000
0.999978 0.006646 0.000000 409.120064 -0.006646 0.999978 0.000000 12.800689 0.000000 0.000000 1.000000 0.000000
0.999989 0.004633 0.000000 410.907035 -0.004633 0.999989 0.000000 12.767381 0.000000 0.000000 1.000000 0.000000
0.999999 0.001317 0.000000 412.638820 -0.001317 0.999999 0.000000 12.734878 0.000000 0.000000 1.000000 0.000000
1.000000 -0.000860 0.000000 414.358551 0.000860 1.000000 0.000000 12.740317 0.000000 0.000000 1.000000 0.000000
0.999997 -0.002517 0.000000 416.094487 0.002517 0.999997 0.000000 12.746586 0.000000 0.000000 1.000000 0.000000
