0.988373 -0.152048 0.000000 6.663624 0.152048 0.988373 0.000000 0.685271 0.000000 0.000000 1.000000 0.000000
0.983648 -0.180104 0.000000 7.504731 0.180104 0.983648 0.000000 0.890201 0.000000 0.000000 1.000000 0.000000
0.977786 -0.209606 0.000000 8.377162 0.209606 0.977786 0.000000 1.111471 0.000000 0.000000 1.000000 0.000000
0.970876 -0.239584 0.000000 9.303614 0.239584 0.970876 0.000000 1.324474 0.000000 0.000000 1.000000 0.000000
0.963534 -0.267586 0.000000 10.229518 0.267586 0.963534 0.000000 1.651554 0.000000 0.000000 1.000000 0.000000
0.956621 -0.291336 0.000000 11.187765 0.291336 0.956621 0.000000 1.993404 0.000000 0.000000 1.000000 0.000000
0.950161 -0.311760 0.000000 12.199091 0.311760 0.950161 0.000000 2.353546 0.000000 0.000000 1.000000 0.000000
0.946073 -0.323954 0.000000 13.234091 0.323954 0.946073 0.000000 2.764576 0.000000 0.000000 1.000000 0.000000
0.943983 -0.329995 0.000000 14.318659 0.329995 0.943983 0.000000 3.141811 0.000000 0.000000 1.000000 0.000000
0.943071 -0.332592 0.000000 15.412050 0.332592 0.943071 0.000000 3.541460 0.000000 0.000000 1.000000 0.000000
0.943283 -0.331989 0.000000 16.550489 0.331989 0.943283 0.000000 3.953038 0.000000 0.000000 1.000000 0.000000
0.943482 -0.331425 0.000000 17.755732 0.331425 0.943482 0.000000 4.328264 0.000000 0.000000 1.000000 0.000000
0.943967 -0.330040 0.000000 18.978022 0.330040 0.943967 0.000000 4.762280 0.000000 0.000000 1.000000 0.000000
0.944202 -0.329366 0.000000 20.227772 0.329366 0.944202 0.000000 5.199982 0.000000 0.000000 1.000000 0.000000
0.944376 -0.328866 0.000000 21.477847 0.328866 0.944376 0.000000 5.676019 0.000000 0.000000 1.000000 0.000000
0.943311 -0.331910 0.000000 22.771236 0.331910 0.943311 0.000000 6.143424 0.000000 0.000000 1.000000 0.000000
0.941532 -0.336923 0.000000 24.121505 0.336923 0.941532 0.000000 6.647204 0.000000 0.000000 1.000000 0.000000
0.939306 -0.343080 0.000000 25.525853 0.343080 0.939306 0.000000 7.239805 0.000000 0.000000 1.000000 0.000000
0.936596 -0.350410 0.000000 26.874053 0.350410 0.936596 0.000000 7.720413 0.000000 0.000000 1.000000 0.000000
0.933319 -0.359049 0.000000 28.250663 0.359049 0.933319 0.000000 8.366715 0.000000 0.000000 1.000000 0.000000
0.928565 -0.371169 0.000000 29.716983 0.371169 0.928565 0.000000 8.897270 0.000000 0.000000 1.000000 0.000000
0.923215 -0.384284 0.000000 31.180598 0.384284 0.923215 0.000000 9.534317 0.000000 0.000000 1.000000 0.000000
0.916059 -0.401043 0.000000 32.651313 0.401043 0.916059 0.000000 10.236876 0.000000 0.000000 1.000000 0.000000
0.906780 -0.421603 0.000000 34.169896 0.421603 0.906780 0.000000 10.971760 0.000000 0.000000 1.000000 0.000000
0.895378 -0.445306 0.000000 35.669470 0.445306 0.895378 0.000000 11.758616 0.000000 0.000000 1.000000 0.000000
0.881572 -0.472050 0.000000 37.219045 0.472050 0.881572 0.000000 12.624494 0.000000 0.000000 1.000000 0.000000
0.866648 -0.498919 0.000000 38.788892 0.498919 0.866648 0.000000 13.564559 0.000000 0.000000 1.000000 0.000000
0.850380 -0.526168 0.000000 40.340784 0.526168 0.850380 0.000000 14.563168 0.000000 0.000000 1.000000 0.000000
0.833626 -0.552329 0.000000 41.854212 0.552329 0.833626 0.000000 15.620257 0.000000 0.000000 1.000000 0.000000
0.816456 -0.577407 0.000000 43.371389 0.577407 0.816456 0.000000 16.759492 0.000000 0.000000 1.000000 0.000000
0.800311 -0.599585 0.000000 44.947779 0.599585 0.800311 0.000000 17.969953 0.000000 0.000000 1.000000 0.000000
0.788828 -0.614614 0.000000 46.506596 0.614614 0.788828 0.000000 19.227287 0.000000 0.000000 1.000000 0.000000
0.780407 -0.625272 0.000000 48.027733 0.625272 0.780407 0.000000 20.445106 0.000000 0.000000 1.000000 0.000000
0.771274 -0.636503 0.000000 49.569932 0.636503 0.771274 0.000000 21.728022 0.000000 0.000000 1.000000 0.000000
0.763853 -0.645391 0.000000 51.087303 0.645391 0.763853 0.000000 23.084409 0.000000 0.000000 1.000000 0.000000
0.757372 -0.652984 0.000000 52.637828 0.652984 0.757372 0.000000 24.384915 0.000000 0.000000 1.000000 0.000000
0.753482 -0.657469 0.000000 54.177838 0.657469 0.753482 0.000000 25.782961 0.000000 0.000000 1.000000 0.000000
0.752709 -0.658353 0.000000 55.686944 0.658353 0.752709 0.000000 27.153763 0.000000 0.000000 1.000000 0.000000
0.754026 -0.656845 0.000000 57.210672 0.656845 0.754026 0.000000 28.521610 0.000000 0.000000 1.000000 0.000000
0.755915 -0.654670 0.000000 58.768509 0.654670 0.755915 0.000000 29.843732 0.000000 0.000000 1.000000 0.000000
0.759070 -0.651009 0.000000 60.345635 0.651009 0.759070 0.000000 31.256974 0.000000 0.000000 1.000000 0.000000
0.762166 -0.647382 0.000000 61.855158 0.647382 0.762166 0.000000 32.533170 0.000000 0.000000 1.000000 0.000000
0.767668 -0.640848 0.000000 63.385628 0.640848 0.767668 0.000000 33.833640 0.000000 0.000000 1.000000 0.000000
0.773995 -0.633192 0.000000 64.938945 0.633192 0.773995 0.000000 35.129149 0.000000 0.000000 1.000000 0.000000
0.781173 -0.624315 0.000000 66.466386 0.624315 0.781173 0.000000 36.405258 0.000000 0.000000 1.000000 0.000000
0.790416 -0.612570 0.000000 68.082642 0.612570 0.790416 0.000000 37.660825 0.000000 0.000000 1.000000 0.000000
0.798964 -0.601379 0.000000 69.673401 0.601379 0.798964 0.000000 38.877635 0.000000 0.000000 1.000000 0.000000
0.807743 -0.589535 0.000000 71.334186 0.589535 0.807743 0.000000 40.034771 0.000000 0.000000 1.000000 0.000000
0.816697 -0.577067 0.000000 72.991508 0.577067 0.816697 0.000000 41.204243 0.000000 0.000000 1.000000 0.000000
0.826917 -0.562323 0.000000 74.677426 0.562323 0.826917 0.000000 42.330678 0.000000 0.000000 1.000000 0.000000
0.838758 -0.544504 0.000000 76.349667 0.544504 0.838758 0.000000 43.448745 0.000000 0.000000 1.000000 0.000000
0.850150 -0.526541 0.000000 78.055862 0.526541 0.850150 0.000000 44.548539 0.000000 0.000000 1.000000 0.000000
0.861618 -0.507557 0.000000 79.815197 0.507557 0.861618 0.000000 45.561832 0.000000 0.000000 1.000000 0.000000
0.873434 -0.486942 0.000000 81.594916 0.486942 0.873434 0.000000 46.575305 0.000000 0.000000 1.000000 0.000000
0.884620 -0.466312 0.000000 83.436359 0.466312 0.884620 0.000000 47.507340 0.000000 0.000000 1.000000 0.000000
0.895925 -0.444205 0.000000 85.341033 0.444205 0.895925 0.000000 48.421928 0.000000 0.000000 1.000000 0.000000
0.905787 -0.423733 0.000000 87.170916 0.423733 0.905787 0.000000 49.328070 0.000000 0.000000 1.000000 0.000000
0.915930 -0.401338 0.000000 89.032256 0.401338 0.915930 0.000000 50.141202 0.000000 0.000000 1.000000 0.000000
0.925133 -0.379644 0.000000 90.953665 0.379644 0.925133 0.000000 50.943987 0.000000 0.000000 1.000000 0.000000
0.933914 -0.357498 0.000000 92.881238 0.357498 0.933914 0.000000 51.709237 0.000000 0.000000 1.000000 0.000000
0.942319 -0.334715 0.000000 94.818560 0.334715 0.942319 0.000000 52.401478 0.000000 0.000000 1.000000 0.000000
0.949485 -0.313813 0.000000 96.821548 0.313813 0.949485 0.000000 53.084889 0.000000 0.000000 1.000000 0.000000
0.955418 -0.295258 0.000000 98.815689 0.295258 0.955418 0.000000 53.685611 0.000000 0.000000 1.000000 0.000000
0.960651 -0.277760 0.000000 100.844220 0.277760 0.960651 0.000000 54.314366 0.000000 0.000000 1.000000 0.000000
0.965311 -0.261104 0.000000 102.906991 0.261104 0.965311 0.000000 54.884192 0.000000 0.000000 1.000000 0.000000
0.969760 -0.244059 0.000000 104.969125 0.244059 0.969760 0.000000 55.382625 0.000000 0.000000 1.000000 0.000000
0.973720 -0.227749 0.000000 107.059916 0.227749 0.973720 0.000000 55.905918 0.000000 0.000000 1.000000 0.000000
0.977826 -0.209420 0.000000 109.167675 0.209420 0.977826 0.000000 56.319111 0.000000 0.000000 1.000000 0.000000
0.981881 -0.189497 0.000000 111.251637 0.189497 0.981881 0.000000 56.765998 0.000000 0.000000 1.000000 0.000000
0.985181 -0.171515 0.000000 113.359475 0.171515 0.985181 0.000000 57.152920 0.000000 0.000000 1.000000 0.000000
0.988419 -0.151749 0.000000 115.517368 0.151749 0.988419 0.000000 57.476000 0.000000 0.000000 1.000000 0.000000
0.991259 -0.131929 0.000000 117.687824 0.131929 0.991259 0.000000 57.764625 0.000000 0.000000 1.000000 0.000000
0.993726 -0.111842 0.000000 119.846393 0.111842 0.993726 0.000000 58.027909 0.000000 0.000000 1.000000 0.000000
0.995726 -0.092355 0.000000 122.051339 0.092355 0.995726 0.000000 58.231228 0.000000 0.000000 1.000000 0.000000
0.997313 -0.073264 0.000000 124.257258 0.073264 0.997313 0.000000 58.386567 0.000000 0.000000 1.000000 0.000000
0.998574 -0.053379 0.000000 126.453170 0.053379 0.998574 0.000000 58.517680 0.000000 0.000000 1.000000 0.000000
0.999422 -0.033992 0.000000 128.670553 0.033992 0.999422 0.000000 58.625890 0.000000 0.000000 1.000000 0.000000
0.999901 -0.014084 0.000000 130.906638 0.014084 0.999901 0.000000 58.659430 0.000000 0.000000 1.000000 0.000000
0.999996 0.002792 0.000000 133.127017 -0.002792 0.999996 0.000000 58.646916 0.000000 0.000000 1.000000 0.000000
0.999791 0.020466 0.000000 135.389627 -0.020466 0.999791 0.000000 58.634311 0.000000 0.000000 1.000000 0.000000
0.999344 0.036223 0.000000 137.671594 -0.036223 0.999344 0.000000 58.540755 0.000000 0.000000 1.000000 0.000000
0.998589 0.053106 0.000000 140.020423 -0.053106 0.998589 0.000000 58.434663 0.000000 0.000000 1.000000 0.000000
0.997487 0.070857 0.000000 142.255991 -0.070857 0.997487 0.000000 58.301011 0.000000 0.000000 1.000000 0.000000
0.996012 0.089216 0.000000 144.585392 -0.089216 0.996012 0.000000 58.078736 0.000000 0.000000 1.000000 0.000000
0.994104 0.108433 0.000000 146.921807 -0.108433 0.994104 0.000000 57.834390 0.000000 0.000000 1.000000 0.000000
0.991789 0.127889 0.000000 149.256344 -0.127889 0.991789 0.000000 57.541900 0.000000 0.000000 1.000000 0.000000
0.988890 0.148652 0.000000 151.645839 -0.148652 0.988890 0.000000 57.191062 0.000000 0.000000 1.000000 0.000000
0.985621 0.168974 0.000000 154.033002 -0.168974 0.985621 0.000000 56.819137 0.000000 0.000000 1.000000 0.000000
0.982185 0.187916 0.000000 156.401883 -0.187916 0.982185 0.000000 56.369462 0.000000 0.000000 1.000000 0.000000
0.979104 0.203360 0.000000 158.766411 -0.203360 0.979104 0.000000 55.878163 0.000000 0.000000 1.000000 0.000000
0.975281 0.220967 0.000000 161.160170 -0.220967 0.975281 0.000000 55.367858 0.000000 0.000000 1.000000 0.000000
0.971135 0.238531 0.000000 163.522255 -0.238531 0.971135 0.000000 54.886290 0.000000 0.000000 1.000000 0.000000
0.967086 0.254450 0.000000 165.953955 -0.254450 0.967086 0.000000 54.217620 0.000000 0.000000 1.000000 0.000000
0.962467 0.271399 0.000000 168.370785 -0.271399 0.962467 0.000000 53.549690 0.000000 0.000000 1.000000 0.000000
0.957597 0.288113 0.000000 170.675246 -0.288113 0.957597 0.000000 52.845372 0.000000 0.000000 1.000000 0.000000
0.953093 0.302677 0.000000 173.074302 -0.302677 0.953093 0.000000 52.065923 0.000000 0.000000 1.000000 0.000000
0.949229 0.314585 0.000000 175.441874 -0.314585 0.949229 0.000000 51.282634 0.000000 0.000000 1.000000 0.000000
0.945323 0.326135 0.000000 177.777718 -0.326135 0.945323 0.000000 50.478384 0.000000 0.000000 1.000000 0.000000
0.939590 0.342303 0.000000 180.206370 -0.342303 0.939590 0.000000 49.640049 0.000000 0.000000 1.000000 0.000000
0.933446 0.358719 0.000000 182.625955 -0.358719 0.933446 0.000000 48.695035 0.000000 0.000000 1.000000 0.000000
0.926491 0.376316 0.000000 185.062530 -0.376316 0.926491 0.000000 47.726210 0.000000 0.000000 1.000000 0.000000
0.918600 0.395189 0.000000 187.376553 -0.395189 0.918600 0.000000 46.725613 0.000000 0.000000 1.000000 0.000000
0.908959 0.416885 0.000000 189.714258 -0.416885 0.908959 0.000000 45.676791 0.000000 0.000000 1.000000 0.000000
0.898384 0.439211 0.000000 192.005132 -0.439211 0.898384 0.000000 44.589651 0.000000 0.000000 1.000000 0.000000
0.884904 0.465773 0.000000 194.237404 -0.465773 0.884904 0.000000 43.463281 0.000000 0.000000 1.000000 0.000000
0.871412 0.490553 0.000000 196.417516 -0.490553 0.871412 0.000000 42.227865 0.000000 0.000000 1.000000 0.000000
0.857350 0.514735 0.000000 198.535551 -0.514735 0.857350 0.000000 40.976343 0.000000 0.000000 1.000000 0.000000
0.842995 0.537921 0.000000 200.630856 -0.537921 0.842995 0.000000 39.682351 0.000000 0.000000 1.000000 0.000000
0.827827 0.560984 0.000000 202.605572 -0.560984 0.827827 0.000000 38.297059 0.000000 0.000000 1.000000 0.000000
0.811091 0.584919 0.000000 204.629783 -0.584919 0.811091 0.000000 36.931606 0.000000 0.000000 1.000000 0.000000
0.793368 0.608742 0.000000 206.601415 -0.608742 0.793368 0.000000 35.453112 0.000000 0.000000 1.000000 0.000000
0.774681 0.632352 0.000000 208.497660 -0.632352 0.774681 0.000000 33.910001 0.000000 0.000000 1.000000 0.000000
0.755200 0.655494 0.000000 210.316102 -0.655494 0.755200 0.000000 32.324855 0.000000 0.000000 1.000000 0.000000
0.735393 0.677641 0.000000 212.044343 -0.677641 0.735393 0.000000 30.722933 0.000000 0.000000 1.000000 0.000000
0.714563 0.699571 0.000000 213.732047 -0.699571 0.714563 0.000000 29.041672 0.000000 0.000000 1.000000 0.000000
0.695581 0.718448 0.000000 215.356093 -0.718448 0.695581 0.000000 27.375998 0.000000 0.000000 1.000000 0.000000
0.677323 0.735686 0.000000 216.959227 -0.735686 0.677323 0.000000 25.693487 0.000000 0.000000 1.000000 0.000000
0.662735 0.748854 0.000000 218.486205 -0.748854 0.662735 0.000000 23.974651 0.000000 0.000000 1.000000 0.000000
0.654302 0.756234 0.000000 220.028119 -0.756234 0.654302 0.000000 22.201341 0.000000 0.000000 1.000000 0.000000
0.645575 0.763697 0.000000 221.585981 -0.763697 0.645575 0.000000 20.567202 0.000000 0.000000 1.000000 0.000000
0.636325 0.771421 0.000000 223.101589 -0.771421 0.636325 0.000000 18.868983 0.000000 0.000000 1.000000 0.000000
0.634458 0.772957 0.000000 224.484342 -0.772957 0.634458 0.000000 17.074987 0.000000 0.000000 1.000000 0.000000
0.635928 0.771749 0.000000 225.928632 -0.771749 0.635928 0.000000 15.319298 0.000000 0.000000 1.000000 0.000000
0.639911 0.768449 0.000000 227.399940 -0.768449 0.639911 0.000000 13.575774 0.000000 0.000000 1.000000 0.000000
0.647378 0.762169 0.000000 228.887602 -0.762169 0.647378 0.000000 11.883479 0.000000 0.000000 1.000000 0.000000
0.654670 0.755915 0.000000 230.393711 -0.755915 0.654670 0.000000 10.197582 0.000000 0.000000 1.000000 0.000000
0.664682 0.747126 0.000000 231.920234 -0.747126 0.664682 0.000000 8.567823 0.000000 0.000000 1.000000 0.000000
0.678343 0.734746 0.000000 233.380059 -0.734746 0.678343 0.000000 6.907920 0.000000 0.000000 1.000000 0.000000
0.692708 0.721219 0.000000 234.953766 -0.721219 0.692708 0.000000 5.352508 0.000000 0.000000 1.000000 0.000000
0.710941 0.703251 0.000000 236.512101 -0.703251 0.710941 0.000000 3.846017 0.000000 0.000000 1.000000 0.000000
0.730668 0.682733 0.000000 238.154683 -0.682733 0.730668 0.000000 2.305808 0.000000 0.000000 1.000000 0.000000
0.749810 0.661653 0.000000 239.887992 -0.661653 0.749810 0.000000 0.909940 0.000000 0.000000 1.000000 0.000000
0.771272 0.636506 0.000000 241.657147 -0.636506 0.771272 0.000000 -0.387652 0.000000 0.000000 1.000000 0.000000
0.795913 0.605412 0.000000 243.365481 -0.605412 0.795913 0.000000 -1.758962 0.000000 0.000000 1.000000 0.000000
0.821687 0.569939 0.000000 245.244287 -0.569939 0.821687 0.000000 -3.006196 0.000000 0.000000 1.000000 0.000000
0.847097 0.531438 0.000000 247.147975 -0.531438 0.847097 0.000000 -4.164920 0.000000 0.000000 1.000000 0.000000
0.872521 0.488576 0.000000 249.108108 -0.488576 0.872521 0.000000 -5.230410 0.000000 0.000000 1.000000 0.000000
0.895097 0.445872 0.000000 251.162065 -0.445872 0.895097 0.000000 -6.293097 0.000000 0.000000 1.000000 0.000000
0.915932 0.401335 0.000000 253.297743 -0.401335 0.915932 0.000000 -7.166022 0.000000 0.000000 1.000000 0.000000
0.934770 0.355253 0.000000 255.429456 -0.355253 0.934770 0.000000 -7.963279 0.000000 0.000000 1.000000 0.000000
0.949753 0.313002 0.000000 257.698485 -0.313002 0.949753 0.000000 -8.706836 0.000000 0.000000 1.000000 0.000000
0.960225 0.279228 0.000000 260.006428 -0.279228 0.960225 0.000000 -9.370768 0.000000 0.000000 1.000000 0.000000
0.966655 0.256082 0.000000 262.280809 -0.256082 0.966655 0.000000 -9.876666 0.000000 0.000000 1.000000 0.000000
0.972073 0.234678 0.000000 264.547456 -0.234678 0.972073 0.000000 -10.444304 0.000000 0.000000 1.000000 0.000000
0.976061 0.217495 0.000000 266.913354 -0.217495 0.976061 0.000000 -10.950384 0.000000 0.000000 1.000000 0.000000
0.979208 0.202859 0.000000 269.271763 -0.202859 0.979208 0.000000 -11.455291 0.000000 0.000000 1.000000 0.000000
0.981516 0.191381 0.000000 271.663997 -0.191381 0.981516 0.000000 -11.865523 0.000000 0.000000 1.000000 0.000000
0.983267 0.182171 0.000000 274.068428 -0.182171 0.983267 0.000000 -12.317822 0.000000 0.000000 1.000000 0.000000
0.984853 0.173391 0.000000 276.486428 -0.173391 0.984853 0.000000 -12.641982 0.000000 0.000000 1.000000 0.000000
0.986362 0.164592 0.000000 278.943798 -0.164592 0.986362 0.000000 -13.049809 0.000000 0.000000 1.000000 0.000000
0.988102 0.153798 0.000000 281.402191 -0.153798 0.988102 0.000000 -13.459334 0.000000 0.000000 1.000000 0.000000
0.989456 0.144836 0.000000 283.960021 -0.144836 0.989456 0.000000 -13.751509 0.000000 0.000000 1.000000 0.000000
0.990785 0.135447 0.000000 286.425455 -0.135447 0.990785 0.000000 -14.093640 0.000000 0.000000 1.000000 0.000000
0.991969 0.126484 0.000000 288.992496 -0.126484 0.991969 0.000000 -14.426065 0.000000 0.000000 1.000000 0.000000
0.992930 0.118704 0.000000 291.561545 -0.118704 0.992930 0.000000 -14.774886 0.000000 0.000000 1.000000 0.000000
0.993597 0.112983 0.000000 294.126717 -0.112983 0.993597 0.000000 -14.995492 0.000000 0.000000 1.000000 0.000000
0.994291 0.106704 0.000000 296.754352 -0.106704 0.994291 0.000000 -15.315715 0.000000 0.000000 1.000000 0.000000
0.994814 0.101715 0.000000 299.349815 -0.101715 0.994814 0.000000 -15.534643 0.000000 0.000000 1.000000 0.000000
0.995206 0.097799 0.000000 302.027124 -0.097799 0.995206 0.000000 -15.778390 0.000000 0.000000 1.000000 0.000000
0.995585 0.093865 0.000000 304.649591 -0.093865 0.995585 0.000000 -15.984046 0.000000 0.000000 1.000000 0.000000
0.996074 0.088526 0.000000 307.341492 -0.088526 0.996074 0.000000 -16.229089 0.000000 0.000000 1.000000 0.000000
0.996546 0.083040 0.000000 309.991231 -0.083040 0.996546 0.000000 -16.467589 0.000000 0.000000 1.000000 0.000000
0.996795 0.079994 0.000000 312.613130 -0.079994 0.996795 0.000000 -16.699296 0.000000 0.000000 1.000000 0.000000
0.997353 0.072712 0.000000 315.260110 -0.072712 0.997353 0.000000 -16.897368 0.000000 0.000000 1.000000 0.000000
0.997569 0.069683 0.000000 317.860854 -0.069683 0.997569 0.000000 -17.103558 0.000000 0.000000 1.000000 0.000000
0.997808 0.066174 0.000000 320.456512 -0.066174 0.997808 0.000000 -17.220860 0.000000 0.000000 1.000000 0.000000
0.998099 0.061625 0.000000 322.965896 -0.061625 0.998099 0.000000 -17.379913 0.000000 0.000000 1.000000 0.000000
0.998265 0.058879 0.000000 325.531263 -0.058879 0.998265 0.000000 -17.494097 0.000000 0.000000 1.000000 0.000000
0.998628 0.052364 0.000000 328.018006 -0.052364 0.998628 0.000000 -17.587683 0.000000 0.000000 1.000000 0.000000
0.998808 0.048821 0.000000 330.594909 -0.048821 0.998808 0.000000 -17.717169 0.000000 0.000000 1.000000 0.000000
0.999019 0.044273 0.000000 333.062528 -0.044273 0.999019 0.000000 -17.831201 0.000000 0.000000 1.000000 0.000000
0.999139 0.041492 0.000000 335.543625 -0.041492 0.999139 0.000000 -17.968925 0.000000 0.000000 1.000000 0.000000
0.999115 0.042055 0.000000 338.019972 -0.042055 0.999115 0.000000 -17.991384 0.000000 0.000000 1.000000 0.000000
0.999145 0.041348 0.000000 340.491456 -0.041348 0.999145 0.000000 -18.075021 0.000000 0.000000 1.000000 0.000000
0.998917 0.046536 0.000000 342.967840 -0.046536 0.998917 0.000000 -18.183443 0.000000 0.000000 1.000000 0.000000
0.998631 0.052300 0.000000 345.412730 -0.052300 0.998631 0.000000 -18.295699 0.000000 0.000000 1.000000 0.000000
0.998020 0.062905 0.000000 347.899098 -0.062905 0.998020 0.000000 -18.453636 0.000000 0.000000 1.000000 0.000000
0.997402 0.072040 0.000000 350.305407 -0.072040 0.997402 0.000000 -18.652913 0.000000 0.000000 1.000000 0.000000
0.996775 0.080250 0.000000 352.747113 -0.080250 0.996775 0.000000 -18.803062 0.000000 0.000000 1.000000 0.000000
0.996576 0.082677 0.000000 355.207080 -0.082677 0.996576 0.000000 -18.905209 0.000000 0.000000 1.000000 0.000000
0.996638 0.081929 0.000000 357.666827 -0.081929 0.996638 0.000000 -19.107052 0.000000 0.000000 1.000000 0.000000
0.996401 0.084769 0.000000 360.132322 -0.084769 0.996401 0.000000 -19.320519 0.000000 0.000000 1.000000 0.000000
0.996693 0.081257 0.000000 362.652660 -0.081257 0.996693 0.000000 -19.532486 0.000000 0.000000 1.000000 0.000000
0.997057 0.076669 0.000000 365.095535 -0.076669 0.997057 0.000000 -19.735955 0.000000 0.000000 1.000000 0.000000
0.997256 0.074027 0.000000 367.499220 -0.074027 0.997256 0.000000 -19.900105 0.000000 0.000000 1.000000 0.000000
0.997396 0.072117 0.000000 369.972266 -0.072117 0.997396 0.000000 -20.111587 0.000000 0.000000 1.000000 0.000000
0.997241 0.074233 0.000000 372.456243 -0.074233 0.997241 0.000000 -20.287050 0.000000 0.000000 1.000000 0.000000
0.997291 0.073556 0.000000 374.769076 -0.073556 0.997291 0.000000 -20.450782 0.000000 0.000000 1.000000 0.000000
0.997066 0.076549 0.000000 377.166969 -0.076549 0.997066 0.000000 -20.633777 0.000000 0.000000 1.000000 0.000000
0.997032 0.076983 0.000000 379.457301 -0.076983 0.997032 0.000000 -20.764098 0.000000 0.000000 1.000000 0.000000
0.997095 0.076172 0.000000 381.853494 -0.076172 0.997095 0.000000 -20.931487 0.000000 0.000000 1.000000 0.000000
0.997209 0.074659 0.000000 384.110892 -0.074659 0.997209 0.000000 -21.025572 0.000000 0.000000 1.000000 0.000000
0.997387 0.072239 0.000000 386.362407 -0.072239 0.997387 0.000000 -21.223392 0.000000 0.000000 1.000000 0.000000
0.997459 0.071242 0.000000 388.526278 -0.071242 0.997459 0.000000 -21.388343 0.000000 0.000000 1.000000 0.000000
0.997445 0.071445 0.000000 390.552466 -0.071445 0.997445 0.000000 -21.549505 0.000000 0.000000 1.000000 0.000000
0.997492 0.070779 0.000000 392.565751 -0.070779 0.997492 0.000000 -21.666084 0.000000 0.000000 1.000000 0.000000
0.997727 0.067391 0.000000 394.472355 -0.067391 0.997727 0.000000 -21.788630 0.000000 0.000000 1.000000 0.000000
0.997867 0.065274 0.000000 396.367426 -0.065274 0.997867 0.000000 -21.929503 0.000000 0.000000 1.000000 0.000000
0.997883 0.065038 0.000000 398.190432 -0.065038 0.997883 0.000000 -22.089754 0.000000 0.000000 1.000000 0.000000
0.997630 0.068814 0.000000 399.915700 -0.068814 0.997630 0.000000 -22.206259 0.000000 0.000000 1.000000 0.000000
0.997513 0.070479 0.000000 401.558797 -0.070479 0.997513 0.000000 -22.290505 0.000000 0.000000 1.000000 0.000000
0.996778 0.080215 0.000000 403.193796 -0.080215 0.996778 0.000000 -22.399383 0.000000 0.000000 1.000000 0.000000
0.995628 0.093409 0.000000 404.738699 -0.093409 0.995628 0.000000 -22.519767 0.000000 0.000000 1.000000 0.000000
0.992040 0.125924 0.000000 406.154582 -0.125924 0.992040 0.000000 -22.774234 0.000000 0.000000 1.000000 0.000000
0.985141 0.171746 0.000000 407.499913 -0.171746 0.985141 0.000000 -23.047242 0.000000 0.000000 1.000000 0.000000
0.975300 0.220883 0.000000 408.719058 -0.220883 0.975300 0.000000 -23.369266 0.000000 0.000000 1.000000 0.000000
0.959414 0.282001 0.000000 409.891853 -0.282001 0.959414 0.000000 -23.798165 0.000000 0.000000 1.000000 0.000000
0.938193 0.346114 0.000000 410.987653 -0.346114 0.938193 0.000000 -24.196316 0.000000 0.000000 1.000000 0.000000
0.907154 0.420798 0.000000 411.988530 -0.420798 0.907154 0.000000 -24.779532 0.000000 0.000000 1.000000 0.000000
0.871835 0.489799 0.000000 412.926536 -0.489799 0.871835 0.000000 -25.386203 0.000000 0.000000 1.000000 0.000000
0.825556 0.564320 0.000000 413.813941 -0.564320 0.825556 0.000000 -26.058846 0.000000 0.000000 1.000000 0.000000
0.771456 0.636282 0.000000 414.599325 -0.636282 0.771456 0.000000 -26.823307 0.000000 0.000000 1.000000 0.000000
0.713999 0.700147 0.000000 415.296484 -0.700147 0.713999 0.000000 -27.634423 0.000000 0.000000 1.000000 0.000000
0.655145 0.755503 0.000000 415.974109 -0.755503 0.655145 0.000000 -28.574778 0.000000 0.000000 1.000000 0.000000
0.594411 0.804161 0.000000 416.537200 -0.804161 0.594411 0.000000 -29.515117 0.000000 0.000000 1.000000 0.000000
0.537981 0.842957 0.000000 417.136877 -0.842957 0.537981 0.000000 -30.476118 0.000000 0.000000 1.000000 0.000000
0.482693 0.875790 0.000000 417.664253 -0.875790 0.482693 0.000000 -31.489272 0.000000 0.000000 1.000000 0.000000
0.429736 0.902954 0.000000 418.153721 -0.902954 0.429736 0.000000 -32.552187 0.000000 0.000000 1.000000 0.000000
0.377535 0.925995 0.000000 418.525800 -0.925995 0.377535 0.000000 -33.776511 0.000000 0.000000 1.000000 0.000000
0.335551 0.942022 0.000000 418.887951 -0.942022 0.335551 0.000000 -34.881029 0.000000 0.000000 1.000000 0.000000
0.293935 0.955826 0.000000 419.264066 -0.955826 0.293935 0.000000 -36.110180 0.000000 0.000000 1.000000 0.000000
0.250287 0.968172 0.000000 419.561638 -0.968172 0.250287 0.000000 -37.336794 0.000000 0.000000 1.000000 0.000000
0.205015 0.978759 0.000000 419.830407 -0.978759 0.205015 0.000000 -38.702378 0.000000 0.000000 1.000000 0.000000
0.158069 0.987428 0.000000 419.992702 -0.987428 0.158069 0.000000 -40.103985 0.000000 0.000000 1.000000 0.000000
0.106521 0.994310 0.000000 420.133222 -0.994310 0.106521 0.000000 -41.560712 0.000000 0.000000 1.000000 0.000000
0.057434 0.998349 0.000000 420.221627 -0.998349 0.057434 0.000000 -43.034193 0.000000 0.000000 1.000000 0.000000
0.017231 0.999852 0.000000 420.201390 -0.999852 0.017231 0.000000 -44.604851 0.000000 0.000000 1.000000 0.000000
-0.016525 0.999863 0.000000 420.199405 -0.999863 -0.016525 0.000000 -46.209686 0.000000 0.000000 1.000000 0.000000
-0.045790 0.998951 0.000000 420.216728 -0.998951 -0.045790 0.000000 -47.883479 0.000000 0.000000 1.000000 0.000000
-0.070901 0.997483 0.000000 419.999899 -0.997483 -0.070901 0.000000 -49.583971 0.000000 0.000000 1.000000 0.000000
-0.090659 0.995882 0.000000 419.879276 -0.995882 -0.090659 0.000000 -51.373396 0.000000 0.000000 1.000000 0.000000
-0.105435 0.994426 0.000000 419.678974 -0.994426 -0.105435 0.000000 -53.169035 0.000000 0.000000 1.000000 0.000000
-0.115861 0.993265 0.000000 419.521076 -0.993265 -0.115861 0.000000 -55.036857 0.000000 0.000000 1.000000 0.000000
-0.118462 0.992959 0.000000 419.199223 -0.992959 -0.118462 0.000000 -56.997458 0.000000 0.000000 1.000000 0.000000
-0.117379 0.993087 0.000000 418.986530 -0.993087 -0.117379 0.000000 -58.970348 0.000000 0.000000 1.000000 0.000000
-0.118906 0.992906 0.000000 418.811424 -0.992906 -0.118906 0.000000 -61.035831 0.000000 0.000000 1.000000 0.000000
-0.117589 0.993062 0.000000 418.567349 -0.993062 -0.117589 0.000000 -63.165581 0.000000 0.000000 1.000000 0.000000
-0.117971 0.993017 0.000000 418.339697 -0.993017 -0.117971 0.000000 -65.296105 0.000000 0.000000 1.000000 0.000000
-0.115345 0.993326 0.000000 418.102370 -0.993326 -0.115345 0.000000 -67.469776 0.000000 0.000000 1.000000 0.000000
-0.114521 0.993421 0.000000 417.840364 -0.993421 -0.114521 0.000000 -69.741083 0.000000 0.000000 1.000000 0.000000
-0.115921 0.993258 0.000000 417.605266 -0.993258 -0.115921 0.000000 -72.066071 0.000000 0.000000 1.000000 0.000000
-0.117815 0.993036 0.000000 417.384751 -0.993036 -0.117815 0.000000 -74.370820 0.000000 0.000000 1.000000 0.000000
-0.120737 0.992684 0.000000 417.095710 -0.992684 -0.120737 0.000000 -76.732841 0.000000 0.000000 1.000000 0.000000
-0.121615 0.992577 0.000000 416.801259 -0.992577 -0.121615 0.000000 -79.059638 0.000000 0.000000 1.000000 0.000000
-0.121347 0.992610 0.000000 416.540118 -0.992610 -0.121347 0.000000 -81.455821 0.000000 0.000000 1.000000 0.000000
-0.119884 0.992788 0.000000 416.274473 -0.992788 -0.119884 0.000000 -83.890811 0.000000 0.000000 1.000000 0.000000
-0.118312 0.992976 0.000000 415.993110 -0.992976 -0.118312 0.000000 -86.279223 0.000000 0.000000 1.000000 0.000000
-0.117554 0.993067 0.000000 415.701794 -0.993067 -0.117554 0.000000 -88.720415 0.000000 0.000000 1.000000 0.000000
-0.116213 0.993224 0.000000 415.460488 -0.993224 -0.116213 0.000000 -91.211450 0.000000 0.000000 1.000000 0.000000
-0.115077 0.993357 0.000000 415.149996 -0.993357 -0.115077 0.000000 -93.748990 0.000000 0.000000 1.000000 0.000000
-0.114498 0.993423 0.000000 414.904385 -0.993423 -0.114498 0.000000 -96.337880 0.000000 0.000000 1.000000 0.000000
-0.115149 0.993348 0.000000 414.578542 -0.993348 -0.115149 0.000000 -98.872635 0.000000 0.000000 1.000000 0.000000
-0.117026 0.993129 0.000000 414.305867 -0.993129 -0.117026 0.000000 -101.500781 0.000000 0.000000 1.000000 0.000000
-0.119597 0.992823 0.000000 413.992400 -0.992823 -0.119597 0.000000 -104.132268 0.000000 0.000000 1.000000 0.000000
-0.123012 0.992405 0.000000 413.689830 -0.992405 -0.123012 0.000000 -106.820122 0.000000 0.000000 1.000000 0.000000
-0.126602 0.991954 0.000000 413.383300 -0.991954 -0.126602 0.000000 -109.515529 0.000000 0.000000 1.000000 0.000000
-0.132410 0.991195 0.000000 413.012502 -0.991195 -0.132410 0.000000 -112.281670 0.000000 0.000000 1.000000 0.000000
-0.137500 0.990502 0.000000 412.588481 -0.990502 -0.137500 0.000000 -115.032152 0.000000 0.000000 1.000000 0.000000
-0.142731 0.989761 0.000000 412.234448 -0.989761 -0.142731 0.000000 -117.813276 0.000000 0.000000 1.000000 0.000000
-0.148179 0.988961 0.000000 411.806936 -0.988961 -0.148179 0.000000 -120.641668 0.000000 0.000000 1.000000 0.000000
-0.157613 0.987501 0.000000 411.398448 -0.987501 -0.157613 0.000000 -123.450016 0.000000 0.000000 1.000000 0.000000
-0.168588 0.985687 0.000000 410.889859 -0.985687 -0.168588 0.000000 -126.289283 0.000000 0.000000 1.000000 0.000000
-0.179037 0.983842 0.000000 410.385303 -0.983842 -0.179037 0.000000 -129.200719 0.000000 0.000000 1.000000 0.000000
-0.191367 0.981519 0.000000 409.870903 -0.981519 -0.191367 0.000000 -132.066872 0.000000 0.000000 1.000000 0.000000
-0.202818 0.979216 0.000000 409.240208 -0.979216 -0.202818 0.000000 -135.007303 0.000000 0.000000 1.000000 0.000000
-0.214409 0.976744 0.000000 408.601460 -0.976744 -0.214409 0.000000 -137.944341 0.000000 0.000000 1.000000 0.000000
-0.226205 0.974080 0.000000 407.994116 -0.974080 -0.226205 0.000000 -140.916937 0.000000 0.000000 1.000000 0.000000
-0.239427 0.970914 0.000000 407.292388 -0.970914 -0.239427 0.000000 -143.914168 0.000000 0.000000 1.000000 0.000000
-0.252599 0.967571 0.000000 406.558113 -0.967571 -0.252599 0.000000 -146.866696 0.000000 0.000000 1.000000 0.000000
-0.267823 0.963468 0.000000 405.719872 -0.963468 -0.267823 0.000000 -149.806636 0.000000 0.000000 1.000000 0.000000
-0.284318 0.958730 0.000000 404.907543 -0.958730 -0.284318 0.000000 -152.755700 0.000000 0.000000 1.000000 0.000000
-0.306052 0.952015 0.000000 404.055786 -0.952015 -0.306052 0.000000 -155.694238 0.000000 0.000000 1.000000 0.000000
-0.324849 0.945766 0.000000 403.051851 -0.945766 -0.324849 0.000000 -158.689549 0.000000 0.000000 1.000000 0.000000
-0.339923 0.940453 0.000000 402.096169 -0.940453 -0.339923 0.000000 -161.679670 0.000000 0.000000 1.000000 0.000000
-0.355826 0.934552 0.000000 400.992284 -0.934552 -0.355826 0.000000 -164.612663 0.000000 0.000000 1.000000 0.000000
-0.369723 0.929142 0.000000 399.833538 -0.929142 -0.369723 0.000000 -167.665718 0.000000 0.000000 1.000000 0.000000
-0.380875 0.924626 0.000000 398.556538 -0.924626 -0.380875 0.000000 -170.642541 0.000000 0.000000 1.000000 0.000000
-0.392119 0.919914 0.000000 397.379975 -0.919914 -0.392119 0.000000 -173.644932 0.000000 0.000000 1.000000 0.000000
-0.403420 0.915015 0.000000 396.012037 -0.915015 -0.403420 0.000000 -176.532375 0.000000 0.000000 1.000000 0.000000
-0.415113 0.909770 0.000000 394.722241 -0.909770 -0.415113 0.000000 -179.598292 0.000000 0.000000 1.000000 0.000000
-0.426845 0.904325 0.000000 393.385546 -0.904325 -0.426845 0.000000 -182.481612 0.000000 0.000000 1.000000 0.000000
-0.438183 0.898886 0.000000 391.993376 -0.898886 -0.438183 0.000000 -185.429812 0.000000 0.000000 1.000000 0.000000
-0.449017 0.893523 0.000000 390.525840 -0.893523 -0.449017 0.000000 -188.313164 0.000000 0.000000 1.000000 0.000000
-0.459917 0.887962 0.000000 388.993218 -0.887962 -0.459917 0.000000 -191.228042 0.000000 0.000000 1.000000 0.000000
-0.471704 0.881757 0.000000 387.455192 -0.881757 -0.471704 0.000000 -194.196632 0.000000 0.000000 1.000000 0.000000
-0.484096 0.875015 0.000000 385.898341 -0.875015 -0.484096 0.000000 -197.099099 0.000000 0.000000 1.000000 0.000000
-0.495644 0.868526 0.000000 384.303656 -0.868526 -0.495644 0.000000 -200.034660 0.000000 0.000000 1.000000 0.000000
-0.504960 0.863143 0.000000 382.703523 -0.863143 -0.504960 0.000000 -202.917560 0.000000 0.000000 1.000000 0.000000
-0.508958 0.860791 0.000000 381.167770 -0.860791 -0.508958 0.000000 -205.758760 0.000000 0.000000 1.000000 0.000000
-0.507976 0.861371 0.000000 379.446320 -0.861371 -0.507976 0.000000 -208.538778 0.000000 0.000000 1.000000 0.000000
-0.507320 0.861758 0.000000 377.896520 -0.861758 -0.507320 0.000000 -211.362450 0.000000 0.000000 1.000000 0.000000
-0.504456 0.863437 0.000000 376.255789 -0.863437 -0.504456 0.000000 -214.100325 0.000000 0.000000 1.000000 0.000000
-0.502987 0.864294 0.000000 374.564952 -0.864294 -0.502987 0.000000 -216.892943 0.000000 0.000000 1.000000 0.000000
-0.503263 0.864133 0.000000 373.134426 -0.864133 -0.503263 0.000000 -219.706818 0.000000 0.000000 1.000000 0.000000
-0.502545 0.864551 0.000000 371.505776 -0.864551 -0.502545 0.000000 -222.407168 0.000000 0.000000 1.000000 0.000000
-0.504066 0.863665 0.000000 370.024966 -0.863665 -0.504066 0.000000 -225.152594 0.000000 0.000000 1.000000 0.000000
-0.503132 0.864210 0.000000 368.374016 -0.864210 -0.503132 0.000000 -227.898626 0.000000 0.000000 1.000000 0.000000
-0.503590 0.863943 0.000000 366.802245 -0.863943 -0.503590 0.000000 -230.615263 0.000000 0.000000 1.000000 0.000000
-0.504139 0.863623 0.000000 365.301991 -0.863623 -0.504139 0.000000 -233.335360 0.000000 0.000000 1.000000 0.000000
-0.505722 0.862696 0.000000 363.680396 -0.862696 -0.505722 0.000000 -236.014102 0.000000 0.000000 1.000000 0.000000
-0.506788 0.862071 0.000000 362.159348 -0.862071 -0.506788 0.000000 -238.696595 0.000000 0.000000 1.000000 0.000000
-0.508529 0.861045 0.000000 360.587730 -0.861045 -0.508529 0.000000 -241.288210 0.000000 0.000000 1.000000 0.000000
-0.510242 0.860031 0.000000 359.039363 -0.860031 -0.510242 0.000000 -244.004192 0.000000 0.000000 1.000000 0.000000
-0.512764 0.858530 0.000000 357.485957 -0.858530 -0.512764 0.000000 -246.573379 0.000000 0.000000 1.000000 0.000000
-0.516494 0.856291 0.000000 355.953352 -0.856291 -0.516494 0.000000 -249.207655 0.000000 0.000000 1.000000 0.000000
-0.519946 0.854199 0.000000 354.392079 -0.854199 -0.519946 0.000000 -251.805835 0.000000 0.000000 1.000000 0.000000
-0.524029 0.851701 0.000000 352.864796 -0.851701 -0.524029 0.000000 -254.423596 0.000000 0.000000 1.000000 0.000000
-0.527780 0.849381 0.000000 351.308229 -0.849381 -0.527780 0.000000 -256.975413 0.000000 0.000000 1.000000 0.000000
-0.531422 0.847107 0.000000 349.718331 -0.847107 -0.531422 0.000000 -259.542464 0.000000 0.000000 1.000000 0.000000
-0.535791 0.844351 0.000000 348.126899 -0.844351 -0.535791 0.000000 -262.023863 0.000000 0.000000 1.000000 0.000000
-0.542070 0.840333 0.000000 346.447282 -0.840333 -0.542070 0.000000 -264.523225 0.000000 0.000000 1.000000 0.000000
-0.548263 0.836306 0.000000 344.886804 -0.836306 -0.548263 0.000000 -267.098155 0.000000 0.000000 1.000000 0.000000
-0.555573 0.831468 0.000000 343.218277 -0.831468 -0.555573 0.000000 -269.607089 0.000000 0.000000 1.000000 0.000000
-0.561566 0.827432 0.000000 341.543294 -0.827432 -0.561566 0.000000 -272.061294 0.000000 0.000000 1.000000 0.000000
-0.568183 0.822902 0.000000 339.841652 -0.822902 -0.568183 0.000000 -274.552899 0.000000 0.000000 1.000000 0.000000
-0.577795 0.816182 0.000000 338.075562 -0.816182 -0.577795 0.000000 -276.976200 0.000000 0.000000 1.000000 0.000000
-0.586554 0.809910 0.000000 336.426543 -0.809910 -0.586554 0.000000 -279.447487 0.000000 0.000000 1.000000 0.000000
-0.594364 0.804196 0.000000 334.646124 -0.804196 -0.594364 0.000000 -281.793313 0.000000 0.000000 1.000000 0.000000
-0.602954 0.797776 0.000000 332.888049 -0.797776 -0.602954 0.000000 -284.230236 0.000000 0.000000 1.000000 0.000000
-0.610889 0.791717 0.000000 331.054339 -0.791717 -0.610889 0.000000 -286.657447 0.000000 0.000000 1.000000 0.000000
-0.619420 0.785060 0.000000 329.275915 -0.785060 -0.619420 0.000000 -289.062066 0.000000 0.000000 1.000000 0.000000
-0.626437 0.779472 0.000000 327.398414 -0.779472 -0.626437 0.000000 -291.370341 0.000000 0.000000 1.000000 0.000000
-0.632532 0.774535 0.000000 325.511271 -0.774535 -0.632532 0.000000 -293.694269 0.000000 0.000000 1.000000 0.000000
-0.639278 0.768976 0.000000 323.638487 -0.768976 -0.639278 0.000000 -296.036631 0.000000 0.000000 1.000000 0.000000
-0.643674 0.765300 0.000000 321.716412 -0.765300 -0.643674 0.000000 -298.295870 0.000000 0.000000 1.000000 0.000000
-0.645447 0.763805 0.000000 319.895731 -0.763805 -0.645447 0.000000 -300.636850 0.000000 0.000000 1.000000 0.000000
-0.648694 0.761049 0.000000 317.942067 -0.761049 -0.648694 0.000000 -302.924178 0.000000 0.000000 1.000000 0.000000
-0.650301 0.759676 0.000000 316.014072 -0.759676 -0.650301 0.000000 -305.168943 0.000000 0.000000 1.000000 0.000000
-0.653312 0.757089 0.000000 314.051620 -0.757089 -0.653312 0.000000 -307.465281 0.000000 0.000000 1.000000 0.000000
-0.656602 0.754237 0.000000 312.141855 -0.754237 -0.656602 0.000000 -309.808468 0.000000 0.000000 1.000000 0.000000
-0.659444 0.751754 0.000000 310.194219 -0.751754 -0.659444 0.000000 -312.089975 0.000000 0.000000 1.000000 0.000000
-0.662206 0.749322 0.000000 308.256071 -0.749322 -0.662206 0.000000 -314.353439 0.000000 0.000000 1.000000 0.000000
-0.664823 0.747001 0.000000 306.270686 -0.747001 -0.664823 0.000000 -316.611348 0.000000 0.000000 1.000000 0.000000
-0.664996 0.746847 0.000000 304.301143 -0.746847 -0.664996 0.000000 -318.897842 0.000000 0.000000 1.000000 0.000000
-0.660585 0.750752 0.000000 302.363572 -0.750752 -0.660585 0.000000 -321.177912 0.000000 0.000000 1.000000 0.000000
-0.656356 0.754452 0.000000 300.373672 -0.754452 -0.656356 0.000000 -323.482865 0.000000 0.000000 1.000000 0.000000
-0.651117 0.758978 0.000000 298.372843 -0.758978 -0.651117 0.000000 -325.797246 0.000000 0.000000 1.000000 0.000000
-0.645221 0.763996 0.000000 296.447428 -0.763996 -0.645221 0.000000 -328.193454 0.000000 0.000000 1.000000 0.000000
-0.635138 0.772399 0.000000 294.464866 -0.772399 -0.635138 0.000000 -330.597184 0.000000 0.000000 1.000000 0.000000
-0.624048 0.781386 0.000000 292.449035 -0.781386 -0.624048 0.000000 -332.999381 0.000000 0.000000 1.000000 0.000000
-0.614412 0.788985 0.000000 290.617991 -0.788985 -0.614412 0.000000 -335.542147 0.000000 0.000000 1.000000 0.000000
-0.603766 0.797162 0.000000 288.751354 -0.797162 -0.603766 0.000000 -338.007195 0.000000 0.000000 1.000000 0.000000
-0.593446 0.804874 0.000000 286.865971 -0.804874 -0.593446 0.000000 -340.546437 0.000000 0.000000 1.000000 0.000000
-0.582951 0.812507 0.000000 285.033441 -0.812507 -0.582951 0.000000 -343.082944 0.000000 0.000000 1.000000 0.000000
-0.572031 0.820232 0.000000 283.141885 -0.820232 -0.572031 0.000000 -345.686700 0.000000 0.000000 1.000000 0.000000
-0.562215 0.826991 0.000000 281.411980 -0.826991 -0.562215 0.000000 -348.321714 0.000000 0.000000 1.000000 0.000000
-0.551011 0.834498 0.000000 279.640298 -0.834498 -0.551011 0.000000 -350.956737 0.000000 0.000000 1.000000 0.000000
-0.542939 0.839772 0.000000 277.915845 -0.839772 -0.542939 0.000000 -353.678122 0.000000 0.000000 1.000000 0.000000
-0.535419 0.844586 0.000000 276.244325 -0.844586 -0.535419 0.000000 -356.327285 0.000000 0.000000 1.000000 0.000000
-0.529478 0.848324 0.000000 274.565242 -0.848324 -0.529478 0.000000 -359.083017 0.000000 0.000000 1.000000 0.000000
-0.528912 0.848676 0.000000 272.952368 -0.848676 -0.528912 0.000000 -361.909899 0.000000 0.000000 1.000000 0.000000
-0.529892 0.848065 0.000000 271.281297 -0.848065 -0.529892 0.000000 -364.630516 0.000000 0.000000 1.000000 0.000000
