0.999992 -0.004022 0.000000 1.683584 0.004022 0.999992 0.000000 0.063551 0.000000 0.000000 1.000000 0.000000
0.999982 -0.005982 0.000000 2.216059 0.005982 0.999982 0.000000 0.061552 0.000000 0.000000 1.000000 0.000000
0.999977 -0.006815 0.000000 2.785692 0.006815 0.999977 0.000000 0.081543 0.000000 0.000000 1.000000 0.000000
0.999961 -0.008821 0.000000 3.444990 0.008821 0.999961 0.000000 0.116489 0.000000 0.000000 1.000000 0.000000
0.999952 -0.009839 0.000000 4.202612 0.009839 0.999952 0.000000 0.132648 0.000000 0.000000 1.000000 0.000000
0.999956 -0.009365 0.000000 5.027716 0.009365 0.999956 0.000000 0.120882 0.000000 0.000000 1.000000 0.000000
0.999943 -0.010640 0.000000 5.921941 0.010640 0.999943 0.000000 0.148235 0.000000 0.000000 1.000000 0.000000
0.999934 -0.011467 0.000000 6.881933 0.011467 0.999934 0.000000 0.172364 0.000000 0.000000 1.000000 0.000000
0.999918 -0.012812 0.000000 7.945019 0.012812 0.999918 0.000000 0.222963 0.000000 0.000000 1.000000 0.000000
0.999910 -0.013451 0.000000 9.013504 0.013451 0.999910 0.000000 0.230725 0.000000 0.000000 1.000000 0.000000
0.999889 -0.014895 0.000000 10.212215 0.014895 0.999889 0.000000 0.232434 0.000000 0.000000 1.000000 0.000000
0.999865 -0.016415 0.000000 11.441227 0.016415 0.999865 0.000000 0.272947 0.000000 0.000000 1.000000 0.000000
0.999866 -0.016389 0.000000 12.735888 0.016389 0.999866 0.000000 0.333524 0.000000 0.000000 1.000000 0.000000
0.999839 -0.017926 0.000000 14.120163 0.017926 0.999839 0.000000 0.321900 0.000000 0.000000 1.000000 0.000000
0.999824 -0.018784 0.000000 15.514535 0.018784 0.999824 0.000000 0.371089 0.000000 0.000000 1.000000 0.000000
0.999816 -0.019178 0.000000 17.029711 0.019178 0.999816 0.000000 0.369508 0.000000 0.000000 1.000000 0.000000
0.999845 -0.017582 0.000000 18.527668 0.017582 0.999845 0.000000 0.424672 0.000000 0.000000 1.000000 0.000000
0.999868 -0.016234 0.000000 20.072789 0.016234 0.999868 0.000000 0.457250 0.000000 0.000000 1.000000 0.000000
0.999907 -0.013603 0.000000 21.679950 0.013603 0.999907 0.000000 0.480948 0.000000 0.000000 1.000000 0.000000
0.999948 -0.010193 0.000000 23.343212 0.010193 0.999948 0.000000 0.511363 0.000000 0.000000 1.000000 0.000000
0.999964 -0.008534 0.000000 25.093225 0.008534 0.999964 0.000000 0.525474 0.000000 0.000000 1.000000 0.000000
0.999985 -0.005448 0.000000 26.877689 0.005448 0.999985 0.000000 0.541835 0.000000 0.000000 1.000000 0.000000
0.999997 -0.002621 0.000000 28.654414 0.002621 0.999997 0.000000 0.552662 0.000000 0.000000 1.000000 0.000000
1.000000 -0.000107 0.000000 30.484852 0.000107 1.000000 0.000000 0.550210 0.000000 0.000000 1.000000 0.000000
0.999998 0.002023 0.000000 32.337649 -0.002023 0.999998 0.000000 0.579176 0.000000 0.000000 1.000000 0.000000
0.999990 0.004554 0.000000 34.257743 -0.004554 0.999990 0.000000 0.566825 0.000000 0.000000 1.000000 0.000000
0.999975 0.007135 0.000000 36.179690 -0.007135 0.999975 0.000000 0.552664 0.000000 0.000000 1.000000 0.000000
0.999968 0.008004 0.000000 38.142818 -0.008004 0.999968 0.000000 0.571376 0.000000 0.000000 1.000000 0.000000
0.999979 0.006454 0.000000 40.140298 -0.006454 0.999979 0.000000 0.546365 0.000000 0.000000 1.000000 0.000000
0.999983 0.005777 0.000000 42.212634 -0.005777 0.999983 0.000000 0.564648 0.000000 0.000000 1.000000 0.000000
0.999986 0.005261 0.000000 44.222907 -0.005261 0.999986 0.000000 0.561130 0.000000 0.000000 1.000000 0.000000
0.999987 0.005081 0.000000 46.265395 -0.005081 0.999987 0.000000 0.544713 0.000000 0.000000 1.000000 0.000000
0.999991 0.004329 0.000000 48.297918 -0.004329 0.999991 0.000000 0.544189 0.000000 0.000000 1.000000 0.000000
0.999996 0.002703 0.000000 50.323838 -0.002703 0.999996 0.000000 0.547048 0.000000 0.000000 1.000000 0.000000
0.999996 0.002998 0.000000 52.314418 -0.002998 0.999996 0.000000 0.551714 0.000000 0.000000 1.000000 0.000000
0.999997 0.002574 0.000000 54.278890 -0.002574 0.999997 0.000000 0.576117 0.000000 0.000000 1.000000 0.000000
0.999997 0.002433 0.000000 56.242391 -0.002433 0.999997 0.000000 0.584596 0.000000 0.000000 1.000000 0.000000
0.999997 0.002274 0.000000 58.148469 -0.002274 0.999997 0.000000 0.565985 0.000000 0.000000 1.000000 0.000000
0.999998 0.001986 0.000000 60.092096 -0.001986 0.999998 0.000000 0.583835 0.000000 0.000000 1.000000 0.000000
0.999999 0.001706 0.000000 61.923813 -0.001706 0.999999 0.000000 0.619404 0.000000 0.000000 1.000000 0.000000
0.999997 0.002554 0.000000 63.720875 -0.002554 0.999997 0.000000 0.619095 0.000000 0.000000 1.000000 0.000000
0.999989 0.004789 0.000000 65.626893 -0.004789 0.999989 0.000000 0.630636 0.000000 0.000000 1.000000 0.000000
0.999960 0.008907 0.000000 67.410813 -0.008907 0.999960 0.000000 0.610687 0.000000 0.000000 1.000000 0.000000
0.999947 0.010337 0.000000 69.185530 -0.010337 0.999947 0.000000 0.624500 0.000000 0.000000 1.000000 0.000000
0.999922 0.012471 0.000000 71.026723 -0.012471 0.999922 0.000000 0.642769 0.000000 0.000000 1.000000 0.000000
0.999916 0.012983 0.000000 72.813746 -0.012983 0.999916 0.000000 0.591212 0.000000 0.000000 1.000000 0.000000
0.999898 0.014272 0.000000 74.638057 -0.014272 0.999898 0.000000 0.608526 0.000000 0.000000 1.000000 0.000000
0.999884 0.015261 0.000000 76.468201 -0.015261 0.999884 0.000000 0.561559 0.000000 0.000000 1.000000 0.000000
0.999872 0.016029 0.000000 78.252602 -0.016029 0.999872 0.000000 0.542288 0.000000 0.000000 1.000000 0.000000
0.999860 0.016742 0.000000 80.032234 -0.016742 0.999860 0.000000 0.522272 0.000000 0.000000 1.000000 0.000000
0.999840 0.017891 0.000000 81.840664 -0.017891 0.999840 0.000000 0.495832 0.000000 0.000000 1.000000 0.000000
0.999824 0.018746 0.000000 83.645180 -0.018746 0.999824 0.000000 0.458330 0.000000 0.000000 1.000000 0.000000
0.999801 0.019961 0.000000 85.436437 -0.019961 0.999801 0.000000 0.370652 0.000000 0.000000 1.000000 0.000000
0.999725 0.023466 0.000000 87.297619 -0.023466 0.999725 0.000000 0.323449 0.000000 0.000000 1.000000 0.000000
0.999666 0.025830 0.000000 89.162640 -0.025830 0.999666 0.000000 0.339197 0.000000 0.000000 1.000000 0.000000
0.999565 0.029492 0.000000 90.997279 -0.029492 0.999565 0.000000 0.266624 0.000000 0.000000 1.000000 0.000000
0.999417 0.034138 0.000000 92.894538 -0.034138 0.999417 0.000000 0.198389 0.000000 0.000000 1.000000 0.000000
0.999273 0.038130 0.000000 94.777042 -0.038130 0.999273 0.000000 0.156076 0.000000 0.000000 1.000000 0.000000
0.999096 0.042512 0.000000 96.701598 -0.042512 0.999096 0.000000 0.046413 0.000000 0.000000 1.000000 0.000000
0.998888 0.047155 0.000000 98.671513 -0.047155 0.998888 0.000000 -0.021921 0.000000 0.000000 1.000000 0.000000
0.998705 0.050876 0.000000 100.659895 -0.050876 0.998705 0.000000 -0.122374 0.000000 0.000000 1.000000 0.000000
0.998466 0.055376 0.000000 102.685719 -0.055376 0.998466 0.000000 -0.233024 0.000000 0.000000 1.000000 0.000000
0.998242 0.059276 0.000000 104.677080 -0.059276 0.998242 0.000000 -0.300059 0.000000 0.000000 1.000000 0.000000
0.997768 0.066774 0.000000 106.763758 -0.066774 0.997768 0.000000 -0.449088 0.000000 0.000000 1.000000 0.000000
0.997449 0.071377 0.000000 108.742864 -0.071377 0.997449 0.000000 -0.582507 0.000000 0.000000 1.000000 0.000000
0.997053 0.076720 0.000000 110.850246 -0.076720 0.997053 0.000000 -0.715129 0.000000 0.000000 1.000000 0.000000
0.996512 0.083452 0.000000 113.003335 -0.083452 0.996512 0.000000 -0.892943 0.000000 0.000000 1.000000 0.000000
0.995969 0.089693 0.000000 115.116761 -0.089693 0.995969 0.000000 -1.083241 0.000000 0.000000 1.000000 0.000000
0.995579 0.093927 0.000000 117.204397 -0.093927 0.995579 0.000000 -1.250309 0.000000 0.000000 1.000000 0.000000
0.995110 0.098776 0.000000 119.371028 -0.098776 0.995110 0.000000 -1.499792 0.000000 0.000000 1.000000 0.000000
0.994759 0.102252 0.000000 121.513399 -0.102252 0.994759 0.000000 -1.721806 0.000000 0.000000 1.000000 0.000000
0.994329 0.106349 0.000000 123.687541 -0.106349 0.994329 0.000000 -1.972532 0.000000 0.000000 1.000000 0.000000
0.994061 0.108820 0.000000 125.866698 -0.108820 0.994061 0.000000 -2.227421 0.000000 0.000000 1.000000 0.000000
0.993635 0.112647 0.000000 128.051421 -0.112647 0.993635 0.000000 -2.449805 0.000000 0.000000 1.000000 0.000000
0.993172 0.116658 0.000000 130.215532 -0.116658 0.993172 0.000000 -2.660636 0.000000 0.000000 1.000000 0.000000
0.992845 0.119413 0.000000 132.408159 -0.119413 0.992845 0.000000 -2.943437 0.000000 0.000000 1.000000 0.000000
0.992505 0.122201 0.000000 134.639613 -0.122201 0.992505 0.000000 -3.201591 0.000000 0.000000 1.000000 0.000000
0.992078 0.125623 0.000000 136.783645 -0.125623 0.992078 0.000000 -3.472507 0.000000 0.000000 1.000000 0.000000
0.991933 0.126766 0.000000 139.051266 -0.126766 0.991933 0.000000 -3.767993 0.000000 0.000000 1.000000 0.000000
0.991875 0.127213 0.000000 141.239276 -0.127213 0.991875 0.000000 -3.985318 0.000000 0.000000 1.000000 0.000000
0.991862 0.127320 0.000000 143.480480 -0.127320 0.991862 0.000000 -4.245919 0.000000 0.000000 1.000000 0.000000
0.991892 0.127082 0.000000 145.698592 -0.127082 0.991892 0.000000 -4.526620 0.000000 0.000000 1.000000 0.000000
0.991852 0.127395 0.000000 147.950132 -0.127395 0.991852 0.000000 -4.807340 0.000000 0.000000 1.000000 0.000000
0.991934 0.126758 0.000000 150.113022 -0.126758 0.991934 0.000000 -5.074670 0.000000 0.000000 1.000000 0.000000
0.991956 0.126580 0.000000 152.374065 -0.126580 0.991956 0.000000 -5.353316 0.000000 0.000000 1.000000 0.000000
0.992036 0.125951 0.000000 154.531427 -0.125951 0.992036 0.000000 -5.632505 0.000000 0.000000 1.000000 0.000000
0.992118 0.125310 0.000000 156.653839 -0.125310 0.992118 0.000000 -5.867511 0.000000 0.000000 1.000000 0.000000
0.992195 0.124695 0.000000 158.829345 -0.124695 0.992195 0.000000 -6.145610 0.000000 0.000000 1.000000 0.000000
0.992328 0.123632 0.000000 160.900007 -0.123632 0.992328 0.000000 -6.358748 0.000000 0.000000 1.000000 0.000000
0.992353 0.123434 0.000000 163.053961 -0.123434 0.992353 0.000000 -6.595249 0.000000 0.000000 1.000000 0.000000
0.992431 0.122801 0.000000 165.095508 -0.122801 0.992431 0.000000 -6.860391 0.000000 0.000000 1.000000 0.000000
0.992350 0.123459 0.000000 167.141249 -0.123459 0.992350 0.000000 -7.135373 0.000000 0.000000 1.000000 0.000000
0.992485 0.122365 0.000000 169.144506 -0.122365 0.992485 0.000000 -7.373092 0.000000 0.000000 1.000000 0.000000
0.992510 0.122167 0.000000 171.182732 -0.122167 0.992510 0.000000 -7.644018 0.000000 0.000000 1.000000 0.000000
0.992639 0.121111 0.000000 173.236632 -0.121111 0.992639 0.000000 -7.866298 0.000000 0.000000 1.000000 0.000000
0.992659 0.120948 0.000000 175.216752 -0.120948 0.992659 0.000000 -8.100869 0.000000 0.000000 1.000000 0.000000
0.992698 0.120628 0.000000 177.165793 -0.120628 0.992698 0.000000 -8.339877 0.000000 0.000000 1.000000 0.000000
0.992706 0.120558 0.000000 179.070746 -0.120558 0.992706 0.000000 -8.525171 0.000000 0.000000 1.000000 0.000000
0.992711 0.120518 0.000000 181.015206 -0.120518 0.992711 0.000000 -8.732530 0.000000 0.000000 1.000000 0.000000
0.992833 0.119508 0.000000 182.927648 -0.119508 0.992833 0.000000 -8.978412 0.000000 0.000000 1.000000 0.000000
0.992979 0.118294 0.000000 184.842079 -0.118294 0.992979 0.000000 -9.291588 0.000000 0.000000 1.000000 0.000000
0.992998 0.118129 0.000000 186.939338 -0.118129 0.992998 0.000000 -9.491472 0.000000 0.000000 1.000000 0.000000
0.992872 0.119182 0.000000 188.917387 -0.119182 0.992872 0.000000 -9.712410 0.000000 0.000000 1.000000 0.000000
0.992559 0.121765 0.000000 190.780462 -0.121765 0.992559 0.000000 -9.942898 0.000000 0.000000 1.000000 0.000000
0.992489 0.122332 0.000000 192.815126 -0.122332 0.992489 0.000000 -10.187926 0.000000 0.000000 1.000000 0.000000
0.992479 0.122417 0.000000 194.866448 -0.122417 0.992479 0.000000 -10.395124 0.000000 0.000000 1.000000 0.000000
0.992545 0.121882 0.000000 196.886772 -0.121882 0.992545 0.000000 -10.706401 0.000000 0.000000 1.000000 0.000000
0.992517 0.122106 0.000000 198.931514 -0.122106 0.992517 0.000000 -10.961057 0.000000 0.000000 1.000000 0.000000
0.992641 0.121098 0.000000 201.003094 -0.121098 0.992641 0.000000 -11.218146 0.000000 0.000000 1.000000 0.000000
0.992586 0.121547 0.000000 203.109613 -0.121547 0.992586 0.000000 -11.490261 0.000000 0.000000 1.000000 0.000000
0.992459 0.122580 0.000000 205.145995 -0.122580 0.992459 0.000000 -11.694741 0.000000 0.000000 1.000000 0.000000
0.992513 0.122138 0.000000 207.227021 -0.122138 0.992513 0.000000 -11.913700 0.000000 0.000000 1.000000 0.000000
0.992588 0.121529 0.000000 209.206181 -0.121529 0.992588 0.000000 -12.169766 0.000000 0.000000 1.000000 0.000000
0.992427 0.122832 0.000000 211.213683 -0.122832 0.992427 0.000000 -12.441029 0.000000 0.000000 1.000000 0.000000
0.992470 0.122489 0.000000 213.192203 -0.122489 0.992470 0.000000 -12.667531 0.000000 0.000000 1.000000 0.000000
0.992423 0.122869 0.000000 215.159392 -0.122869 0.992423 0.000000 -12.915928 0.000000 0.000000 1.000000 0.000000
0.992376 0.123246 0.000000 217.067821 -0.123246 0.992376 0.000000 -13.162226 0.000000 0.000000 1.000000 0.000000
0.992471 0.122476 0.000000 219.039777 -0.122476 0.992471 0.000000 -13.381355 0.000000 0.000000 1.000000 0.000000
0.992451 0.122639 0.000000 220.914981 -0.122639 0.992451 0.000000 -13.602559 0.000000 0.000000 1.000000 0.000000
0.992372 0.123281 0.000000 222.769704 -0.123281 0.992372 0.000000 -13.897426 0.000000 0.000000 1.000000 0.000000
0.992367 0.123322 0.000000 224.712580 -0.123322 0.992367 0.000000 -14.136139 0.000000 0.000000 1.000000 0.000000
0.992237 0.124359 0.000000 226.537357 -0.124359 0.992237 0.000000 -14.311332 0.000000 0.000000 1.000000 0.000000
0.992107 0.125393 0.000000 228.425692 -0.125393 0.992107 0.000000 -14.521447 0.000000 0.000000 1.000000 0.000000
0.992220 0.124500 0.000000 230.338363 -0.124500 0.992220 0.000000 -14.773615 0.000000 0.000000 1.000000 0.000000
0.992177 0.124838 0.000000 232.256852 -0.124838 0.992177 0.000000 -14.976124 0.000000 0.000000 1.000000 0.000000
0.992209 0.124584 0.000000 234.147943 -0.124584 0.992209 0.000000 -15.174917 0.000000 0.000000 1.000000 0.000000
0.992258 0.124193 0.000000 236.099106 -0.124193 0.992258 0.000000 -15.443717 0.000000 0.000000 1.000000 0.000000
0.992316 0.123730 0.000000 238.052623 -0.123730 0.992316 0.000000 -15.646939 0.000000 0.000000 1.000000 0.000000
0.992334 0.123589 0.000000 239.978583 -0.123589 0.992334 0.000000 -15.897694 0.000000 0.000000 1.000000 0.000000
0.992279 0.124030 0.000000 241.940333 -0.124030 0.992279 0.000000 -16.136757 0.000000 0.000000 1.000000 0.000000
0.992321 0.123692 0.000000 243.871242 -0.123692 0.992321 0.000000 -16.434604 0.000000 0.000000 1.000000 0.000000
0.992446 0.122685 0.000000 245.809400 -0.122685 0.992446 0.000000 -16.620328 0.000000 0.000000 1.000000 0.000000
0.992504 0.122215 0.000000 247.761427 -0.122215 0.992504 0.000000 -16.885995 0.000000 0.000000 1.000000 0.000000
0.992575 0.121636 0.000000 249.687940 -0.121636 0.992575 0.000000 -17.154612 0.000000 0.000000 1.000000 0.000000
0.992567 0.121702 0.000000 251.617784 -0.121702 0.992567 0.000000 -17.386643 0.000000 0.000000 1.000000 0.000000
0.992720 0.120446 0.000000 253.492291 -0.120446 0.992720 0.000000 -17.599876 0.000000 0.000000 1.000000 0.000000
0.992890 0.119037 0.000000 255.391157 -0.119037 0.992890 0.000000 -17.845211 0.000000 0.000000 1.000000 0.000000
0.993043 0.117756 0.000000 257.228565 -0.117756 0.993043 0.000000 -18.031920 0.000000 0.000000 1.000000 0.000000
0.993084 0.117404 0.000000 259.052938 -0.117404 0.993084 0.000000 -18.251595 0.000000 0.000000 1.000000 0.000000
0.993339 0.115231 0.000000 260.909991 -0.115231 0.993339 0.000000 -18.465338 0.000000 0.000000 1.000000 0.000000
0.993415 0.114573 0.000000 262.683161 -0.114573 0.993415 0.000000 -18.674971 0.000000 0.000000 1.000000 0.000000
0.993441 0.114348 0.000000 264.355584 -0.114348 0.993441 0.000000 -18.916943 0.000000 0.000000 1.000000 0.000000
0.993408 0.114632 0.000000 266.152036 -0.114632 0.993408 0.000000 -19.156521 0.000000 0.000000 1.000000 0.000000
0.993394 0.114750 0.000000 268.018138 -0.114750 0.993394 0.000000 -19.276457 0.000000 0.000000 1.000000 0.000000
0.993437 0.114382 0.000000 269.720116 -0.114382 0.993437 0.000000 -19.540492 0.000000 0.000000 1.000000 0.000000
0.993262 0.115889 0.000000 271.449919 -0.115889 0.993262 0.000000 -19.723794 0.000000 0.000000 1.000000 0.000000
0.993456 0.114212 0.000000 273.250376 -0.114212 0.993456 0.000000 -19.936242 0.000000 0.000000 1.000000 0.000000
0.993700 0.112069 0.000000 275.051860 -0.112069 0.993700 0.000000 -20.113878 0.000000 0.000000 1.000000 0.000000
0.993797 0.111208 0.000000 276.849922 -0.111208 0.993797 0.000000 -20.315127 0.000000 0.000000 1.000000 0.000000
0.994104 0.108428 0.000000 278.645618 -0.108428 0.994104 0.000000 -20.495684 0.000000 0.000000 1.000000 0.000000
0.994614 0.103649 0.000000 280.461426 -0.103649 0.994614 0.000000 -20.689263 0.000000 0.000000 1.000000 0.000000
0.994947 0.100402 0.000000 282.335664 -0.100402 0.994947 0.000000 -20.851177 0.000000 0.000000 1.000000 0.000000
0.995469 0.095083 0.000000 284.162152 -0.095083 0.995469 0.000000 -21.001461 0.000000 0.000000 1.000000 0.000000
0.995798 0.091576 0.000000 286.021664 -0.091576 0.995798 0.000000 -21.163497 0.000000 0.000000 1.000000 0.000000
0.996173 0.087407 0.000000 287.858594 -0.087407 0.996173 0.000000 -21.331856 0.000000 0.000000 1.000000 0.000000
0.996463 0.084032 0.000000 289.738711 -0.084032 0.996463 0.000000 -21.500708 0.000000 0.000000 1.000000 0.000000
0.996839 0.079451 0.000000 291.589585 -0.079451 0.996839 0.000000 -21.627351 0.000000 0.000000 1.000000 0.000000
0.997058 0.076649 0.000000 293.461337 -0.076649 0.997058 0.000000 -21.759098 0.000000 0.000000 1.000000 0.000000
0.997286 0.073630 0.000000 295.340701 -0.073630 0.997286 0.000000 -21.887727 0.000000 0.000000 1.000000 0.000000
0.997532 0.070214 0.000000 297.230290 -0.070214 0.997532 0.000000 -21.997879 0.000000 0.000000 1.000000 0.000000
0.997872 0.065208 0.000000 299.069999 -0.065208 0.997872 0.000000 -22.094296 0.000000 0.000000 1.000000 0.000000
0.998182 0.060272 0.000000 301.016008 -0.060272 0.998182 0.000000 -22.190830 0.000000 0.000000 1.000000 0.000000
0.998528 0.054245 0.000000 302.904150 -0.054245 0.998528 0.000000 -22.314693 0.000000 0.000000 1.000000 0.000000
0.998839 0.048173 0.000000 304.795307 -0.048173 0.998839 0.000000 -22.373179 0.000000 0.000000 1.000000 0.000000
0.999062 0.043300 0.000000 306.659468 -0.043300 0.999062 0.000000 -22.435909 0.000000 0.000000 1.000000 0.000000
0.999272 0.038146 0.000000 308.494648 -0.038146 0.999272 0.000000 -22.470081 0.000000 0.000000 1.000000 0.000000
0.999422 0.034009 0.000000 310.378159 -0.034009 0.999422 0.000000 -22.557692 0.000000 0.000000 1.000000 0.000000
0.999442 0.033405 0.000000 312.159483 -0.033405 0.999442 0.000000 -22.584663 0.000000 0.000000 1.000000 0.000000
0.999382 0.035149 0.000000 313.903538 -0.035149 0.999382 0.000000 -22.625037 0.000000 0.000000 1.000000 0.000000
0.999369 0.035529 0.000000 315.621083 -0.035529 0.999369 0.000000 -22.688635 0.000000 0.000000 1.000000 0.000000
0.999336 0.036429 0.000000 317.474003 -0.036429 0.999336 0.000000 -22.769063 0.000000 0.000000 1.000000 0.000000
0.999426 0.033890 0.000000 319.393666 -0.033890 0.999426 0.000000 -22.828185 0.000000 0.000000 1.000000 0.000000
0.999405 0.034489 0.000000 321.193637 -0.034489 0.999405 0.000000 -22.862363 0.000000 0.000000 1.000000 0.000000
0.999352 0.035985 0.000000 322.953727 -0.035985 0.999352 0.000000 -22.851895 0.000000 0.000000 1.000000 0.000000
0.999381 0.035174 0.000000 324.801090 -0.035174 0.999381 0.000000 -22.889002 0.000000 0.000000 1.000000 0.000000
0.999408 0.034405 0.000000 326.646473 -0.034405 0.999408 0.000000 -22.974618 0.000000 0.000000 1.000000 0.000000
0.999496 0.031739 0.000000 328.509044 -0.031739 0.999496 0.000000 -23.015126 0.000000 0.000000 1.000000 0.000000
0.999612 0.027851 0.000000 330.422717 -0.027851 0.999612 0.000000 -23.070395 0.000000 0.000000 1.000000 0.000000
0.999691 0.024842 0.000000 332.328860 -0.024842 0.999691 0.000000 -23.144650 0.000000 0.000000 1.000000 0.000000
0.999782 0.020899 0.000000 334.199716 -0.020899 0.999782 0.000000 -23.168723 0.000000 0.000000 1.000000 0.000000
0.999828 0.018530 0.000000 336.098212 -0.018530 0.999828 0.000000 -23.186255 0.000000 0.000000 1.000000 0.000000
0.999889 0.014883 0.000000 338.075114 -0.014883 0.999889 0.000000 -23.163067 0.000000 0.000000 1.000000 0.000000
0.999945 0.010490 0.000000 340.012230 -0.010490 0.999945 0.000000 -23.200281 0.000000 0.000000 1.000000 0.000000
0.999974 0.007214 0.000000 341.975856 -0.007214 0.999974 0.000000 -23.204579 0.000000 0.000000 1.000000 0.000000
0.999986 0.005353 0.000000 343.976896 -0.005353 0.999986 0.000000 -23.202174 0.000000 0.000000 1.000000 0.000000
0.999987 0.005136 0.000000 345.982906 -0.005136 0.999987 0.000000 -23.174278 0.000000 0.000000 1.000000 0.000000
0.999988 0.004892 0.000000 347.983081 -0.004892 0.999988 0.000000 -23.189770 0.000000 0.000000 1.000000 0.000000
0.999991 0.004131 0.000000 350.029783 -0.004131 0.999991 0.000000 -23.201696 0.000000 0.000000 1.000000 0.000000
0.999998 0.002074 0.000000 352.095625 -0.002074 0.999998 0.000000 -23.196864 0.000000 0.000000 1.000000 0.000000
1.000000 0.000543 0.000000 354.133701 -0.000543 1.000000 0.000000 -23.181848 0.000000 0.000000 1.000000 0.000000
1.000000 -0.000633 0.000000 356.184652 0.000633 1.000000 0.000000 -23.189026 0.000000 0.000000 1.000000 0.000000
0.999999 -0.001081 0.000000 358.302342 0.001081 0.999999 0.000000 -23.139554 0.000000 0.000000 1.000000 0.000000
0.999999 -0.001574 0.000000 360.382523 0.001574 0.999999 0.000000 -23.155858 0.000000 0.000000 1.000000 0.000000
0.999999 -0.001320 0.000000 362.478864 0.001320 0.999999 0.000000 -23.135040 0.000000 0.000000 1.000000 0.000000
0.999999 -0.001642 0.000000 364.553268 0.001642 0.999999 0.000000 -23.121930 0.000000 0.000000 1.000000 0.000000
0.999996 -0.002942 0.000000 366.720123 0.002942 0.999996 0.000000 -23.086204 0.000000 0.000000 1.000000 0.000000
0.999996 -0.002805 0.000000 368.884065 0.002805 0.999996 0.000000 -23.072267 0.000000 0.000000 1.000000 0.000000
0.999993 -0.003664 0.000000 371.016241 0.003664 0.999993 0.000000 -23.055538 0.000000 0.000000 1.000000 0.000000
0.999985 -0.005496 0.000000 373.125209 0.005496 0.999985 0.000000 -23.063988 0.000000 0.000000 1.000000 0.000000
0.999974 -0.007183 0.000000 375.280771 0.007183 0.999974 0.000000 -23.017232 0.000000 0.000000 1.000000 0.000000
0.999964 -0.008525 0.000000 377.595930 0.008525 0.999964 0.000000 -22.962251 0.000000 0.000000 1.000000 0.000000
0.999935 -0.011377 0.000000 379.706735 0.011377 0.999935 0.000000 -22.911696 0.000000 0.000000 1.000000 0.000000
0.999915 -0.013070 0.000000 381.875970 0.013070 0.999915 0.000000 -22.898684 0.000000 0.000000 1.000000 0.000000
0.999885 -0.015147 0.000000 384.185616 0.015147 0.999885 0.000000 -22.878942 0.000000 0.000000 1.000000 0.000000
0.999844 -0.017669 0.000000 386.381739 0.017669 0.999844 0.000000 -22.791198 0.000000 0.000000 1.000000 0.000000
0.999808 -0.019586 0.000000 388.633175 0.019586 0.999808 0.000000 -22.793980 0.000000 0.000000 1.000000 0.000000
0.999771 -0.021385 0.000000 390.847798 0.021385 0.999771 0.000000 -22.707637 0.000000 0.000000 1.000000 0.000000
0.999744 -0.022639 0.000000 393.085793 0.022639 0.999744 0.000000 -22.620800 0.000000 0.000000 1.000000 0.000000
0.999670 -0.025692 0.000000 395.239021 0.025692 0.999670 0.000000 -22.571621 0.000000 0.000000 1.000000 0.000000
0.999629 -0.027245 0.000000 397.430677 0.027245 0.999629 0.000000 -22.547036 0.000000 0.000000 1.000000 0.000000
0.999547 -0.030103 0.000000 399.498893 0.030103 0.999547 0.000000 -22.452421 0.000000 0.000000 1.000000 0.000000
0.999460 -0.032846 0.000000 401.588742 0.032846 0.999460 0.000000 -22.367626 0.000000 0.000000 1.000000 0.000000
0.999319 -0.036895 0.000000 403.678936 0.036895 0.999319 0.000000 -22.292967 0.000000 0.000000 1.000000 0.000000
0.999143 -0.041387 0.000000 405.784280 0.041387 0.999143 0.000000 -22.210128 0.000000 0.000000 1.000000 0.000000
0.998967 -0.045442 0.000000 407.844774 0.045442 0.998967 0.000000 -22.115369 0.000000 0.000000 1.000000 0.000000
0.998756 -0.049870 0.000000 409.909709 0.049870 0.998756 0.000000 -21.995752 0.000000 0.000000 1.000000 0.000000
0.998531 -0.054177 0.000000 411.955043 0.054177 0.998531 0.000000 -21.910075 0.000000 0.000000 1.000000 0.000000
0.998327 -0.057812 0.000000 414.032053 0.057812 0.998327 0.000000 -21.740623 0.000000 0.000000 1.000000 0.000000
0.998095 -0.061688 0.000000 416.115660 0.061688 0.998095 0.000000 -21.587924 0.000000 0.000000 1.000000 0.000000
0.998024 -0.062838 0.000000 418.178130 0.062838 0.998024 0.000000 -21.490282 0.000000 0.000000 1.000000 0.000000
0.997827 -0.065884 0.000000 420.221721 0.065884 0.997827 0.000000 -21.329879 0.000000 0.000000 1.000000 0.000000
0.997645 -0.068588 0.000000 422.334624 0.068588 0.997645 0.000000 -21.149846 0.000000 0.000000 1.000000 0.000000
0.997434 -0.071591 0.000000 424.439836 0.071591 0.997434 0.000000 -20.987691 0.000000 0.000000 1.000000 0.000000
0.997155 -0.075376 0.000000 426.551253 0.075376 0.997155 0.000000 -20.816826 0.000000 0.000000 1.000000 0.000000
0.996783 -0.080152 0.000000 428.692072 0.080152 0.996783 0.000000 -20.672002 0.000000 0.000000 1.000000 0.000000
0.996390 -0.084898 0.000000 430.758278 0.084898 0.996390 0.000000 -20.464756 0.000000 0.000000 1.000000 0.000000
0.996101 -0.088215 0.000000 432.841557 0.088215 0.996101 0.000000 -20.280738 0.000000 0.000000 1.000000 0.000000
0.995660 -0.093063 0.000000 434.927533 0.093063 0.995660 0.000000 -20.011799 0.000000 0.000000 1.000000 0.000000
0.995292 -0.096924 0.000000 436.967331 0.096924 0.995292 0.000000 -19.826093 0.000000 0.000000 1.000000 0.000000
0.994907 -0.100800 0.000000 438.945356 0.100800 0.994907 0.000000 -19.592875 0.000000 0.000000 1.000000 0.000000
0.994459 -0.105122 0.000000 440.904258 0.105122 0.994459 0.000000 -19.373517 0.000000 0.000000 1.000000 0.000000
0.994109 -0.108386 0.000000 442.871327 0.108386 0.994109 0.000000 -19.167828 0.000000 0.000000 1.000000 0.000000
0.993711 -0.111971 0.000000 444.779465 0.111971 0.993711 0.000000 -18.920526 0.000000 0.000000 1.000000 0.000000
0.993138 -0.116948 0.000000 446.573148 0.116948 0.993138 0.000000 -18.739444 0.000000 0.000000 1.000000 0.000000
0.992595 -0.121469 0.000000 448.478000 0.121469 0.992595 0.000000 -18.488555 0.000000 0.000000 1.000000 0.000000
0.992315 -0.123734 0.000000 450.398045 0.123734 0.992315 0.000000 -18.245116 0.000000 0.000000 1.000000 0.000000
0.992002 -0.126222 0.000000 452.225167 0.126222 0.992002 0.000000 -17.995143 0.000000 0.000000 1.000000 0.000000
0.991388 -0.130960 0.000000 453.945383 0.130960 0.991388 0.000000 -17.720195 0.000000 0.000000 1.000000 0.000000
0.990994 -0.133904 0.000000 455.866615 0.133904 0.990994 0.000000 -17.446820 0.000000 0.000000 1.000000 0.000000
0.990612 -0.136707 0.000000 457.803261 0.136707 0.990612 0.000000 -17.202051 0.000000 0.000000 1.000000 0.000000
0.990017 -0.140946 0.000000 459.635846 0.140946 0.990017 0.000000 -16.942197 0.000000 0.000000 1.000000 0.000000
0.989737 -0.142904 0.000000 461.512042 0.142904 0.989737 0.000000 -16.646508 0.000000 0.000000 1.000000 0.000000
0.989255 -0.146199 0.000000 463.363618 0.146199 0.989255 0.000000 -16.323220 0.000000 0.000000 1.000000 0.000000
0.988821 -0.149108 0.000000 465.286412 0.149108 0.988821 0.000000 -16.095877 0.000000 0.000000 1.000000 0.000000
0.988209 -0.153108 0.000000 467.204393 0.153108 0.988209 0.000000 -15.833682 0.000000 0.000000 1.000000 0.000000
0.987659 -0.156620 0.000000 469.077357 0.156620 0.987659 0.000000 -15.466437 0.000000 0.000000 1.000000 0.000000
0.987071 -0.160282 0.000000 471.019471 0.160282 0.987071 0.000000 -15.111062 0.000000 0.000000 1.000000 0.000000
0.986512 -0.163689 0.000000 472.883955 0.163689 0.986512 0.000000 -14.843262 0.000000 0.000000 1.000000 0.000000
0.985763 -0.168144 0.000000 474.766849 0.168144 0.985763 0.000000 -14.511041 0.000000 0.000000 1.000000 0.000000
0.985156 -0.171661 0.000000 476.599170 0.171661 0.985156 0.000000 -14.141652 0.000000 0.000000 1.000000 0.000000
0.984444 -0.175697 0.000000 478.350495 0.175697 0.984444 0.000000 -13.874171 0.000000 0.000000 1.000000 0.000000
0.984018 -0.178070 0.000000 480.192514 0.178070 0.984018 0.000000 -13.522993 0.000000 0.000000 1.000000 0.000000
0.983367 -0.181629 0.000000 481.911489 0.181629 0.983367 0.000000 -13.144080 0.000000 0.000000 1.000000 0.000000
0.982334 -0.187138 0.000000 483.613350 0.187138 0.982334 0.000000 -12.843610 0.000000 0.000000 1.000000 0.000000
0.981689 -0.190492 0.000000 485.446865 0.190492 0.981689 0.000000 -12.452989 0.000000 0.000000 1.000000 0.000000
0.981096 -0.193524 0.000000 487.206119 0.193524 0.981096 0.000000 -12.114280 0.000000 0.000000 1.000000 0.000000
0.980627 -0.195886 0.000000 489.008621 0.195886 0.980627 0.000000 -11.666817 0.000000 0.000000 1.000000 0.000000
0.979916 -0.199412 0.000000 490.802270 0.199412 0.979916 0.000000 -11.319115 0.000000 0.000000 1.000000 0.000000
0.979839 -0.199787 0.000000 492.675524 0.199787 0.979839 0.000000 -10.954651 0.000000 0.000000 1.000000 0.000000
0.979790 -0.200028 0.000000 494.452500 0.200028 0.979790 0.000000 -10.575469 0.000000 0.000000 1.000000 0.000000
0.979479 -0.201546 0.000000 496.301830 0.201546 0.979479 0.000000 -10.198700 0.000000 0.000000 1.000000 0.000000
0.979435 -0.201760 0.000000 498.150993 0.201760 0.979435 0.000000 -9.824458 0.000000 0.000000 1.000000 0.000000
0.979133 -0.203221 0.000000 499.949365 0.203221 0.979133 0.000000 -9.461337 0.000000 0.000000 1.000000 0.000000
0.978745 -0.205083 0.000000 501.850048 0.205083 0.978745 0.000000 -9.033761 0.000000 0.000000 1.000000 0.000000
0.977676 -0.210117 0.000000 503.715445 0.210117 0.977676 0.000000 -8.607714 0.000000 0.000000 1.000000 0.000000
0.976891 -0.213736 0.000000 505.688309 0.213736 0.976891 0.000000 -8.204501 0.000000 0.000000 1.000000 0.000000
0.975867 -0.218368 0.000000 507.566934 0.218368 0.975867 0.000000 -7.732424 0.000000 0.000000 1.000000 0.000000
0.975063 -0.221927 0.000000 509.488376 0.221927 0.975063 0.000000 -7.266037 0.000000 0.000000 1.000000 0.000000
0.974691 -0.223558 0.000000 511.407426 0.223558 0.974691 0.000000 -6.832327 0.000000 0.000000 1.000000 0.000000
0.974120 -0.226032 0.000000 513.356520 0.226032 0.974120 0.000000 -6.416972 0.000000 0.000000 1.000000 0.000000
0.973712 -0.227783 0.000000 515.367516 0.227783 0.973712 0.000000 -5.934506 0.000000 0.000000 1.000000 0.000000
0.973391 -0.229150 0.000000 517.254452 0.229150 0.973391 0.000000 -5.448717 0.000000 0.000000 1.000000 0.000000
0.972749 -0.231859 0.000000 519.241161 0.231859 0.972749 0.000000 -4.987516 0.000000 0.000000 1.000000 0.000000
0.971964 -0.235129 0.000000 521.175092 0.235129 0.971964 0.000000 -4.478775 0.000000 0.000000 1.000000 0.000000
0.971047 -0.238890 0.000000 523.073626 0.238890 0.971047 0.000000 -4.050434 0.000000 0.000000 1.000000 0.000000
0.969913 -0.243451 0.000000 524.926436 0.243451 0.969913 0.000000 -3.586134 0.000000 0.000000 1.000000 0.000000
0.968734 -0.248102 0.000000 526.773576 0.248102 0.968734 0.000000 -3.097985 0.000000 0.000000 1.000000 0.000000
0.967463 -0.253013 0.000000 528.579944 0.253013 0.967463 0.000000 -2.640367 0.000000 0.000000 1.000000 0.000000
0.966218 -0.257724 0.000000 530.400578 0.257724 0.966218 0.000000 -2.117290 0.000000 0.000000 1.000000 0.000000
0.964617 -0.263656 0.000000 532.150694 0.263656 0.964617 0.000000 -1.656507 0.000000 0.000000 1.000000 0.000000
0.963135 -0.269019 0.000000 533.916211 0.269019 0.963135 0.000000 -1.184837 0.000000 0.000000 1.000000 0.000000
0.961688 -0.274145 0.000000 535.672396 0.274145 0.961688 0.000000 -0.698969 0.000000 0.000000 1.000000 0.000000
0.960034 -0.279884 0.000000 537.344423 0.279884 0.960034 0.000000 -0.207918 0.000000 0.000000 1.000000 0.000000
0.959094 -0.283089 0.000000 539.010405 0.283089 0.959094 0.000000 0.268179 0.000000 0.000000 1.000000 0.000000
0.958289 -0.285801 0.000000 540.702649 0.285801 0.958289 0.000000 0.780450 0.000000 0.000000 1.000000 0.000000
0.957831 -0.287333 0.000000 542.309162 0.287333 0.957831 0.000000 1.204536 0.000000 0.000000 1.000000 0.000000
0.957206 -0.289407 0.000000 543.899778 0.289407 0.957206 0.000000 1.795878 0.000000 0.000000 1.000000 0.000000
0.956497 -0.291743 0.000000 545.501667 0.291743 0.956497 0.000000 2.240874 0.000000 0.000000 1.000000 0.000000
0.956280 -0.292452 0.000000 547.114012 0.292452 0.956280 0.000000 2.759977 0.000000 0.000000 1.000000 0.000000
0.955647 -0.294514 0.000000 548.623590 0.294514 0.955647 0.000000 3.199005 0.000000 0.000000 1.000000 0.000000
0.955261 -0.295763 0.000000 550.169385 0.295763 0.955261 0.000000 3.710766 0.000000 0.000000 1.000000 0.000000
0.955462 -0.295115 0.000000 551.693705 0.295115 0.955462 0.000000 4.192380 0.000000 0.000000 1.000000 0.000000
0.957331 -0.288993 0.000000 553.117158 0.288993 0.957331 0.000000 4.600987 0.000000 0.000000 1.000000 0.000000
0.959665 -0.281146 0.000000 554.553924 0.281146 0.959665 0.000000 5.031178 0.000000 0.000000 1.000000 0.000000
0.964721 -0.263276 0.000000 555.874605 0.263276 0.964721 0.000000 5.451871 0.000000 0.000000 1.000000 0.000000
0.971853 -0.235589 0.000000 557.202238 0.235589 0.971853 0.000000 5.753784 0.000000 0.000000 1.000000 0.000000
0.979594 -0.200987 0.000000 558.512064 0.200987 0.979594 0.000000 5.978540 0.000000 0.000000 1.000000 0.000000
0.988187 -0.153250 0.000000 559.667173 0.153250 0.988187 0.000000 6.085329 0.000000 0.000000 1.000000 0.000000
0.995398 -0.095827 0.000000 560.805332 0.095827 0.995398 0.000000 6.128017 0.000000 0.000000 1.000000 0.000000
0.999589 -0.028664 0.000000 561.850827 0.028664 0.999589 0.000000 6.066813 0.000000 0.000000 1.000000 0.000000
0.999154 0.041125 0.000000 562.852600 -0.041125 0.999154 0.000000 5.927804 0.000000 0.000000 1.000000 0.000000
0.992922 0.118771 0.000000 563.914850 -0.118771 0.992922 0.000000 5.747087 0.000000 0.000000 1.000000 0.000000
0.978861 0.204527 0.000000 564.799253 -0.204527 0.978861 0.000000 5.406667 0.000000 0.000000 1.000000 0.000000
0.953084 0.302705 0.000000 565.693352 -0.302705 0.953084 0.000000 4.993423 0.000000 0.000000 1.000000 0.000000
0.915292 0.402790 0.000000 566.544349 -0.402790 0.915292 0.000000 4.545512 0.000000 0.000000 1.000000 0.000000
0.861181 0.508298 0.000000 567.368050 -0.508298 0.861181 0.000000 3.923117 0.000000 0.000000 1.000000 0.000000
0.789201 0.614135 0.000000 568.005429 -0.614135 0.789201 0.000000 3.237476 0.000000 0.000000 1.000000 0.000000
0.701649 0.712523 0.000000 568.601437 -0.712523 0.701649 0.000000 2.471126 0.000000 0.000000 1.000000 0.000000
0.600347 0.799740 0.000000 569.077035 -0.799740 0.600347 0.000000 1.609947 0.000000 0.000000 1.000000 0.000000
0.486404 0.873734 0.000000 569.452626 -0.873734 0.486404 0.000000 0.632434 0.000000 0.000000 1.000000 0.000000
0.365513 0.930806 0.000000 569.633768 -0.930806 0.365513 0.000000 -0.255132 0.000000 0.000000 1.000000 0.000000
0.251176 0.967941 0.000000 569.696826 -0.967941 0.251176 0.000000 -1.316229 0.000000 0.000000 1.000000 0.000000
0.155991 0.987758 0.000000 569.774645 -0.987758 0.155991 0.000000 -2.446423 0.000000 0.000000 1.000000 0.000000
0.093843 0.995587 0.000000 569.827986 -0.995587 0.093843 0.000000 -3.548731 0.000000 0.000000 1.000000 0.000000
0.052059 0.998644 0.000000 569.942286 -0.998644 0.052059 0.000000 -4.676582 0.000000 0.000000 1.000000 0.000000
0.024265 0.999706 0.000000 570.037717 -0.999706 0.024265 0.000000 -6.020113 0.000000 0.000000 1.000000 0.000000
0.005337 0.999986 0.000000 570.094324 -0.999986 0.005337 0.000000 -7.371847 0.000000 0.000000 1.000000 0.000000
-0.007738 0.999970 0.000000 570.058456 -0.999970 -0.007738 0.000000 -8.708189 0.000000 0.000000 1.000000 0.000000
-0.014790 0.999891 0.000000 570.075509 -0.999891 -0.014790 0.000000 -10.034879 0.000000 0.000000 1.000000 0.000000
-0.018892 0.999822 0.000000 570.025505 -0.999822 -0.018892 0.000000 -11.456202 0.000000 0.000000 1.000000 0.000000
-0.019223 0.999815 0.000000 569.981554 -0.999815 -0.019223 0.000000 -12.885249 0.000000 0.000000 1.000000 0.000000
-0.017387 0.999849 0.000000 569.957928 -0.999849 -0.017387 0.000000 -14.378722 0.000000 0.000000 1.000000 0.000000
-0.017005 0.999855 0.000000 569.937832 -0.999855 -0.017005 0.000000 -15.881850 0.000000 0.000000 1.000000 0.000000
-0.016069 0.999871 0.000000 569.926627 -0.999871 -0.016069 0.000000 -17.446984 0.000000 0.000000 1.000000 0.000000
-0.014274 0.999898 0.000000 569.897990 -0.999898 -0.014274 0.000000 -18.999045 0.000000 0.000000 1.000000 0.000000
-0.013998 0.999902 0.000000 569.915771 -0.999902 -0.013998 0.000000 -20.620415 0.000000 0.000000 1.000000 0.000000
-0.014361 0.999897 0.000000 569.882847 -0.999897 -0.014361 0.000000 -22.309392 0.000000 0.000000 1.000000 0.000000
-0.015537 0.999879 0.000000 569.874338 -0.999879 -0.015537 0.000000 -23.922429 0.000000 0.000000 1.000000 0.000000
-0.016564 0.999863 0.000000 569.833397 -0.999863 -0.016564 0.000000 -25.635815 0.000000 0.000000 1.000000 0.000000
-0.018348 0.999832 0.000000 569.822350 -0.999832 -0.018348 0.000000 -27.396380 0.000000 0.000000 1.000000 0.000000
-0.019738 0.999805 0.000000 569.782548 -0.999805 -0.019738 0.000000 -29.108126 0.000000 0.000000 1.000000 0.000000
-0.019814 0.999804 0.000000 569.751968 -0.999804 -0.019814 0.000000 -30.904508 0.000000 0.000000 1.000000 0.000000
-0.019356 0.999813 0.000000 569.710783 -0.999813 -0.019356 0.000000 -32.727029 0.000000 0.000000 1.000000 0.000000
-0.017028 0.999855 0.000000 569.723306 -0.999855 -0.017028 0.000000 -34.558426 0.000000 0.000000 1.000000 0.000000
-0.015043 0.999887 0.000000 569.665389 -0.999887 -0.015043 0.000000 -36.474073 0.000000 0.000000 1.000000 0.000000
-0.013161 0.999913 0.000000 569.629328 -0.999913 -0.013161 0.000000 -38.375013 0.000000 0.000000 1.000000 0.000000
-0.011867 0.999930 0.000000 569.604487 -0.999930 -0.011867 0.000000 -40.247029 0.000000 0.000000 1.000000 0.000000
-0.012123 0.999927 0.000000 569.612920 -0.999927 -0.012123 0.000000 -42.220139 0.000000 0.000000 1.000000 0.000000
-0.010438 0.999946 0.000000 569.571819 -0.999946 -0.010438 0.000000 -44.228939 0.000000 0.000000 1.000000 0.000000
-0.010420 0.999946 0.000000 569.516901 -0.999946 -0.010420 0.000000 -46.169155 0.000000 0.000000 1.000000 0.000000
-0.011599 0.999933 0.000000 569.535111 -0.999933 -0.011599 0.000000 -48.209303 0.000000 0.000000 1.000000 0.000000
-0.013022 0.999915 0.000000 569.525364 -0.999915 -0.013022 0.000000 -50.231751 0.000000 0.000000 1.000000 0.000000
-0.014742 0.999891 0.000000 569.496280 -0.999891 -0.014742 0.000000 -52.272679 0.000000 0.000000 1.000000 0.000000
-0.015429 0.999881 0.000000 569.480382 -0.999881 -0.015429 0.000000 -54.315997 0.000000 0.000000 1.000000 0.000000
-0.015728 0.999876 0.000000 569.475064 -0.999876 -0.015728 0.000000 -56.349870 0.000000 0.000000 1.000000 0.000000
-0.015621 0.999878 0.000000 569.502508 -0.999878 -0.015621 0.000000 -58.296588 0.000000 0.000000 1.000000 0.000000
-0.016018 0.999872 0.000000 569.442043 -0.999872 -0.016018 0.000000 -60.276200 0.000000 0.000000 1.000000 0.000000
-0.017049 0.999855 0.000000 569.361138 -0.999855 -0.017049 0.000000 -62.173871 0.000000 0.000000 1.000000 0.000000
-0.014895 0.999889 0.000000 569.377080 -0.999889 -0.014895 0.000000 -64.087501 0.000000 0.000000 1.000000 0.000000
-0.012528 0.999922 0.000000 569.349906 -0.999922 -0.012528 0.000000 -65.949848 0.000000 0.000000 1.000000 0.000000
-0.011574 0.999933 0.000000 569.347994 -0.999933 -0.011574 0.000000 -67.640269 0.000000 0.000000 1.000000 0.000000
-0.013150 0.999914 0.000000 569.378645 -0.999914 -0.013150 0.000000 -69.206268 0.000000 0.000000 1.000000 0.000000
-0.013331 0.999911 0.000000 569.335330 -0.999911 -0.013331 0.000000 -70.793605 0.000000 0.000000 1.000000 0.000000
-0.014528 0.999894 0.000000 569.396724 -0.999894 -0.014528 0.000000 -72.293821 0.000000 0.000000 1.000000 0.000000
-0.013935 0.999903 0.000000 569.312389 -0.999903 -0.013935 0.000000 -73.741980 0.000000 0.000000 1.000000 0.000000
-0.012200 0.999926 0.000000 569.295434 -0.999926 -0.012200 0.000000 -75.220127 0.000000 0.000000 1.000000 0.000000
