1.000000 0.000000 0.000000 0.000000 0.000000 1.000000 0.000000 0.000000 0.000000 0.000000 1.000000 0.000000
1.000000 0.000109 0.000000 0.002121 -0.000109 1.000000 0.000000 -0.007837 0.000000 0.000000 1.000000 0.000000
1.000000 0.000083 0.000000 0.006231 -0.000083 1.000000 0.000000 -0.002591 0.000000 0.000000 1.000000 0.000000
1.000000 0.000021 0.000000 0.007687 -0.000021 1.000000 0.000000 -0.000133 0.000000 0.000000 1.000000 0.000000
1.000000 0.000072 0.000000 0.006346 -0.000072 1.000000 0.000000 -0.003109 0.000000 0.000000 1.000000 0.000000
1.000000 0.000059 0.000000 0.005146 -0.000059 1.000000 0.000000 -0.005251 0.000000 0.000000 1.000000 0.000000
1.000000 0.000077 0.000000 0.005510 -0.000077 1.000000 0.000000 -0.002439 0.000000 0.000000 1.000000 0.000000
1.000000 0.000062 0.000000 0.008152 -0.000062 1.000000 0.000000 0.003486 0.000000 0.000000 1.000000 0.000000
1.000000 0.000045 0.000000 0.010221 -0.000045 1.000000 0.000000 -0.000318 0.000000 0.000000 1.000000 0.000000
1.000000 0.000168 0.000000 0.003558 -0.000168 1.000000 0.000000 -0.001091 0.000000 0.000000 1.000000 0.000000
1.000000 0.000137 0.000000 0.003575 -0.000137 1.000000 0.000000 0.001888 0.000000 0.000000 1.000000 0.000000
1.000000 -0.000015 0.000000 0.004551 0.000015 1.000000 0.000000 -0.000614 0.000000 0.000000 1.000000 0.000000
1.000000 0.000073 0.000000 0.003529 -0.000073 1.000000 0.000000 0.000970 0.000000 0.000000 1.000000 0.000000
1.000000 0.000053 0.000000 -0.003482 -0.000053 1.000000 0.000000 -0.001909 0.000000 0.000000 1.000000 0.000000
1.000000 0.000091 0.000000 0.006026 -0.000091 1.000000 0.000000 0.001586 0.000000 0.000000 1.000000 0.000000
1.000000 0.000141 0.000000 0.000567 -0.000141 1.000000 0.000000 0.002707 0.000000 0.000000 1.000000 0.000000
1.000000 0.000125 0.000000 0.008012 -0.000125 1.000000 0.000000 0.001266 0.000000 0.000000 1.000000 0.000000
1.000000 0.000060 0.000000 0.003475 -0.000060 1.000000 0.000000 -0.000371 0.000000 0.000000 1.000000 0.000000
1.000000 0.000020 0.000000 0.000209 -0.000020 1.000000 0.000000 0.001927 0.000000 0.000000 1.000000 0.000000
1.000000 0.000097 0.000000 0.003724 -0.000097 1.000000 0.000000 0.003957 0.000000 0.000000 1.000000 0.000000
1.000000 0.000113 0.000000 -0.006966 -0.000113 1.000000 0.000000 0.002878 0.000000 0.000000 1.000000 0.000000
1.000000 0.000117 0.000000 0.001646 -0.000117 1.000000 0.000000 0.004446 0.000000 0.000000 1.000000 0.000000
1.000000 0.000092 0.000000 -0.000533 -0.000092 1.000000 0.000000 0.000304 0.000000 0.000000 1.000000 0.000000
1.000000 -0.000000 0.000000 0.004002 0.000000 1.000000 0.000000 -0.003307 0.000000 0.000000 1.000000 0.000000
1.000000 0.000123 0.000000 -0.001865 -0.000123 1.000000 0.000000 -0.003800 0.000000 0.000000 1.000000 0.000000
1.000000 0.000127 0.000000 0.003709 -0.000127 1.000000 0.000000 -0.003082 0.000000 0.000000 1.000000 0.000000
1.000000 0.000017 0.000000 0.000992 -0.000017 1.000000 0.000000 0.002385 0.000000 0.000000 1.000000 0.000000
1.000000 0.000097 0.000000 0.001900 -0.000097 1.000000 0.000000 -0.000643 0.000000 0.000000 1.000000 0.000000
1.000000 0.000107 0.000000 0.004772 -0.000107 1.000000 0.000000 0.002554 0.000000 0.000000 1.000000 0.000000
1.000000 0.000052 0.000000 0.002685 -0.000052 1.000000 0.000000 0.000465 0.000000 0.000000 1.000000 0.000000
1.000000 0.000034 0.000000 0.014770 -0.000034 1.000000 0.000000 0.002832 0.000000 0.000000 1.000000 0.000000
1.000000 -0.000063 0.000000 0.047011 0.000063 1.000000 0.000000 0.012031 0.000000 0.000000 1.000000 0.000000
1.000000 0.000155 0.000000 0.105625 -0.000155 1.000000 0.000000 0.007002 0.000000 0.000000 1.000000 0.000000
1.000000 -0.000048 0.000000 0.152772 0.000048 1.000000 0.000000 0.010185 0.000000 0.000000 1.000000 0.000000
1.000000 -0.000296 0.000000 0.266979 0.000296 1.000000 0.000000 0.011654 0.000000 0.000000 1.000000 0.000000
1.000000 -0.000489 0.000000 0.323150 0.000489 1.000000 0.000000 0.011424 0.000000 0.000000 1.000000 0.000000
1.000000 -0.000419 0.000000 0.509593 0.000419 1.000000 0.000000 0.017456 0.000000 0.000000 1.000000 0.000000
1.000000 -0.000370 0.000000 0.582757 0.000370 1.000000 0.000000 0.018064 0.000000 0.000000 1.000000 0.000000
1.000000 -0.000601 0.000000 0.663269 0.000601 1.000000 0.000000 0.007023 0.000000 0.000000 1.000000 0.000000
0.999999 -0.001124 0.000000 0.939315 0.001124 0.999999 0.000000 0.032007 0.000000 0.000000 1.000000 0.000000
1.000000 -0.000509 0.000000 1.222229 0.000509 1.000000 0.000000 0.016108 0.000000 0.000000 1.000000 0.000000
1.000000 -0.000527 0.000000 1.851868 0.000527 1.000000 0.000000 0.044287 0.000000 0.000000 1.000000 0.000000
1.000000 -0.000193 0.000000 2.122185 0.000193 1.000000 0.000000 0.048023 0.000000 0.000000 1.000000 0.000000
1.000000 0.000017 0.000000 2.369910 -0.000017 1.000000 0.000000 0.053387 0.000000 0.000000 1.000000 0.000000
1.000000 -0.000144 0.000000 2.617451 0.000144 1.000000 0.000000 0.081371 0.000000 0.000000 1.000000 0.000000
1.000000 0.000020 0.000000 2.868463 -0.000020 1.000000 0.000000 0.069781 0.000000 0.000000 1.000000 0.000000
1.000000 0.000104 0.000000 3.191982 -0.000104 1.000000 0.000000 0.067646 0.000000 0.000000 1.000000 0.000000
1.000000 0.000573 0.000000 3.650521 -0.000573 1.000000 0.000000 0.078296 0.000000 0.000000 1.000000 0.000000
0.999999 0.001352 0.000000 4.004897 -0.001352 0.999999 0.000000 0.095735 0.000000 0.000000 1.000000 0.000000
0.999998 0.001734 0.000000 4.374864 -0.001734 0.999998 0.000000 0.102092 0.000000 0.000000 1.000000 0.000000
0.999999 0.001502 0.000000 4.746147 -0.001502 0.999999 0.000000 0.101486 0.000000 0.000000 1.000000 0.000000
0.999998 0.002134 0.000000 5.200022 -0.002134 0.999998 0.000000 0.136456 0.000000 0.000000 1.000000 0.000000
0.999997 0.002496 0.000000 5.561661 -0.002496 0.999997 0.000000 0.169982 0.000000 0.000000 1.000000 0.000000
0.999995 0.003116 0.000000 5.856259 -0.003116 0.999995 0.000000 0.138162 0.000000 0.000000 1.000000 0.000000
0.999970 0.007713 0.000000 6.192303 -0.007713 0.999970 0.000000 0.147830 0.000000 0.000000 1.000000 0.000000
0.999744 0.022632 0.000000 6.604767 -0.022632 0.999744 0.000000 0.123349 0.000000 0.000000 1.000000 0.000000
0.999387 0.035010 0.000000 7.080990 -0.035010 0.999387 0.000000 0.113011 0.000000 0.000000 1.000000 0.000000
0.999195 0.040128 0.000000 7.452492 -0.040128 0.999195 0.000000 0.124387 0.000000 0.000000 1.000000 0.000000
0.999139 0.041479 0.000000 7.803095 -0.041479 0.999139 0.000000 0.145988 0.000000 0.000000 1.000000 0.000000
0.999209 0.039779 0.000000 8.204137 -0.039779 0.999209 0.000000 0.154040 0.000000 0.000000 1.000000 0.000000
0.999259 0.038500 0.000000 8.635493 -0.038500 0.999259 0.000000 0.134353 0.000000 0.000000 1.000000 0.000000
0.999294 0.037567 0.000000 9.074107 -0.037567 0.999294 0.000000 0.162434 0.000000 0.000000 1.000000 0.000000
0.999390 0.034919 0.000000 9.442658 -0.034919 0.999390 0.000000 0.185020 0.000000 0.000000 1.000000 0.000000
0.999512 0.031222 0.000000 9.786757 -0.031222 0.999512 0.000000 0.207593 0.000000 0.000000 1.000000 0.000000
0.999651 0.026435 0.000000 10.188255 -0.026435 0.999651 0.000000 0.190147 0.000000 0.000000 1.000000 0.000000
0.999710 0.024091 0.000000 10.580297 -0.024091 0.999710 0.000000 0.185986 0.000000 0.000000 1.000000 0.000000
0.999785 0.020754 0.000000 10.909157 -0.020754 0.999785 0.000000 0.211643 0.000000 0.000000 1.000000 0.000000
0.999897 0.014352 0.000000 11.269213 -0.014352 0.999897 0.000000 0.213449 0.000000 0.000000 1.000000 0.000000
0.999953 0.009707 0.000000 11.610376 -0.009707 0.999953 0.000000 0.222260 0.000000 0.000000 1.000000 0.000000
0.999970 0.007724 0.000000 12.030541 -0.007724 0.999970 0.000000 0.231669 0.000000 0.000000 1.000000 0.000000
0.999984 0.005644 0.000000 12.425500 -0.005644 0.999984 0.000000 0.261374 0.000000 0.000000 1.000000 0.000000
0.999998 0.001971 0.000000 12.738207 -0.001971 0.999998 0.000000 0.279448 0.000000 0.000000 1.000000 0.000000
0.999998 -0.001865 0.000000 12.971861 0.001865 0.999998 0.000000 0.270925 0.000000 0.000000 1.000000 0.000000
0.999981 -0.006200 0.000000 13.352489 0.006200 0.999981 0.000000 0.290957 0.000000 0.000000 1.000000 0.000000
0.999965 -0.008334 0.000000 13.812117 0.008334 0.999965 0.000000 0.294721 0.000000 0.000000 1.000000 0.000000
0.999954 -0.009604 0.000000 14.160971 0.009604 0.999954 0.000000 0.330005 0.000000 0.000000 1.000000 0.000000
0.999936 -0.011277 0.000000 14.442670 0.011277 0.999936 0.000000 0.364718 0.000000 0.000000 1.000000 0.000000
0.999899 -0.014205 0.000000 14.745679 0.014205 0.999899 0.000000 0.362808 0.000000 0.000000 1.000000 0.000000
0.999857 -0.016882 0.000000 15.044786 0.016882 0.999857 0.000000 0.391325 0.000000 0.000000 1.000000 0.000000
0.999830 -0.018439 0.000000 15.370418 0.018439 0.999830 0.000000 0.397767 0.000000 0.000000 1.000000 0.000000
0.999819 -0.019001 0.000000 15.708514 0.019001 0.999819 0.000000 0.409275 0.000000 0.000000 1.000000 0.000000
0.999812 -0.019404 0.000000 16.033315 0.019404 0.999812 0.000000 0.424940 0.000000 0.000000 1.000000 0.000000
0.999812 -0.019389 0.000000 16.335924 0.019389 0.999812 0.000000 0.471196 0.000000 0.000000 1.000000 0.000000
0.999790 -0.020471 0.000000 16.653011 0.020471 0.999790 0.000000 0.471686 0.000000 0.000000 1.000000 0.000000
0.999782 -0.020889 0.000000 17.145679 0.020889 0.999782 0.000000 0.492604 0.000000 0.000000 1.000000 0.000000
0.999775 -0.021211 0.000000 17.477612 0.021211 0.999775 0.000000 0.536874 0.000000 0.000000 1.000000 0.000000
0.999761 -0.021871 0.000000 17.786648 0.021871 0.999761 0.000000 0.534896 0.000000 0.000000 1.000000 0.000000
0.999746 -0.022543 0.000000 18.041608 0.022543 0.999746 0.000000 0.572684 0.000000 0.000000 1.000000 0.000000
0.999735 -0.023011 0.000000 18.355449 0.023011 0.999735 0.000000 0.591902 0.000000 0.000000 1.000000 0.000000
0.999704 -0.024337 0.000000 18.744576 0.024337 0.999704 0.000000 0.598941 0.000000 0.000000 1.000000 0.000000
0.999693 -0.024790 0.000000 19.073913 0.024790 0.999693 0.000000 0.628660 0.000000 0.000000 1.000000 0.000000
0.999655 -0.026278 0.000000 19.403737 0.026278 0.999655 0.000000 0.677155 0.000000 0.000000 1.000000 0.000000
0.999584 -0.028833 0.000000 19.748038 0.028833 0.999584 0.000000 0.698773 0.000000 0.000000 1.000000 0.000000
0.999503 -0.031525 0.000000 20.116163 0.031525 0.999503 0.000000 0.717355 0.000000 0.000000 1.000000 0.000000
0.999441 -0.033437 0.000000 20.439975 0.033437 0.999441 0.000000 0.705506 0.000000 0.000000 1.000000 0.000000
0.999418 -0.034112 0.000000 20.717983 0.034112 0.999418 0.000000 0.717645 0.000000 0.000000 1.000000 0.000000
0.999379 -0.035235 0.000000 20.980809 0.035235 0.999379 0.000000 0.747551 0.000000 0.000000 1.000000 0.000000
0.999319 -0.036904 0.000000 21.288008 0.036904 0.999319 0.000000 0.789380 0.000000 0.000000 1.000000 0.000000
0.999251 -0.038709 0.000000 21.588990 0.038709 0.999251 0.000000 0.840163 0.000000 0.000000 1.000000 0.000000
0.999212 -0.039700 0.000000 21.903402 0.039700 0.999212 0.000000 0.862548 0.000000 0.000000 1.000000 0.000000
0.999195 -0.040125 0.000000 22.238045 0.040125 0.999195 0.000000 0.881841 0.000000 0.000000 1.000000 0.000000
0.999212 -0.039691 0.000000 22.576273 0.039691 0.999212 0.000000 0.922576 0.000000 0.000000 1.000000 0.000000
0.999210 -0.039747 0.000000 22.873543 0.039747 0.999210 0.000000 0.937545 0.000000 0.000000 1.000000 0.000000
0.999230 -0.039232 0.000000 23.157168 0.039232 0.999230 0.000000 0.945634 0.000000 0.000000 1.000000 0.000000
0.999284 -0.037844 0.000000 23.404325 0.037844 0.999284 0.000000 0.963680 0.000000 0.000000 1.000000 0.000000
0.999342 -0.036280 0.000000 23.775151 0.036280 0.999342 0.000000 0.996712 0.000000 0.000000 1.000000 0.000000
0.999377 -0.035288 0.000000 24.079409 0.035288 0.999377 0.000000 1.015537 0.000000 0.000000 1.000000 0.000000
0.999402 -0.034574 0.000000 24.330258 0.034574 0.999402 0.000000 1.026943 0.000000 0.000000 1.000000 0.000000
0.999457 -0.032958 0.000000 24.651784 0.032958 0.999457 0.000000 1.039982 0.000000 0.000000 1.000000 0.000000
0.999515 -0.031155 0.000000 24.959810 0.031155 0.999515 0.000000 1.062689 0.000000 0.000000 1.000000 0.000000
0.999566 -0.029444 0.000000 25.235253 0.029444 0.999566 0.000000 1.075822 0.000000 0.000000 1.000000 0.000000
0.999706 -0.024261 0.000000 25.472776 0.024261 0.999706 0.000000 1.119498 0.000000 0.000000 1.000000 0.000000
0.999742 -0.022702 0.000000 25.794936 0.022702 0.999742 0.000000 1.124472 0.000000 0.000000 1.000000 0.000000
0.999757 -0.022052 0.000000 26.047780 0.022052 0.999757 0.000000 1.132115 0.000000 0.000000 1.000000 0.000000
0.999782 -0.020861 0.000000 26.243626 0.020861 0.999782 0.000000 1.173786 0.000000 0.000000 1.000000 0.000000
0.999809 -0.019561 0.000000 26.534810 0.019561 0.999809 0.000000 1.184639 0.000000 0.000000 1.000000 0.000000
0.999821 -0.018926 0.000000 26.860813 0.018926 0.999821 0.000000 1.211099 0.000000 0.000000 1.000000 0.000000
0.999832 -0.018353 0.000000 27.229863 0.018353 0.999832 0.000000 1.201196 0.000000 0.000000 1.000000 0.000000
0.999838 -0.017990 0.000000 27.513477 0.017990 0.999838 0.000000 1.233348 0.000000 0.000000 1.000000 0.000000
0.999848 -0.017435 0.000000 27.769601 0.017435 0.999848 0.000000 1.233734 0.000000 0.000000 1.000000 0.000000
0.999854 -0.017076 0.000000 28.053156 0.017076 0.999854 0.000000 1.226186 0.000000 0.000000 1.000000 0.000000
0.999871 -0.016041 0.000000 28.341348 0.016041 0.999871 0.000000 1.267091 0.000000 0.000000 1.000000 0.000000
0.999883 -0.015266 0.000000 28.649911 0.015266 0.999883 0.000000 1.283253 0.000000 0.000000 1.000000 0.000000
0.999897 -0.014357 0.000000 29.019232 0.014357 0.999897 0.000000 1.254021 0.000000 0.000000 1.000000 0.000000
0.999913 -0.013190 0.000000 29.325682 0.013190 0.999913 0.000000 1.241094 0.000000 0.000000 1.000000 0.000000
0.999936 -0.011349 0.000000 29.573207 0.011349 0.999936 0.000000 1.260709 0.000000 0.000000 1.000000 0.000000
0.999995 -0.003048 0.000000 29.838753 0.003048 0.999995 0.000000 1.307749 0.000000 0.000000 1.000000 0.000000
1.000000 -0.000581 0.000000 30.213798 0.000581 1.000000 0.000000 1.317072 0.000000 0.000000 1.000000 0.000000
1.000000 0.000929 0.000000 30.510014 -0.000929 1.000000 0.000000 1.344019 0.000000 0.000000 1.000000 0.000000
0.999996 0.002942 0.000000 30.829556 -0.002942 0.999996 0.000000 1.335123 0.000000 0.000000 1.000000 0.000000
0.999988 0.004862 0.000000 31.113335 -0.004862 0.999988 0.000000 1.308002 0.000000 0.000000 1.000000 0.000000
0.999985 0.005553 0.000000 31.446517 -0.005553 0.999985 0.000000 1.299084 0.000000 0.000000 1.000000 0.000000
0.999984 0.005618 0.000000 31.714055 -0.005618 0.999984 0.000000 1.308247 0.000000 0.000000 1.000000 0.000000
0.999978 0.006687 0.000000 32.034812 -0.006687 0.999978 0.000000 1.302961 0.000000 0.000000 1.000000 0.000000
0.999952 0.009831 0.000000 32.363825 -0.009831 0.999952 0.000000 1.344781 0.000000 0.000000 1.000000 0.000000
0.999950 0.010034 0.000000 32.656259 -0.010034 0.999950 0.000000 1.330983 0.000000 0.000000 1.000000 0.000000
0.999950 0.009981 0.000000 33.018937 -0.009981 0.999950 0.000000 1.344056 0.000000 0.000000 1.000000 0.000000
0.999942 0.010757 0.000000 33.313697 -0.010757 0.999942 0.000000 1.343359 0.000000 0.000000 1.000000 0.000000
0.999940 0.010972 0.000000 33.671313 -0.010972 0.999940 0.000000 1.339216 0.000000 0.000000 1.000000 0.000000
0.999950 0.010039 0.000000 34.073364 -0.010039 0.999950 0.000000 1.351887 0.000000 0.000000 1.000000 0.000000
0.999959 0.009078 0.000000 34.409892 -0.009078 0.999959 0.000000 1.385561 0.000000 0.000000 1.000000 0.000000
0.999963 0.008577 0.000000 34.697210 -0.008577 0.999963 0.000000 1.389301 0.000000 0.000000 1.000000 0.000000
0.999967 0.008159 0.000000 34.966164 -0.008159 0.999967 0.000000 1.393042 0.000000 0.000000 1.000000 0.000000
0.999966 0.008283 0.000000 35.282461 -0.008283 0.999966 0.000000 1.397998 0.000000 0.000000 1.000000 0.000000
0.999968 0.008032 0.000000 35.690735 -0.008032 0.999968 0.000000 1.413749 0.000000 0.000000 1.000000 0.000000
0.999967 0.008162 0.000000 36.000540 -0.008162 0.999967 0.000000 1.419450 0.000000 0.000000 1.000000 0.000000
0.999964 0.008493 0.000000 36.273782 -0.008493 0.999964 0.000000 1.430693 0.000000 0.000000 1.000000 0.000000
0.999969 0.007934 0.000000 36.659377 -0.007934 0.999969 0.000000 1.442818 0.000000 0.000000 1.000000 0.000000
0.999977 0.006797 0.000000 36.915791 -0.006797 0.999977 0.000000 1.452964 0.000000 0.000000 1.000000 0.000000
0.999978 0.006566 0.000000 37.212893 -0.006566 0.999978 0.000000 1.469730 0.000000 0.000000 1.000000 0.000000
0.999981 0.006237 0.000000 37.522525 -0.006237 0.999981 0.000000 1.483348 0.000000 0.000000 1.000000 0.000000
0.999984 0.005701 0.000000 37.803493 -0.005701 0.999984 0.000000 1.475752 0.000000 0.000000 1.000000 0.000000
0.999986 0.005319 0.000000 38.155990 -0.005319 0.999986 0.000000 1.482602 0.000000 0.000000 1.000000 0.000000
0.999992 0.003900 0.000000 38.570980 -0.003900 0.999992 0.000000 1.505453 0.000000 0.000000 1.000000 0.000000
0.999995 0.003144 0.000000 38.964834 -0.003144 0.999995 0.000000 1.489961 0.000000 0.000000 1.000000 0.000000
0.999997 0.002571 0.000000 39.308708 -0.002571 0.999997 0.000000 1.501138 0.000000 0.000000 1.000000 0.000000
0.999999 0.001332 0.000000 39.621480 -0.001332 0.999999 0.000000 1.556164 0.000000 0.000000 1.000000 0.000000
0.999998 -0.001872 0.000000 39.886116 0.001872 0.999998 0.000000 1.540232 0.000000 0.000000 1.000000 0.000000
0.999971 -0.007667 0.000000 40.188426 0.007667 0.999971 0.000000 1.564065 0.000000 0.000000 1.000000 0.000000
0.999969 -0.007854 0.000000 40.572469 0.007854 0.999969 0.000000 1.572059 0.000000 0.000000 1.000000 0.000000
0.999956 -0.009430 0.000000 41.031010 0.009430 0.999956 0.000000 1.589270 0.000000 0.000000 1.000000 0.000000
0.999950 -0.009981 0.000000 41.332486 0.009981 0.999950 0.000000 1.608382 0.000000 0.000000 1.000000 0.000000
0.999945 -0.010479 0.000000 41.694648 0.010479 0.999945 0.000000 1.613229 0.000000 0.000000 1.000000 0.000000
0.999938 -0.011167 0.000000 42.061395 0.011167 0.999938 0.000000 1.629790 0.000000 0.000000 1.000000 0.000000
0.999931 -0.011708 0.000000 42.498831 0.011708 0.999931 0.000000 1.671053 0.000000 0.000000 1.000000 0.000000
0.999927 -0.012054 0.000000 42.826986 0.012054 0.999927 0.000000 1.672686 0.000000 0.000000 1.000000 0.000000
0.999919 -0.012736 0.000000 43.082189 0.012736 0.999919 0.000000 1.698968 0.000000 0.000000 1.000000 0.000000
0.999905 -0.013763 0.000000 43.334159 0.013763 0.999905 0.000000 1.725396 0.000000 0.000000 1.000000 0.000000
0.999889 -0.014920 0.000000 43.722703 0.014920 0.999889 0.000000 1.735648 0.000000 0.000000 1.000000 0.000000
0.999870 -0.016102 0.000000 44.231591 0.016102 0.999870 0.000000 1.780921 0.000000 0.000000 1.000000 0.000000
0.999865 -0.016452 0.000000 44.517008 0.016452 0.999865 0.000000 1.790913 0.000000 0.000000 1.000000 0.000000
0.999862 -0.016614 0.000000 44.810074 0.016614 0.999862 0.000000 1.793530 0.000000 0.000000 1.000000 0.000000
0.999846 -0.017574 0.000000 45.117971 0.017574 0.999846 0.000000 1.804530 0.000000 0.000000 1.000000 0.000000
0.999825 -0.018684 0.000000 45.403600 0.018684 0.999825 0.000000 1.825743 0.000000 0.000000 1.000000 0.000000
0.999830 -0.018443 0.000000 45.748552 0.018443 0.999830 0.000000 1.841499 0.000000 0.000000 1.000000 0.000000
0.999810 -0.019511 0.000000 46.073600 0.019511 0.999810 0.000000 1.848512 0.000000 0.000000 1.000000 0.000000
0.999775 -0.021209 0.000000 46.408315 0.021209 0.999775 0.000000 1.894125 0.000000 0.000000 1.000000 0.000000
0.999666 -0.025848 0.000000 46.781938 0.025848 0.999666 0.000000 1.912384 0.000000 0.000000 1.000000 0.000000
0.999595 -0.028451 0.000000 47.058789 0.028451 0.999595 0.000000 1.954987 0.000000 0.000000 1.000000 0.000000
0.999621 -0.027527 0.000000 47.429529 0.027527 0.999621 0.000000 1.933216 0.000000 0.000000 1.000000 0.000000
0.999594 -0.028495 0.000000 47.717515 0.028495 0.999594 0.000000 1.997451 0.000000 0.000000 1.000000 0.000000
0.999587 -0.028747 0.000000 47.947132 0.028747 0.999587 0.000000 1.992958 0.000000 0.000000 1.000000 0.000000
0.999571 -0.029273 0.000000 48.246551 0.029273 0.999571 0.000000 2.019565 0.000000 0.000000 1.000000 0.000000
0.999550 -0.030010 0.000000 48.579013 0.030010 0.999550 0.000000 2.036595 0.000000 0.000000 1.000000 0.000000
0.999539 -0.030367 0.000000 48.855899 0.030367 0.999539 0.000000 2.046765 0.000000 0.000000 1.000000 0.000000
0.999519 -0.031006 0.000000 49.138628 0.031006 0.999519 0.000000 2.051694 0.000000 0.000000 1.000000 0.000000
0.999504 -0.031497 0.000000 49.427409 0.031497 0.999504 0.000000 2.076264 0.000000 0.000000 1.000000 0.000000
0.999502 -0.031562 0.000000 49.668575 0.031562 0.999502 0.000000 2.079243 0.000000 0.000000 1.000000 0.000000
0.999494 -0.031822 0.000000 49.921278 0.031822 0.999494 0.000000 2.100103 0.000000 0.000000 1.000000 0.000000
0.999510 -0.031294 0.000000 50.289823 0.031294 0.999510 0.000000 2.135565 0.000000 0.000000 1.000000 0.000000
0.999542 -0.030267 0.000000 50.559300 0.030267 0.999542 0.000000 2.144119 0.000000 0.000000 1.000000 0.000000
0.999557 -0.029779 0.000000 50.831512 0.029779 0.999557 0.000000 2.172348 0.000000 0.000000 1.000000 0.000000
0.999574 -0.029171 0.000000 51.071612 0.029171 0.999574 0.000000 2.198248 0.000000 0.000000 1.000000 0.000000
0.999587 -0.028747 0.000000 51.337821 0.028747 0.999587 0.000000 2.207369 0.000000 0.000000 1.000000 0.000000
0.999593 -0.028517 0.000000 51.589325 0.028517 0.999593 0.000000 2.199605 0.000000 0.000000 1.000000 0.000000
0.999595 -0.028449 0.000000 51.840008 0.028449 0.999595 0.000000 2.209103 0.000000 0.000000 1.000000 0.000000
0.999595 -0.028452 0.000000 52.042835 0.028452 0.999595 0.000000 2.230283 0.000000 0.000000 1.000000 0.000000
0.999596 -0.028428 0.000000 52.477267 0.028428 0.999596 0.000000 2.241102 0.000000 0.000000 1.000000 0.000000
0.999581 -0.028937 0.000000 52.782183 0.028937 0.999581 0.000000 2.265467 0.000000 0.000000 1.000000 0.000000
0.999566 -0.029464 0.000000 52.984455 0.029464 0.999566 0.000000 2.288886 0.000000 0.000000 1.000000 0.000000
0.999565 -0.029482 0.000000 53.310243 0.029482 0.999565 0.000000 2.316604 0.000000 0.000000 1.000000 0.000000
0.999561 -0.029630 0.000000 53.624953 0.029630 0.999561 0.000000 2.313209 0.000000 0.000000 1.000000 0.000000
0.999554 -0.029856 0.000000 53.840855 0.029856 0.999554 0.000000 2.355835 0.000000 0.000000 1.000000 0.000000
0.999547 -0.030108 0.000000 54.233680 0.030108 0.999547 0.000000 2.394760 0.000000 0.000000 1.000000 0.000000
0.999544 -0.030185 0.000000 54.552637 0.030185 0.999544 0.000000 2.411574 0.000000 0.000000 1.000000 0.000000
0.999558 -0.029742 0.000000 54.820003 0.029742 0.999558 0.000000 2.400107 0.000000 0.000000 1.000000 0.000000
0.999539 -0.030360 0.000000 55.078290 0.030360 0.999539 0.000000 2.438931 0.000000 0.000000 1.000000 0.000000
0.999549 -0.030032 0.000000 55.382757 0.030032 0.999549 0.000000 2.437422 0.000000 0.000000 1.000000 0.000000
0.999539 -0.030367 0.000000 55.756579 0.030367 0.999539 0.000000 2.446608 0.000000 0.000000 1.000000 0.000000
0.999535 -0.030489 0.000000 56.020343 0.030489 0.999535 0.000000 2.487910 0.000000 0.000000 1.000000 0.000000
0.999532 -0.030603 0.000000 56.328085 0.030603 0.999532 0.000000 2.512564 0.000000 0.000000 1.000000 0.000000
0.999531 -0.030612 0.000000 56.670560 0.030612 0.999531 0.000000 2.535302 0.000000 0.000000 1.000000 0.000000
0.999535 -0.030492 0.000000 56.995189 0.030492 0.999535 0.000000 2.583685 0.000000 0.000000 1.000000 0.000000
0.999525 -0.030821 0.000000 57.338747 0.030821 0.999525 0.000000 2.596684 0.000000 0.000000 1.000000 0.000000
0.999513 -0.031200 0.000000 57.640088 0.031200 0.999513 0.000000 2.639919 0.000000 0.000000 1.000000 0.000000
0.999516 -0.031110 0.000000 57.944449 0.031110 0.999516 0.000000 2.648675 0.000000 0.000000 1.000000 0.000000
0.999518 -0.031036 0.000000 58.251684 0.031036 0.999518 0.000000 2.628117 0.000000 0.000000 1.000000 0.000000
0.999523 -0.030871 0.000000 58.529014 0.030871 0.999523 0.000000 2.663161 0.000000 0.000000 1.000000 0.000000
0.999520 -0.030978 0.000000 58.886228 0.030978 0.999520 0.000000 2.678123 0.000000 0.000000 1.000000 0.000000
0.999505 -0.031475 0.000000 59.173384 0.031475 0.999505 0.000000 2.688062 0.000000 0.000000 1.000000 0.000000
0.999495 -0.031766 0.000000 59.464233 0.031766 0.999495 0.000000 2.722357 0.000000 0.000000 1.000000 0.000000
0.999484 -0.032111 0.000000 59.799926 0.032111 0.999484 0.000000 2.761604 0.000000 0.000000 1.000000 0.000000
0.999469 -0.032583 0.000000 60.113993 0.032583 0.999469 0.000000 2.779141 0.000000 0.000000 1.000000 0.000000
0.999464 -0.032728 0.000000 60.443581 0.032728 0.999464 0.000000 2.793042 0.000000 0.000000 1.000000 0.000000
0.999441 -0.033433 0.000000 60.749601 0.033433 0.999441 0.000000 2.821335 0.000000 0.000000 1.000000 0.000000
0.999421 -0.034028 0.000000 60.988320 0.034028 0.999421 0.000000 2.821226 0.000000 0.000000 1.000000 0.000000
0.999378 -0.035275 0.000000 61.301859 0.035275 0.999378 0.000000 2.829022 0.000000 0.000000 1.000000 0.000000
0.999339 -0.036355 0.000000 61.660116 0.036355 0.999339 0.000000 2.848942 0.000000 0.000000 1.000000 0.000000
0.999275 -0.038070 0.000000 61.940315 0.038070 0.999275 0.000000 2.887921 0.000000 0.000000 1.000000 0.000000
0.999058 -0.043398 0.000000 62.301728 0.043398 0.999058 0.000000 2.960819 0.000000 0.000000 1.000000 0.000000
0.999071 -0.043094 0.000000 62.581202 0.043094 0.999071 0.000000 3.007274 0.000000 0.000000 1.000000 0.000000
0.999085 -0.042758 0.000000 62.835365 0.042758 0.999085 0.000000 3.006578 0.000000 0.000000 1.000000 0.000000
0.999092 -0.042607 0.000000 63.080559 0.042607 0.999092 0.000000 3.029367 0.000000 0.000000 1.000000 0.000000
0.999090 -0.042663 0.000000 63.378359 0.042663 0.999090 0.000000 3.084470 0.000000 0.000000 1.000000 0.000000
0.999103 -0.042358 0.000000 63.663928 0.042358 0.999103 0.000000 3.099012 0.000000 0.000000 1.000000 0.000000
0.999194 -0.040154 0.000000 64.012916 0.040154 0.999194 0.000000 3.115408 0.000000 0.000000 1.000000 0.000000
0.999214 -0.039647 0.000000 64.268524 0.039647 0.999214 0.000000 3.117675 0.000000 0.000000 1.000000 0.000000
0.999222 -0.039450 0.000000 64.557605 0.039450 0.999222 0.000000 3.150547 0.000000 0.000000 1.000000 0.000000
0.999241 -0.038947 0.000000 64.811680 0.038947 0.999241 0.000000 3.174466 0.000000 0.000000 1.000000 0.000000
0.999279 -0.037959 0.000000 65.066368 0.037959 0.999279 0.000000 3.181467 0.000000 0.000000 1.000000 0.000000
0.999343 -0.036250 0.000000 65.476038 0.036250 0.999343 0.000000 3.228319 0.000000 0.000000 1.000000 0.000000
0.999460 -0.032850 0.000000 65.790302 0.032850 0.999460 0.000000 3.206339 0.000000 0.000000 1.000000 0.000000
0.999474 -0.032423 0.000000 66.063681 0.032423 0.999474 0.000000 3.231335 0.000000 0.000000 1.000000 0.000000
0.999490 -0.031939 0.000000 66.323302 0.031939 0.999490 0.000000 3.256361 0.000000 0.000000 1.000000 0.000000
0.999528 -0.030705 0.000000 66.538964 0.030705 0.999528 0.000000 3.307670 0.000000 0.000000 1.000000 0.000000
0.999552 -0.029936 0.000000 66.788296 0.029936 0.999552 0.000000 3.322738 0.000000 0.000000 1.000000 0.000000
0.999574 -0.029189 0.000000 67.081672 0.029189 0.999574 0.000000 3.307566 0.000000 0.000000 1.000000 0.000000
0.999620 -0.027573 0.000000 67.418008 0.027573 0.999620 0.000000 3.334409 0.000000 0.000000 1.000000 0.000000
0.999634 -0.027037 0.000000 67.692019 0.027037 0.999634 0.000000 3.348208 0.000000 0.000000 1.000000 0.000000
0.999652 -0.026363 0.000000 68.015949 0.026363 0.999652 0.000000 3.377983 0.000000 0.000000 1.000000 0.000000
0.999673 -0.025590 0.000000 68.273371 0.025590 0.999673 0.000000 3.400330 0.000000 0.000000 1.000000 0.000000
0.999724 -0.023495 0.000000 68.538007 0.023495 0.999724 0.000000 3.394293 0.000000 0.000000 1.000000 0.000000
0.999749 -0.022410 0.000000 68.833615 0.022410 0.999749 0.000000 3.399165 0.000000 0.000000 1.000000 0.000000
0.999779 -0.021023 0.000000 69.220433 0.021023 0.999779 0.000000 3.404910 0.000000 0.000000 1.000000 0.000000
0.999792 -0.020412 0.000000 69.495352 0.020412 0.999792 0.000000 3.423457 0.000000 0.000000 1.000000 0.000000
0.999794 -0.020307 0.000000 69.772455 0.020307 0.999794 0.000000 3.440581 0.000000 0.000000 1.000000 0.000000
0.999798 -0.020098 0.000000 70.022343 0.020098 0.999798 0.000000 3.454995 0.000000 0.000000 1.000000 0.000000
0.999801 -0.019970 0.000000 70.320499 0.019970 0.999801 0.000000 3.465185 0.000000 0.000000 1.000000 0.000000
0.999801 -0.019935 0.000000 70.635000 0.019935 0.999801 0.000000 3.478559 0.000000 0.000000 1.000000 0.000000
0.999803 -0.019855 0.000000 70.997364 0.019855 0.999803 0.000000 3.497907 0.000000 0.000000 1.000000 0.000000
0.999799 -0.020062 0.000000 71.208049 0.020062 0.999799 0.000000 3.502390 0.000000 0.000000 1.000000 0.000000
0.999809 -0.019547 0.000000 71.512204 0.019547 0.999809 0.000000 3.519702 0.000000 0.000000 1.000000 0.000000
0.999808 -0.019570 0.000000 71.769810 0.019570 0.999808 0.000000 3.531489 0.000000 0.000000 1.000000 0.000000
0.999800 -0.019993 0.000000 72.057275 0.019993 0.999800 0.000000 3.557049 0.000000 0.000000 1.000000 0.000000
0.999791 -0.020421 0.000000 72.325977 0.020421 0.999791 0.000000 3.562862 0.000000 0.000000 1.000000 0.000000
0.999797 -0.020140 0.000000 72.700437 0.020140 0.999797 0.000000 3.572027 0.000000 0.000000 1.000000 0.000000
0.999791 -0.020442 0.000000 72.976876 0.020442 0.999791 0.000000 3.586112 0.000000 0.000000 1.000000 0.000000
0.999771 -0.021387 0.000000 73.264677 0.021387 0.999771 0.000000 3.615110 0.000000 0.000000 1.000000 0.000000
0.999767 -0.021589 0.000000 73.487665 0.021589 0.999767 0.000000 3.633803 0.000000 0.000000 1.000000 0.000000
0.999774 -0.021263 0.000000 73.926437 0.021263 0.999774 0.000000 3.658285 0.000000 0.000000 1.000000 0.000000
0.999768 -0.021547 0.000000 74.223104 0.021547 0.999768 0.000000 3.651615 0.000000 0.000000 1.000000 0.000000
0.999770 -0.021441 0.000000 74.557392 0.021441 0.999770 0.000000 3.675750 0.000000 0.000000 1.000000 0.000000
0.999764 -0.021730 0.000000 74.857890 0.021730 0.999764 0.000000 3.690575 0.000000 0.000000 1.000000 0.000000
0.999743 -0.022685 0.000000 75.141963 0.022685 0.999743 0.000000 3.710020 0.000000 0.000000 1.000000 0.000000
0.999723 -0.023529 0.000000 75.435890 0.023529 0.999723 0.000000 3.736362 0.000000 0.000000 1.000000 0.000000
0.999701 -0.024435 0.000000 75.794637 0.024435 0.999701 0.000000 3.756217 0.000000 0.000000 1.000000 0.000000
0.999668 -0.025748 0.000000 76.105604 0.025748 0.999668 0.000000 3.794808 0.000000 0.000000 1.000000 0.000000
0.999639 -0.026873 0.000000 76.365491 0.026873 0.999639 0.000000 3.835206 0.000000 0.000000 1.000000 0.000000
0.999612 -0.027838 0.000000 76.661440 0.027838 0.999612 0.000000 3.835374 0.000000 0.000000 1.000000 0.000000
0.999602 -0.028219 0.000000 77.008159 0.028219 0.999602 0.000000 3.856048 0.000000 0.000000 1.000000 0.000000
0.999558 -0.029721 0.000000 77.307045 0.029721 0.999558 0.000000 3.857784 0.000000 0.000000 1.000000 0.000000
0.999523 -0.030898 0.000000 77.650778 0.030898 0.999523 0.000000 3.879727 0.000000 0.000000 1.000000 0.000000
0.999472 -0.032480 0.000000 77.858889 0.032480 0.999472 0.000000 3.895105 0.000000 0.000000 1.000000 0.000000
0.999430 -0.033757 0.000000 78.139423 0.033757 0.999430 0.000000 3.890950 0.000000 0.000000 1.000000 0.000000
0.999348 -0.036119 0.000000 78.516688 0.036119 0.999348 0.000000 3.902312 0.000000 0.000000 1.000000 0.000000
0.999305 -0.037266 0.000000 78.862373 0.037266 0.999305 0.000000 3.947953 0.000000 0.000000 1.000000 0.000000
0.999284 -0.037824 0.000000 79.185825 0.037824 0.999284 0.000000 3.998052 0.000000 0.000000 1.000000 0.000000
0.999217 -0.039571 0.000000 79.524647 0.039571 0.999217 0.000000 4.014030 0.000000 0.000000 1.000000 0.000000
0.999191 -0.040225 0.000000 79.764845 0.040225 0.999191 0.000000 4.042872 0.000000 0.000000 1.000000 0.000000
0.999145 -0.041338 0.000000 80.149967 0.041338 0.999145 0.000000 4.076860 0.000000 0.000000 1.000000 0.000000
0.999133 -0.041626 0.000000 80.502980 0.041626 0.999133 0.000000 4.099038 0.000000 0.000000 1.000000 0.000000
0.999092 -0.042613 0.000000 80.787152 0.042613 0.999092 0.000000 4.119961 0.000000 0.000000 1.000000 0.000000
0.999083 -0.042811 0.000000 81.111197 0.042811 0.999083 0.000000 4.183445 0.000000 0.000000 1.000000 0.000000
0.999039 -0.043830 0.000000 81.356317 0.043830 0.999039 0.000000 4.178787 0.000000 0.000000 1.000000 0.000000
0.998966 -0.045468 0.000000 81.595573 0.045468 0.998966 0.000000 4.201297 0.000000 0.000000 1.000000 0.000000
0.998919 -0.046488 0.000000 81.963457 0.046488 0.998919 0.000000 4.196895 0.000000 0.000000 1.000000 0.000000
0.998900 -0.046899 0.000000 82.289613 0.046899 0.998900 0.000000 4.256004 0.000000 0.000000 1.000000 0.000000
0.998865 -0.047628 0.000000 82.561503 0.047628 0.998865 0.000000 4.256585 0.000000 0.000000 1.000000 0.000000
0.998856 -0.047811 0.000000 82.850952 0.047811 0.998856 0.000000 4.275114 0.000000 0.000000 1.000000 0.000000
0.998860 -0.047733 0.000000 83.175542 0.047733 0.998860 0.000000 4.333340 0.000000 0.000000 1.000000 0.000000
0.998832 -0.048313 0.000000 83.463899 0.048313 0.998832 0.000000 4.344659 0.000000 0.000000 1.000000 0.000000
0.998846 -0.048038 0.000000 83.754868 0.048038 0.998846 0.000000 4.359301 0.000000 0.000000 1.000000 0.000000
0.998876 -0.047391 0.000000 84.118826 0.047391 0.998876 0.000000 4.407135 0.000000 0.000000 1.000000 0.000000
0.998914 -0.046591 0.000000 84.364340 0.046591 0.998914 0.000000 4.405775 0.000000 0.000000 1.000000 0.000000
0.999037 -0.043886 0.000000 84.576851 0.043886 0.999037 0.000000 4.407399 0.000000 0.000000 1.000000 0.000000
0.999163 -0.040894 0.000000 84.781325 0.040894 0.999163 0.000000 4.427254 0.000000 0.000000 1.000000 0.000000
0.999451 -0.033130 0.000000 85.167418 0.033130 0.999451 0.000000 4.475969 0.000000 0.000000 1.000000 0.000000
0.999618 -0.027650 0.000000 85.577511 0.027650 0.999618 0.000000 4.494186 0.000000 0.000000 1.000000 0.000000
0.999805 -0.019729 0.000000 85.931475 0.019729 0.999805 0.000000 4.515788 0.000000 0.000000 1.000000 0.000000
0.999952 -0.009846 0.000000 86.277378 0.009846 0.999952 0.000000 4.546011 0.000000 0.000000 1.000000 0.000000
1.000000 -0.000972 0.000000 86.552064 0.000972 1.000000 0.000000 4.554754 0.000000 0.000000 1.000000 0.000000
0.999980 0.006383 0.000000 86.820492 -0.006383 0.999980 0.000000 4.566634 0.000000 0.000000 1.000000 0.000000
0.999842 0.017790 0.000000 87.147446 -0.017790 0.999842 0.000000 4.564637 0.000000 0.000000 1.000000 0.000000
0.999571 0.029274 0.000000 87.549826 -0.029274 0.999571 0.000000 4.537200 0.000000 0.000000 1.000000 0.000000
0.999068 0.043169 0.000000 87.800781 -0.043169 0.999068 0.000000 4.547321 0.000000 0.000000 1.000000 0.000000
0.998436 0.055903 0.000000 88.057907 -0.055903 0.998436 0.000000 4.530978 0.000000 0.000000 1.000000 0.000000
0.997522 0.070356 0.000000 88.309289 -0.070356 0.997522 0.000000 4.511732 0.000000 0.000000 1.000000 0.000000
0.996393 0.084863 0.000000 88.613617 -0.084863 0.996393 0.000000 4.477828 0.000000 0.000000 1.000000 0.000000
0.994756 0.102273 0.000000 89.025063 -0.102273 0.994756 0.000000 4.486459 0.000000 0.000000 1.000000 0.000000
0.992941 0.118606 0.000000 89.283614 -0.118606 0.992941 0.000000 4.422036 0.000000 0.000000 1.000000 0.000000
0.990124 0.140195 0.000000 89.544043 -0.140195 0.990124 0.000000 4.371900 0.000000 0.000000 1.000000 0.000000
0.987135 0.159890 0.000000 89.803224 -0.159890 0.987135 0.000000 4.306210 0.000000 0.000000 1.000000 0.000000
0.983147 0.182819 0.000000 90.077375 -0.182819 0.983147 0.000000 4.228339 0.000000 0.000000 1.000000 0.000000
0.978250 0.207431 0.000000 90.368039 -0.207431 0.978250 0.000000 4.197308 0.000000 0.000000 1.000000 0.000000
0.972799 0.231650 0.000000 90.577582 -0.231650 0.972799 0.000000 4.103585 0.000000 0.000000 1.000000 0.000000
0.966766 0.255664 0.000000 90.832482 -0.255664 0.966766 0.000000 3.983705 0.000000 0.000000 1.000000 0.000000
0.960495 0.278298 0.000000 91.118956 -0.278298 0.960495 0.000000 3.939561 0.000000 0.000000 1.000000 0.000000
0.953723 0.300687 0.000000 91.389040 -0.300687 0.953723 0.000000 3.833015 0.000000 0.000000 1.000000 0.000000
0.946034 0.324067 0.000000 91.573544 -0.324067 0.946034 0.000000 3.728910 0.000000 0.000000 1.000000 0.000000
0.936949 0.349466 0.000000 91.913988 -0.349466 0.936949 0.000000 3.641445 0.000000 0.000000 1.000000 0.000000
0.926797 0.375563 0.000000 92.158810 -0.375563 0.926797 0.000000 3.503669 0.000000 0.000000 1.000000 0.000000
0.916828 0.399282 0.000000 92.365511 -0.399282 0.916828 0.000000 3.416938 0.000000 0.000000 1.000000 0.000000
0.905730 0.423855 0.000000 92.508940 -0.423855 0.905730 0.000000 3.287079 0.000000 0.000000 1.000000 0.000000
0.895009 0.446047 0.000000 92.835628 -0.446047 0.895009 0.000000 3.194351 0.000000 0.000000 1.000000 0.000000
0.883393 0.468633 0.000000 92.967406 -0.468633 0.883393 0.000000 3.061701 0.000000 0.000000 1.000000 0.000000
0.871773 0.489909 0.000000 93.150663 -0.489909 0.871773 0.000000 2.876513 0.000000 0.000000 1.000000 0.000000
0.858838 0.512248 0.000000 93.351191 -0.512248 0.858838 0.000000 2.745409 0.000000 0.000000 1.000000 0.000000
0.843727 0.536773 0.000000 93.597578 -0.536773 0.843727 0.000000 2.573650 0.000000 0.000000 1.000000 0.000000
0.828606 0.559833 0.000000 93.883694 -0.559833 0.828606 0.000000 2.445406 0.000000 0.000000 1.000000 0.000000
0.810740 0.585407 0.000000 94.094849 -0.585407 0.810740 0.000000 2.228217 0.000000 0.000000 1.000000 0.000000
0.790016 0.613086 0.000000 94.295372 -0.613086 0.790016 0.000000 2.046348 0.000000 0.000000 1.000000 0.000000
0.764922 0.644123 0.000000 94.696937 -0.644123 0.764922 0.000000 1.881018 0.000000 0.000000 1.000000 0.000000
0.739116 0.673578 0.000000 94.862091 -0.673578 0.739116 0.000000 1.655484 0.000000 0.000000 1.000000 0.000000
0.709116 0.705092 0.000000 95.026003 -0.705092 0.709116 0.000000 1.414218 0.000000 0.000000 1.000000 0.000000
0.676276 0.736649 0.000000 95.288345 -0.736649 0.676276 0.000000 1.158496 0.000000 0.000000 1.000000 0.000000
0.643168 0.765725 0.000000 95.549510 -0.765725 0.643168 0.000000 0.941043 0.000000 0.000000 1.000000 0.000000
0.608615 0.793465 0.000000 95.695720 -0.793465 0.608615 0.000000 0.702068 0.000000 0.000000 1.000000 0.000000
0.573098 0.819487 0.000000 95.839924 -0.819487 0.573098 0.000000 0.470660 0.000000 0.000000 1.000000 0.000000
0.537740 0.843111 0.000000 95.930796 -0.843111 0.537740 0.000000 0.231059 0.000000 0.000000 1.000000 0.000000
0.501566 0.865120 0.000000 96.023478 -0.865120 0.501566 0.000000 -0.072619 0.000000 0.000000 1.000000 0.000000
0.464189 0.885736 0.000000 96.126482 -0.885736 0.464189 0.000000 -0.350411 0.000000 0.000000 1.000000 0.000000
0.427066 0.904221 0.000000 96.233991 -0.904221 0.427066 0.000000 -0.633393 0.000000 0.000000 1.000000 0.000000
0.389246 0.921134 0.000000 96.334734 -0.921134 0.389246 0.000000 -0.908844 0.000000 0.000000 1.000000 0.000000
0.353579 0.935405 0.000000 96.369502 -0.935405 0.353579 0.000000 -1.178462 0.000000 0.000000 1.000000 0.000000
0.319059 0.947735 0.000000 96.353278 -0.947735 0.319059 0.000000 -1.485692 0.000000 0.000000 1.000000 0.000000
0.288109 0.957598 0.000000 96.432322 -0.957598 0.288109 0.000000 -1.776089 0.000000 0.000000 1.000000 0.000000
0.262452 0.964945 0.000000 96.431509 -0.964945 0.262452 0.000000 -2.053511 0.000000 0.000000 1.000000 0.000000
0.238689 0.971096 0.000000 96.438306 -0.971096 0.238689 0.000000 -2.331266 0.000000 0.000000 1.000000 0.000000
0.214085 0.976815 0.000000 96.484818 -0.976815 0.214085 0.000000 -2.662846 0.000000 0.000000 1.000000 0.000000
0.196342 0.980535 0.000000 96.497776 -0.980535 0.196342 0.000000 -2.991273 0.000000 0.000000 1.000000 0.000000
0.178862 0.983874 0.000000 96.493372 -0.983874 0.178862 0.000000 -3.247039 0.000000 0.000000 1.000000 0.000000
0.164096 0.986444 0.000000 96.515400 -0.986444 0.164096 0.000000 -3.589376 0.000000 0.000000 1.000000 0.000000
0.149491 0.988763 0.000000 96.520177 -0.988763 0.149491 0.000000 -3.898577 0.000000 0.000000 1.000000 0.000000
