1.000000 -0.000042 0.000000 2.951077 0.000042 1.000000 0.000000 0.035741 0.000000 0.000000 1.000000 0.000000
1.000000 0.000381 0.000000 3.692676 -0.000381 1.000000 0.000000 0.031403 0.000000 0.000000 1.000000 0.000000
1.000000 0.000354 0.000000 4.470104 -0.000354 1.000000 0.000000 -0.001745 0.000000 0.000000 1.000000 0.000000
0.999998 0.002061 0.000000 5.327362 -0.002061 0.999998 0.000000 -0.026255 0.000000 0.000000 1.000000 0.000000
0.999994 0.003562 0.000000 6.310666 -0.003562 0.999994 0.000000 -0.015125 0.000000 0.000000 1.000000 0.000000
0.999996 0.002681 0.000000 7.408311 -0.002681 0.999996 0.000000 0.001992 0.000000 0.000000 1.000000 0.000000
0.999996 0.002669 0.000000 8.466099 -0.002669 0.999996 0.000000 -0.013598 0.000000 0.000000 1.000000 0.000000
0.999993 0.003865 0.000000 9.632559 -0.003865 0.999993 0.000000 0.021269 0.000000 0.000000 1.000000 0.000000
0.999987 0.005194 0.000000 10.861318 -0.005194 0.999987 0.000000 0.000156 0.000000 0.000000 1.000000 0.000000
0.999975 0.007030 0.000000 12.195791 -0.007030 0.999975 0.000000 -0.005940 0.000000 0.000000 1.000000 0.000000
0.999965 0.008361 0.000000 13.555423 -0.008361 0.999965 0.000000 0.006369 0.000000 0.000000 1.000000 0.000000
0.999956 0.009349 0.000000 14.942777 -0.009349 0.999956 0.000000 -0.003445 0.000000 0.000000 1.000000 0.000000
0.999933 0.011578 0.000000 16.378404 -0.011578 0.999933 0.000000 -0.043466 0.000000 0.000000 1.000000 0.000000
0.999900 0.014137 0.000000 17.825718 -0.014137 0.999900 0.000000 -0.013787 0.000000 0.000000 1.000000 0.000000
0.999852 0.017214 0.000000 19.293443 -0.017214 0.999852 0.000000 -0.016723 0.000000 0.000000 1.000000 0.000000
0.999806 0.019694 0.000000 20.799254 -0.019694 0.999806 0.000000 -0.077391 0.000000 0.000000 1.000000 0.000000
0.999747 0.022503 0.000000 22.291599 -0.022503 0.999747 0.000000 -0.096640 0.000000 0.000000 1.000000 0.000000
0.999678 0.025360 0.000000 23.727893 -0.025360 0.999678 0.000000 -0.153932 0.000000 0.000000 1.000000 0.000000
0.999575 0.029160 0.000000 25.257359 -0.029160 0.999575 0.000000 -0.159812 0.000000 0.000000 1.000000 0.000000
0.999409 0.034389 0.000000 26.749327 -0.034389 0.999409 0.000000 -0.245893 0.000000 0.000000 1.000000 0.000000
0.999242 0.038940 0.000000 28.199087 -0.038940 0.999242 0.000000 -0.288339 0.000000 0.000000 1.000000 0.000000
0.999085 0.042772 0.000000 29.615153 -0.042772 0.999085 0.000000 -0.335497 0.000000 0.000000 1.000000 0.000000
0.998913 0.046616 0.000000 31.075061 -0.046616 0.998913 0.000000 -0.345310 0.000000 0.000000 1.000000 0.000000
0.998631 0.052301 0.000000 32.570091 -0.052301 0.998631 0.000000 -0.412756 0.000000 0.000000 1.000000 0.000000
0.998349 0.057432 0.000000 33.958295 -0.057432 0.998349 0.000000 -0.520453 0.000000 0.000000 1.000000 0.000000
0.998092 0.061737 0.000000 35.377742 -0.061737 0.998092 0.000000 -0.587937 0.000000 0.000000 1.000000 0.000000
0.997908 0.064655 0.000000 36.748123 -0.064655 0.997908 0.000000 -0.651814 0.000000 0.000000 1.000000 0.000000
0.997567 0.069714 0.000000 38.163137 -0.069714 0.997567 0.000000 -0.786156 0.000000 0.000000 1.000000 0.000000
0.997139 0.075590 0.000000 39.587351 -0.075590 0.997139 0.000000 -0.912322 0.000000 0.000000 1.000000 0.000000
0.996758 0.080456 0.000000 40.932048 -0.080456 0.996758 0.000000 -0.984281 0.000000 0.000000 1.000000 0.000000
0.996257 0.086435 0.000000 42.339716 -0.086435 0.996257 0.000000 -1.111849 0.000000 0.000000 1.000000 0.000000
0.995733 0.092281 0.000000 43.778610 -0.092281 0.995733 0.000000 -1.219157 0.000000 0.000000 1.000000 0.000000
0.995297 0.096874 0.000000 45.202540 -0.096874 0.995297 0.000000 -1.380670 0.000000 0.000000 1.000000 0.000000
0.994900 0.100866 0.000000 46.588888 -0.100866 0.994900 0.000000 -1.474027 0.000000 0.000000 1.000000 0.000000
0.994481 0.104918 0.000000 48.047541 -0.104918 0.994481 0.000000 -1.665106 0.000000 0.000000 1.000000 0.000000
0.994264 0.106957 0.000000 49.500424 -0.106957 0.994264 0.000000 -1.815322 0.000000 0.000000 1.000000 0.000000
0.993779 0.111372 0.000000 50.984271 -0.111372 0.993779 0.000000 -1.949676 0.000000 0.000000 1.000000 0.000000
0.993367 0.114990 0.000000 52.440302 -0.114990 0.993367 0.000000 -2.106736 0.000000 0.000000 1.000000 0.000000
0.992937 0.118646 0.000000 53.995497 -0.118646 0.992937 0.000000 -2.307460 0.000000 0.000000 1.000000 0.000000
0.992575 0.121637 0.000000 55.519074 -0.121637 0.992575 0.000000 -2.456301 0.000000 0.000000 1.000000 0.000000
0.992288 0.123952 0.000000 57.055633 -0.123952 0.992288 0.000000 -2.629248 0.000000 0.000000 1.000000 0.000000
0.992273 0.124078 0.000000 58.643282 -0.124078 0.992273 0.000000 -2.844730 0.000000 0.000000 1.000000 0.000000
0.992313 0.123750 0.000000 60.285155 -0.123750 0.992313 0.000000 -3.060474 0.000000 0.000000 1.000000 0.000000
0.992407 0.122998 0.000000 61.906674 -0.122998 0.992407 0.000000 -3.184795 0.000000 0.000000 1.000000 0.000000
0.992570 0.121673 0.000000 63.582128 -0.121673 0.992570 0.000000 -3.458478 0.000000 0.000000 1.000000 0.000000
0.992596 0.121461 0.000000 65.304533 -0.121461 0.992596 0.000000 -3.601321 0.000000 0.000000 1.000000 0.000000
0.992744 0.120247 0.000000 67.020486 -0.120247 0.992744 0.000000 -3.823024 0.000000 0.000000 1.000000 0.000000
0.992674 0.120826 0.000000 68.796545 -0.120826 0.992674 0.000000 -4.030411 0.000000 0.000000 1.000000 0.000000
0.992594 0.121479 0.000000 70.570962 -0.121479 0.992594 0.000000 -4.242999 0.000000 0.000000 1.000000 0.000000
0.992583 0.121568 0.000000 72.371782 -0.121568 0.992583 0.000000 -4.461047 0.000000 0.000000 1.000000 0.000000
0.992628 0.121203 0.000000 74.218724 -0.121203 0.992628 0.000000 -4.702133 0.000000 0.000000 1.000000 0.000000
0.992824 0.119584 0.000000 76.065674 -0.119584 0.992824 0.000000 -4.897192 0.000000 0.000000 1.000000 0.000000
0.993139 0.116942 0.000000 77.921406 -0.116942 0.993139 0.000000 -5.170155 0.000000 0.000000 1.000000 0.000000
0.993455 0.114222 0.000000 79.817979 -0.114222 0.993455 0.000000 -5.339373 0.000000 0.000000 1.000000 0.000000
0.993801 0.111177 0.000000 81.735816 -0.111177 0.993801 0.000000 -5.513619 0.000000 0.000000 1.000000 0.000000
0.994161 0.107910 0.000000 83.640707 -0.107910 0.994161 0.000000 -5.694574 0.000000 0.000000 1.000000 0.000000
0.994435 0.105350 0.000000 85.545013 -0.105350 0.994435 0.000000 -5.929616 0.000000 0.000000 1.000000 0.000000
0.994626 0.103534 0.000000 87.456157 -0.103534 0.994626 0.000000 -6.108250 0.000000 0.000000 1.000000 0.000000
0.994996 0.099918 0.000000 89.345102 -0.099918 0.994996 0.000000 -6.312700 0.000000 0.000000 1.000000 0.000000
0.995170 0.098170 0.000000 91.248613 -0.098170 0.995170 0.000000 -6.486718 0.000000 0.000000 1.000000 0.000000
0.995244 0.097413 0.000000 93.097730 -0.097413 0.995244 0.000000 -6.693025 0.000000 0.000000 1.000000 0.000000
0.995187 0.097993 0.000000 94.938347 -0.097993 0.995187 0.000000 -6.853934 0.000000 0.000000 1.000000 0.000000
0.995058 0.099298 0.000000 96.766582 -0.099298 0.995058 0.000000 -6.999725 0.000000 0.000000 1.000000 0.000000
0.995049 0.099388 0.000000 98.571556 -0.099388 0.995049 0.000000 -7.202120 0.000000 0.000000 1.000000 0.000000
0.995005 0.099826 0.000000 100.339360 -0.099826 0.995005 0.000000 -7.358202 0.000000 0.000000 1.000000 0.000000
0.995036 0.099517 0.000000 102.089251 -0.099517 0.995036 0.000000 -7.551460 0.000000 0.000000 1.000000 0.000000
0.995013 0.099747 0.000000 103.835727 -0.099747 0.995013 0.000000 -7.740739 0.000000 0.000000 1.000000 0.000000
0.994995 0.099923 0.000000 105.594632 -0.099923 0.994995 0.000000 -7.902792 0.000000 0.000000 1.000000 0.000000
0.994976 0.100115 0.000000 107.307849 -0.100115 0.994976 0.000000 -7.981694 0.000000 0.000000 1.000000 0.000000
0.995022 0.099660 0.000000 109.050691 -0.099660 0.995022 0.000000 -8.234227 0.000000 0.000000 1.000000 0.000000
0.994974 0.100130 0.000000 110.773416 -0.100130 0.994974 0.000000 -8.353970 0.000000 0.000000 1.000000 0.000000
0.994949 0.100379 0.000000 112.540986 -0.100379 0.994949 0.000000 -8.473258 0.000000 0.000000 1.000000 0.000000
0.995092 0.098953 0.000000 114.277143 -0.098953 0.995092 0.000000 -8.726799 0.000000 0.000000 1.000000 0.000000
0.995071 0.099161 0.000000 116.031233 -0.099161 0.995071 0.000000 -8.907458 0.000000 0.000000 1.000000 0.000000
0.995062 0.099255 0.000000 117.826661 -0.099255 0.995062 0.000000 -9.043858 0.000000 0.000000 1.000000 0.000000
0.995066 0.099211 0.000000 119.557278 -0.099211 0.995066 0.000000 -9.271636 0.000000 0.000000 1.000000 0.000000
0.995142 0.098453 0.000000 121.398332 -0.098453 0.995142 0.000000 -9.395055 0.000000 0.000000 1.000000 0.000000
0.995182 0.098049 0.000000 123.212716 -0.098049 0.995182 0.000000 -9.568839 0.000000 0.000000 1.000000 0.000000
0.995440 0.095392 0.000000 125.041062 -0.095392 0.995440 0.000000 -9.766765 0.000000 0.000000 1.000000 0.000000
0.995725 0.092367 0.000000 126.917673 -0.092367 0.995725 0.000000 -9.894714 0.000000 0.000000 1.000000 0.000000
0.996162 0.087533 0.000000 128.743761 -0.087533 0.996162 0.000000 -10.009333 0.000000 0.000000 1.000000 0.000000
0.996634 0.081981 0.000000 130.599161 -0.081981 0.996634 0.000000 -10.149852 0.000000 0.000000 1.000000 0.000000
0.997053 0.076711 0.000000 132.439822 -0.076711 0.997053 0.000000 -10.241513 0.000000 0.000000 1.000000 0.000000
0.997497 0.070704 0.000000 134.289627 -0.070704 0.997497 0.000000 -10.403302 0.000000 0.000000 1.000000 0.000000
0.997998 0.063245 0.000000 136.063249 -0.063245 0.997998 0.000000 -10.532980 0.000000 0.000000 1.000000 0.000000
0.998272 0.058757 0.000000 137.877243 -0.058757 0.998272 0.000000 -10.615996 0.000000 0.000000 1.000000 0.000000
0.998520 0.054378 0.000000 139.589035 -0.054378 0.998520 0.000000 -10.719515 0.000000 0.000000 1.000000 0.000000
0.998834 0.048275 0.000000 141.333856 -0.048275 0.998834 0.000000 -10.801397 0.000000 0.000000 1.000000 0.000000
0.998875 0.047426 0.000000 143.195764 -0.047426 0.998875 0.000000 -10.812579 0.000000 0.000000 1.000000 0.000000
0.998992 0.044888 0.000000 145.026403 -0.044888 0.998992 0.000000 -10.772898 0.000000 0.000000 1.000000 0.000000
0.999108 0.042223 0.000000 146.768765 -0.042223 0.999108 0.000000 -10.953792 0.000000 0.000000 1.000000 0.000000
0.999150 0.041212 0.000000 148.591084 -0.041212 0.999150 0.000000 -11.050235 0.000000 0.000000 1.000000 0.000000
0.999110 0.042172 0.000000 150.478585 -0.042172 0.999110 0.000000 -11.062944 0.000000 0.000000 1.000000 0.000000
0.999094 0.042566 0.000000 152.365963 -0.042566 0.999094 0.000000 -11.159409 0.000000 0.000000 1.000000 0.000000
0.999046 0.043666 0.000000 154.266962 -0.043666 0.999046 0.000000 -11.208585 0.000000 0.000000 1.000000 0.000000
0.999005 0.044593 0.000000 156.182492 -0.044593 0.999005 0.000000 -11.255160 0.000000 0.000000 1.000000 0.000000
0.998960 0.045602 0.000000 158.181440 -0.045602 0.998960 0.000000 -11.376392 0.000000 0.000000 1.000000 0.000000
0.998850 0.047944 0.000000 160.139503 -0.047944 0.998850 0.000000 -11.418449 0.000000 0.000000 1.000000 0.000000
0.998663 0.051689 0.000000 162.079515 -0.051689 0.998663 0.000000 -11.512393 0.000000 0.000000 1.000000 0.000000
0.998563 0.053589 0.000000 164.097804 -0.053589 0.998563 0.000000 -11.635274 0.000000 0.000000 1.000000 0.000000
0.998388 0.056759 0.000000 166.083110 -0.056759 0.998388 0.000000 -11.772590 0.000000 0.000000 1.000000 0.000000
0.997991 0.063348 0.000000 168.160923 -0.063348 0.997991 0.000000 -11.868313 0.000000 0.000000 1.000000 0.000000
0.997440 0.071512 0.000000 170.196936 -0.071512 0.997440 0.000000 -12.022279 0.000000 0.000000 1.000000 0.000000
0.996767 0.080348 0.000000 172.239287 -0.080348 0.996767 0.000000 -12.175294 0.000000 0.000000 1.000000 0.000000
0.996092 0.088325 0.000000 174.282981 -0.088325 0.996092 0.000000 -12.360360 0.000000 0.000000 1.000000 0.000000
0.995462 0.095157 0.000000 176.344188 -0.095157 0.995462 0.000000 -12.545436 0.000000 0.000000 1.000000 0.000000
0.995187 0.097995 0.000000 178.340456 -0.097995 0.995187 0.000000 -12.757598 0.000000 0.000000 1.000000 0.000000
0.995223 0.097626 0.000000 180.329808 -0.097626 0.995223 0.000000 -12.913389 0.000000 0.000000 1.000000 0.000000
0.995217 0.097691 0.000000 182.317150 -0.097691 0.995217 0.000000 -13.170216 0.000000 0.000000 1.000000 0.000000
0.995170 0.098165 0.000000 184.214196 -0.098165 0.995170 0.000000 -13.371503 0.000000 0.000000 1.000000 0.000000
0.995353 0.096294 0.000000 186.178048 -0.096294 0.995353 0.000000 -13.588582 0.000000 0.000000 1.000000 0.000000
0.995766 0.091921 0.000000 188.117330 -0.091921 0.995766 0.000000 -13.607210 0.000000 0.000000 1.000000 0.000000
0.996189 0.087225 0.000000 189.937717 -0.087225 0.996189 0.000000 -13.937681 0.000000 0.000000 1.000000 0.000000
0.996492 0.083685 0.000000 192.006405 -0.083685 0.996492 0.000000 -13.998203 0.000000 0.000000 1.000000 0.000000
0.996819 0.079702 0.000000 193.994674 -0.079702 0.996819 0.000000 -14.202185 0.000000 0.000000 1.000000 0.000000
0.996939 0.078182 0.000000 195.963974 -0.078182 0.996939 0.000000 -14.300447 0.000000 0.000000 1.000000 0.000000
0.997004 0.077350 0.000000 197.959975 -0.077350 0.997004 0.000000 -14.477457 0.000000 0.000000 1.000000 0.000000
0.997209 0.074666 0.000000 200.018012 -0.074666 0.997209 0.000000 -14.577299 0.000000 0.000000 1.000000 0.000000
0.997362 0.072595 0.000000 202.025922 -0.072595 0.997362 0.000000 -14.716930 0.000000 0.000000 1.000000 0.000000
0.997414 0.071871 0.000000 204.080700 -0.071871 0.997414 0.000000 -14.859585 0.000000 0.000000 1.000000 0.000000
0.997529 0.070261 0.000000 206.191809 -0.070261 0.997529 0.000000 -14.985189 0.000000 0.000000 1.000000 0.000000
0.997667 0.068269 0.000000 208.255844 -0.068269 0.997667 0.000000 -15.137457 0.000000 0.000000 1.000000 0.000000
0.997756 0.066953 0.000000 210.350052 -0.066953 0.997756 0.000000 -15.199374 0.000000 0.000000 1.000000 0.000000
0.997899 0.064796 0.000000 212.450293 -0.064796 0.997899 0.000000 -15.418918 0.000000 0.000000 1.000000 0.000000
0.998129 0.061138 0.000000 214.574386 -0.061138 0.998129 0.000000 -15.512986 0.000000 0.000000 1.000000 0.000000
0.998404 0.056467 0.000000 216.605288 -0.056467 0.998404 0.000000 -15.721229 0.000000 0.000000 1.000000 0.000000
0.998583 0.053223 0.000000 218.671744 -0.053223 0.998583 0.000000 -15.782358 0.000000 0.000000 1.000000 0.000000
0.998723 0.050522 0.000000 220.705002 -0.050522 0.998723 0.000000 -15.736312 0.000000 0.000000 1.000000 0.000000
0.998874 0.047440 0.000000 222.659227 -0.047440 0.998874 0.000000 -15.919808 0.000000 0.000000 1.000000 0.000000
0.998889 0.047130 0.000000 224.649023 -0.047130 0.998889 0.000000 -15.992039 0.000000 0.000000 1.000000 0.000000
0.998992 0.044888 0.000000 226.612567 -0.044888 0.998992 0.000000 -16.053833 0.000000 0.000000 1.000000 0.000000
0.999025 0.044159 0.000000 228.511979 -0.044159 0.999025 0.000000 -16.132694 0.000000 0.000000 1.000000 0.000000
0.999090 0.042642 0.000000 230.364803 -0.042642 0.999090 0.000000 -16.242976 0.000000 0.000000 1.000000 0.000000
0.999152 0.041164 0.000000 232.204888 -0.041164 0.999152 0.000000 -16.280718 0.000000 0.000000 1.000000 0.000000
0.999233 0.039162 0.000000 234.118803 -0.039162 0.999233 0.000000 -16.364152 0.000000 0.000000 1.000000 0.000000
0.999191 0.040229 0.000000 235.914148 -0.040229 0.999191 0.000000 -16.407715 0.000000 0.000000 1.000000 0.000000
0.999259 0.038496 0.000000 237.776847 -0.038496 0.999259 0.000000 -16.450062 0.000000 0.000000 1.000000 0.000000
0.999291 0.037649 0.000000 239.775304 -0.037649 0.999291 0.000000 -16.574022 0.000000 0.000000 1.000000 0.000000
0.999381 0.035182 0.000000 241.535586 -0.035182 0.999381 0.000000 -16.526012 0.000000 0.000000 1.000000 0.000000
0.999397 0.034724 0.000000 243.492652 -0.034724 0.999397 0.000000 -16.674942 0.000000 0.000000 1.000000 0.000000
0.999476 0.032353 0.000000 245.419107 -0.032353 0.999476 0.000000 -16.691274 0.000000 0.000000 1.000000 0.000000
0.999605 0.028104 0.000000 247.371214 -0.028104 0.999605 0.000000 -16.694075 0.000000 0.000000 1.000000 0.000000
0.999786 0.020702 0.000000 249.374890 -0.020702 0.999786 0.000000 -16.773523 0.000000 0.000000 1.000000 0.000000
0.999894 0.014579 0.000000 251.423026 -0.014579 0.999894 0.000000 -16.767215 0.000000 0.000000 1.000000 0.000000
0.999970 0.007787 0.000000 253.420636 -0.007787 0.999970 0.000000 -16.841632 0.000000 0.000000 1.000000 0.000000
0.999998 0.002138 0.000000 255.514783 -0.002138 0.999998 0.000000 -16.780297 0.000000 0.000000 1.000000 0.000000
0.999986 -0.005250 0.000000 257.626670 0.005250 0.999986 0.000000 -16.766417 0.000000 0.000000 1.000000 0.000000
0.999943 -0.010684 0.000000 259.707643 0.010684 0.999943 0.000000 -16.719830 0.000000 0.000000 1.000000 0.000000
0.999868 -0.016243 0.000000 261.864592 0.016243 0.999868 0.000000 -16.645456 0.000000 0.000000 1.000000 0.000000
0.999745 -0.022582 0.000000 264.007179 0.022582 0.999745 0.000000 -16.629400 0.000000 0.000000 1.000000 0.000000
0.999627 -0.027322 0.000000 266.227819 0.027322 0.999627 0.000000 -16.493281 0.000000 0.000000 1.000000 0.000000
0.999637 -0.026937 0.000000 268.384220 0.026937 0.999637 0.000000 -16.419251 0.000000 0.000000 1.000000 0.000000
0.999653 -0.026327 0.000000 270.560067 0.026327 0.999653 0.000000 -16.385322 0.000000 0.000000 1.000000 0.000000
0.999654 -0.026317 0.000000 272.769170 0.026317 0.999654 0.000000 -16.332387 0.000000 0.000000 1.000000 0.000000
0.999642 -0.026768 0.000000 274.950591 0.026768 0.999642 0.000000 -16.249475 0.000000 0.000000 1.000000 0.000000
0.999710 -0.024077 0.000000 277.171238 0.024077 0.999710 0.000000 -16.170070 0.000000 0.000000 1.000000 0.000000
0.999741 -0.022769 0.000000 279.390663 0.022769 0.999741 0.000000 -16.140644 0.000000 0.000000 1.000000 0.000000
0.999792 -0.020396 0.000000 281.591148 0.020396 0.999792 0.000000 -16.048002 0.000000 0.000000 1.000000 0.000000
0.999823 -0.018802 0.000000 283.785026 0.018802 0.999823 0.000000 -15.988368 0.000000 0.000000 1.000000 0.000000
0.999825 -0.018687 0.000000 285.982057 0.018687 0.999825 0.000000 -15.938754 0.000000 0.000000 1.000000 0.000000
0.999808 -0.019577 0.000000 288.101547 0.019577 0.999808 0.000000 -15.875984 0.000000 0.000000 1.000000 0.000000
0.999786 -0.020680 0.000000 290.201295 0.020680 0.999786 0.000000 -15.831757 0.000000 0.000000 1.000000 0.000000
0.999800 -0.020005 0.000000 292.309314 0.020005 0.999800 0.000000 -15.795322 0.000000 0.000000 1.000000 0.000000
0.999801 -0.019958 0.000000 294.367016 0.019958 0.999801 0.000000 -15.776307 0.000000 0.000000 1.000000 0.000000
0.999819 -0.019008 0.000000 296.547819 0.019008 0.999819 0.000000 -15.613265 0.000000 0.000000 1.000000 0.000000
0.999750 -0.022346 0.000000 298.620421 0.022346 0.999750 0.000000 -15.549684 0.000000 0.000000 1.000000 0.000000
0.999689 -0.024956 0.000000 300.827626 0.024956 0.999689 0.000000 -15.544136 0.000000 0.000000 1.000000 0.000000
0.999663 -0.025963 0.000000 303.046104 0.025963 0.999663 0.000000 -15.458571 0.000000 0.000000 1.000000 0.000000
0.999646 -0.026611 0.000000 305.248394 0.026611 0.999646 0.000000 -15.390569 0.000000 0.000000 1.000000 0.000000
0.999631 -0.027164 0.000000 307.495924 0.027164 0.999631 0.000000 -15.335399 0.000000 0.000000 1.000000 0.000000
0.999590 -0.028641 0.000000 309.755872 0.028641 0.999590 0.000000 -15.319615 0.000000 0.000000 1.000000 0.000000
0.999526 -0.030798 0.000000 311.982531 0.030798 0.999526 0.000000 -15.190093 0.000000 0.000000 1.000000 0.000000
0.999439 -0.033490 0.000000 314.224503 0.033490 0.999439 0.000000 -15.066651 0.000000 0.000000 1.000000 0.000000
0.999315 -0.037013 0.000000 316.445715 0.037013 0.999315 0.000000 -14.980638 0.000000 0.000000 1.000000 0.000000
0.999168 -0.040779 0.000000 318.668688 0.040779 0.999168 0.000000 -14.916422 0.000000 0.000000 1.000000 0.000000
0.998989 -0.044956 0.000000 320.903503 0.044956 0.998989 0.000000 -14.810112 0.000000 0.000000 1.000000 0.000000
0.998804 -0.048890 0.000000 323.116516 0.048890 0.998804 0.000000 -14.686982 0.000000 0.000000 1.000000 0.000000
0.998610 -0.052708 0.000000 325.319684 0.052708 0.998610 0.000000 -14.581894 0.000000 0.000000 1.000000 0.000000
0.998393 -0.056675 0.000000 327.466840 0.056675 0.998393 0.000000 -14.453079 0.000000 0.000000 1.000000 0.000000
0.998245 -0.059219 0.000000 329.583680 0.059219 0.998245 0.000000 -14.326854 0.000000 0.000000 1.000000 0.000000
0.998070 -0.062103 0.000000 331.646518 0.062103 0.998070 0.000000 -14.185083 0.000000 0.000000 1.000000 0.000000
0.997808 -0.066170 0.000000 333.763960 0.066170 0.997808 0.000000 -14.050456 0.000000 0.000000 1.000000 0.000000
0.997532 -0.070217 0.000000 335.816048 0.070217 0.997532 0.000000 -13.758062 0.000000 0.000000 1.000000 0.000000
0.997021 -0.077135 0.000000 337.873227 0.077135 0.997021 0.000000 -13.697635 0.000000 0.000000 1.000000 0.000000
0.996381 -0.085004 0.000000 339.921203 0.085004 0.996381 0.000000 -13.533024 0.000000 0.000000 1.000000 0.000000
0.995679 -0.092864 0.000000 341.964641 0.092864 0.995679 0.000000 -13.323010 0.000000 0.000000 1.000000 0.000000
0.995175 -0.098115 0.000000 343.993831 0.098115 0.995175 0.000000 -13.103271 0.000000 0.000000 1.000000 0.000000
0.994558 -0.104180 0.000000 346.011594 0.104180 0.994558 0.000000 -12.860837 0.000000 0.000000 1.000000 0.000000
0.993986 -0.109506 0.000000 348.033673 0.109506 0.993986 0.000000 -12.663371 0.000000 0.000000 1.000000 0.000000
0.993726 -0.111840 0.000000 350.059808 0.111840 0.993726 0.000000 -12.400081 0.000000 0.000000 1.000000 0.000000
0.993590 -0.113044 0.000000 352.063140 0.113044 0.993590 0.000000 -12.161584 0.000000 0.000000 1.000000 0.000000
0.993645 -0.112563 0.000000 354.072515 0.112563 0.993645 0.000000 -11.898274 0.000000 0.000000 1.000000 0.000000
0.993391 -0.114777 0.000000 356.006373 0.114777 0.993391 0.000000 -11.680125 0.000000 0.000000 1.000000 0.000000
0.993343 -0.115194 0.000000 357.996081 0.115194 0.993343 0.000000 -11.440788 0.000000 0.000000 1.000000 0.000000
0.993186 -0.116544 0.000000 359.900700 0.116544 0.993186 0.000000 -11.125772 0.000000 0.000000 1.000000 0.000000
0.992912 -0.118851 0.000000 361.815798 0.118851 0.992912 0.000000 -10.975206 0.000000 0.000000 1.000000 0.000000
0.992574 -0.121643 0.000000 363.736766 0.121643 0.992574 0.000000 -10.734623 0.000000 0.000000 1.000000 0.000000
0.992183 -0.124791 0.000000 365.651584 0.124791 0.992183 0.000000 -10.460906 0.000000 0.000000 1.000000 0.000000
0.991653 -0.128939 0.000000 367.611695 0.128939 0.991653 0.000000 -10.264556 0.000000 0.000000 1.000000 0.000000
0.991169 -0.132601 0.000000 369.539347 0.132601 0.991169 0.000000 -9.929367 0.000000 0.000000 1.000000 0.000000
0.990990 -0.133939 0.000000 371.454476 0.133939 0.990990 0.000000 -9.627268 0.000000 0.000000 1.000000 0.000000
0.990694 -0.136110 0.000000 373.469509 0.136110 0.990694 0.000000 -9.349970 0.000000 0.000000 1.000000 0.000000
0.990264 -0.139199 0.000000 375.523113 0.139199 0.990264 0.000000 -9.075525 0.000000 0.000000 1.000000 0.000000
0.990127 -0.140177 0.000000 377.525779 0.140177 0.990127 0.000000 -8.773752 0.000000 0.000000 1.000000 0.000000
0.990198 -0.139674 0.000000 379.623000 0.139674 0.990198 0.000000 -8.488449 0.000000 0.000000 1.000000 0.000000
0.990541 -0.137216 0.000000 381.652931 0.137216 0.990541 0.000000 -8.191499 0.000000 0.000000 1.000000 0.000000
0.990810 -0.135264 0.000000 383.711903 0.135264 0.990810 0.000000 -7.857404 0.000000 0.000000 1.000000 0.000000
0.991226 -0.132179 0.000000 385.806861 0.132179 0.991226 0.000000 -7.576197 0.000000 0.000000 1.000000 0.000000
0.991716 -0.128451 0.000000 387.847209 0.128451 0.991716 0.000000 -7.338256 0.000000 0.000000 1.000000 0.000000
0.992147 -0.125076 0.000000 389.859035 0.125076 0.992147 0.000000 -7.044965 0.000000 0.000000 1.000000 0.000000
0.992515 -0.122121 0.000000 391.851299 0.122121 0.992515 0.000000 -6.807953 0.000000 0.000000 1.000000 0.000000
0.992701 -0.120598 0.000000 393.835939 0.120598 0.992701 0.000000 -6.556647 0.000000 0.000000 1.000000 0.000000
0.992299 -0.123868 0.000000 395.757494 0.123868 0.992299 0.000000 -6.283415 0.000000 0.000000 1.000000 0.000000
0.992138 -0.125147 0.000000 397.668472 0.125147 0.992138 0.000000 -6.067311 0.000000 0.000000 1.000000 0.000000
0.991827 -0.127589 0.000000 399.619390 0.127589 0.991827 0.000000 -5.795033 0.000000 0.000000 1.000000 0.000000
0.991205 -0.132338 0.000000 401.517906 0.132338 0.991205 0.000000 -5.561101 0.000000 0.000000 1.000000 0.000000
0.991181 -0.132514 0.000000 403.442410 0.132514 0.991181 0.000000 -5.288666 0.000000 0.000000 1.000000 0.000000
0.990514 -0.137411 0.000000 405.416271 0.137411 0.990514 0.000000 -4.888921 0.000000 0.000000 1.000000 0.000000
0.989997 -0.141087 0.000000 407.382896 0.141087 0.989997 0.000000 -4.667187 0.000000 0.000000 1.000000 0.000000
0.989439 -0.144949 0.000000 409.446650 0.144949 0.989439 0.000000 -4.320211 0.000000 0.000000 1.000000 0.000000
0.988797 -0.149263 0.000000 411.459814 0.149263 0.988797 0.000000 -4.025523 0.000000 0.000000 1.000000 0.000000
0.987809 -0.155668 0.000000 413.527877 0.155668 0.987809 0.000000 -3.699409 0.000000 0.000000 1.000000 0.000000
0.986852 -0.161624 0.000000 415.577004 0.161624 0.986852 0.000000 -3.401610 0.000000 0.000000 1.000000 0.000000
0.985522 -0.169548 0.000000 417.646133 0.169548 0.985522 0.000000 -3.010211 0.000000 0.000000 1.000000 0.000000
0.984415 -0.175862 0.000000 419.733014 0.175862 0.984415 0.000000 -2.623056 0.000000 0.000000 1.000000 0.000000
0.982499 -0.186266 0.000000 421.798328 0.186266 0.982499 0.000000 -2.179886 0.000000 0.000000 1.000000 0.000000
0.980424 -0.196897 0.000000 423.952722 0.196897 0.980424 0.000000 -1.804370 0.000000 0.000000 1.000000 0.000000
0.978072 -0.208267 0.000000 426.087662 0.208267 0.978072 0.000000 -1.393147 0.000000 0.000000 1.000000 0.000000
0.976228 -0.216748 0.000000 428.182974 0.216748 0.976228 0.000000 -0.776506 0.000000 0.000000 1.000000 0.000000
0.974072 -0.226238 0.000000 430.362804 0.226238 0.974072 0.000000 -0.348711 0.000000 0.000000 1.000000 0.000000
0.972353 -0.233515 0.000000 432.449513 0.233515 0.972353 0.000000 0.206405 0.000000 0.000000 1.000000 0.000000
0.970021 -0.243020 0.000000 434.617098 0.243020 0.970021 0.000000 0.664265 0.000000 0.000000 1.000000 0.000000
0.967999 -0.250953 0.000000 436.753134 0.250953 0.967999 0.000000 1.278741 0.000000 0.000000 1.000000 0.000000
0.965931 -0.258800 0.000000 438.833727 0.258800 0.965931 0.000000 1.823662 0.000000 0.000000 1.000000 0.000000
0.963798 -0.266635 0.000000 440.891086 0.266635 0.963798 0.000000 2.469006 0.000000 0.000000 1.000000 0.000000
0.962117 -0.272637 0.000000 442.909226 0.272637 0.962117 0.000000 3.021485 0.000000 0.000000 1.000000 0.000000
0.961044 -0.276396 0.000000 444.901194 0.276396 0.961044 0.000000 3.618252 0.000000 0.000000 1.000000 0.000000
0.959990 -0.280034 0.000000 446.815790 0.280034 0.959990 0.000000 4.155077 0.000000 0.000000 1.000000 0.000000
0.959200 -0.282729 0.000000 448.653263 0.282729 0.959200 0.000000 4.706902 0.000000 0.000000 1.000000 0.000000
0.958137 -0.286311 0.000000 450.325477 0.286311 0.958137 0.000000 5.207078 0.000000 0.000000 1.000000 0.000000
0.957009 -0.290059 0.000000 452.031523 0.290059 0.957009 0.000000 5.711854 0.000000 0.000000 1.000000 0.000000
0.955860 -0.293823 0.000000 453.655213 0.293823 0.955860 0.000000 6.218830 0.000000 0.000000 1.000000 0.000000
0.954451 -0.298368 0.000000 455.201272 0.298368 0.954451 0.000000 6.643840 0.000000 0.000000 1.000000 0.000000
0.953542 -0.301260 0.000000 456.754731 0.301260 0.953542 0.000000 7.173896 0.000000 0.000000 1.000000 0.000000
0.952187 -0.305515 0.000000 458.317719 0.305515 0.952187 0.000000 7.623449 0.000000 0.000000 1.000000 0.000000
0.950136 -0.311835 0.000000 459.887083 0.311835 0.950136 0.000000 8.125107 0.000000 0.000000 1.000000 0.000000
0.949801 -0.312856 0.000000 461.286582 0.312856 0.949801 0.000000 8.648541 0.000000 0.000000 1.000000 0.000000
0.948971 -0.315364 0.000000 462.745581 0.315364 0.948971 0.000000 9.203366 0.000000 0.000000 1.000000 0.000000
0.947698 -0.319168 0.000000 464.267038 0.319168 0.947698 0.000000 9.658210 0.000000 0.000000 1.000000 0.000000
0.947005 -0.321218 0.000000 465.663086 0.321218 0.947005 0.000000 10.153749 0.000000 0.000000 1.000000 0.000000
0.946669 -0.322208 0.000000 467.131076 0.322208 0.946669 0.000000 10.703201 0.000000 0.000000 1.000000 0.000000
0.946334 -0.323190 0.000000 468.497068 0.323190 0.946334 0.000000 11.181499 0.000000 0.000000 1.000000 0.000000
0.946355 -0.323128 0.000000 469.884488 0.323128 0.946355 0.000000 11.619989 0.000000 0.000000 1.000000 0.000000
0.946691 -0.322144 0.000000 471.182163 0.322144 0.946691 0.000000 12.079019 0.000000 0.000000 1.000000 0.000000
0.948503 -0.316767 0.000000 472.527588 0.316767 0.948503 0.000000 12.513664 0.000000 0.000000 1.000000 0.000000
0.952803 -0.303591 0.000000 473.740911 0.303591 0.952803 0.000000 12.942751 0.000000 0.000000 1.000000 0.000000
0.961593 -0.274479 0.000000 475.040698 0.274479 0.961593 0.000000 13.177659 0.000000 0.000000 1.000000 0.000000
0.971664 -0.236367 0.000000 476.225625 0.236367 0.971664 0.000000 13.465290 0.000000 0.000000 1.000000 0.000000
0.983021 -0.183495 0.000000 477.468487 0.183495 0.983021 0.000000 13.565204 0.000000 0.000000 1.000000 0.000000
0.993315 -0.115433 0.000000 478.658718 0.115433 0.993315 0.000000 13.680160 0.000000 0.000000 1.000000 0.000000
0.999543 -0.030236 0.000000 479.723910 0.030236 0.999543 0.000000 13.633125 0.000000 0.000000 1.000000 0.000000
0.997977 0.063580 0.000000 480.821330 -0.063580 0.997977 0.000000 13.524452 0.000000 0.000000 1.000000 0.000000
0.985911 0.167274 0.000000 481.834386 -0.167274 0.985911 0.000000 13.245499 0.000000 0.000000 1.000000 0.000000
0.960987 0.276594 0.000000 482.803915 -0.276594 0.960987 0.000000 12.864976 0.000000 0.000000 1.000000 0.000000
0.924601 0.380936 0.000000 483.681998 -0.380936 0.924601 0.000000 12.496255 0.000000 0.000000 1.000000 0.000000
0.874208 0.485552 0.000000 484.565775 -0.485552 0.874208 0.000000 11.763433 0.000000 0.000000 1.000000 0.000000
0.809158 0.587591 0.000000 485.325089 -0.587591 0.809158 0.000000 11.111549 0.000000 0.000000 1.000000 0.000000
0.728713 0.684819 0.000000 485.972447 -0.684819 0.728713 0.000000 10.296089 0.000000 0.000000 1.000000 0.000000
0.635659 0.771970 0.000000 486.576691 -0.771970 0.635659 0.000000 9.454230 0.000000 0.000000 1.000000 0.000000
0.529978 0.848011 0.000000 487.025564 -0.848011 0.529978 0.000000 8.460857 0.000000 0.000000 1.000000 0.000000
0.414394 0.910098 0.000000 487.343536 -0.910098 0.414394 0.000000 7.480655 0.000000 0.000000 1.000000 0.000000
0.296394 0.955066 0.000000 487.578632 -0.955066 0.296394 0.000000 6.418135 0.000000 0.000000 1.000000 0.000000
0.196356 0.980533 0.000000 487.691939 -0.980533 0.196356 0.000000 5.265549 0.000000 0.000000 1.000000 0.000000
0.127265 0.991869 0.000000 487.855363 -0.991869 0.127265 0.000000 3.931537 0.000000 0.000000 1.000000 0.000000
0.095456 0.995434 0.000000 488.039489 -0.995434 0.095456 0.000000 2.689997 0.000000 0.000000 1.000000 0.000000
0.074793 0.997199 0.000000 488.236523 -0.997199 0.074793 0.000000 1.322075 0.000000 0.000000 1.000000 0.000000
0.053514 0.998567 0.000000 488.213946 -0.998567 0.053514 0.000000 -0.058181 0.000000 0.000000 1.000000 0.000000
0.034024 0.999421 0.000000 488.282327 -0.999421 0.034024 0.000000 -1.471031 0.000000 0.000000 1.000000 0.000000
0.018994 0.999820 0.000000 488.335817 -0.999820 0.018994 0.000000 -2.840955 0.000000 0.000000 1.000000 0.000000
0.009719 0.999953 0.000000 488.384716 -0.999953 0.009719 0.000000 -4.390954 0.000000 0.000000 1.000000 0.000000
0.002146 0.999998 0.000000 488.343302 -0.999998 0.002146 0.000000 -5.925978 0.000000 0.000000 1.000000 0.000000
-0.001723 0.999999 0.000000 488.359774 -0.999999 -0.001723 0.000000 -7.524954 0.000000 0.000000 1.000000 0.000000
-0.002650 0.999996 0.000000 488.342468 -0.999996 -0.002650 0.000000 -9.149383 0.000000 0.000000 1.000000 0.000000
-0.001336 0.999999 0.000000 488.393805 -0.999999 -0.001336 0.000000 -10.841346 0.000000 0.000000 1.000000 0.000000
0.001509 0.999999 0.000000 488.461063 -0.999999 0.001509 0.000000 -12.564452 0.000000 0.000000 1.000000 0.000000
0.003013 0.999995 0.000000 488.412999 -0.999995 0.003013 0.000000 -14.367641 0.000000 0.000000 1.000000 0.000000
0.003691 0.999993 0.000000 488.391270 -0.999993 0.003691 0.000000 -16.128471 0.000000 0.000000 1.000000 0.000000
0.005225 0.999986 0.000000 488.403743 -0.999986 0.005225 0.000000 -17.944603 0.000000 0.000000 1.000000 0.000000
0.005055 0.999987 0.000000 488.489519 -0.999987 0.005055 0.000000 -19.805979 0.000000 0.000000 1.000000 0.000000
0.005032 0.999987 0.000000 488.474258 -0.999987 0.005032 0.000000 -21.736418 0.000000 0.000000 1.000000 0.000000
0.006547 0.999979 0.000000 488.502065 -0.999979 0.006547 0.000000 -23.675622 0.000000 0.000000 1.000000 0.000000
0.008911 0.999960 0.000000 488.531999 -0.999960 0.008911 0.000000 -25.646190 0.000000 0.000000 1.000000 0.000000
0.011939 0.999929 0.000000 488.561967 -0.999929 0.011939 0.000000 -27.663874 0.000000 0.000000 1.000000 0.000000
0.016849 0.999858 0.000000 488.614142 -0.999858 0.016849 0.000000 -29.747636 0.000000 0.000000 1.000000 0.000000
0.022208 0.999753 0.000000 488.646855 -0.999753 0.022208 0.000000 -31.801197 0.000000 0.000000 1.000000 0.000000
0.023270 0.999729 0.000000 488.686028 -0.999729 0.023270 0.000000 -33.870006 0.000000 0.000000 1.000000 0.000000
0.018807 0.999823 0.000000 488.713042 -0.999823 0.018807 0.000000 -35.935571 0.000000 0.000000 1.000000 0.000000
0.014961 0.999888 0.000000 488.710207 -0.999888 0.014961 0.000000 -38.040219 0.000000 0.000000 1.000000 0.000000
0.010193 0.999948 0.000000 488.762085 -0.999948 0.010193 0.000000 -40.112432 0.000000 0.000000 1.000000 0.000000
0.006552 0.999979 0.000000 488.801861 -0.999979 0.006552 0.000000 -42.232800 0.000000 0.000000 1.000000 0.000000
0.003843 0.999993 0.000000 488.789026 -0.999993 0.003843 0.000000 -44.371754 0.000000 0.000000 1.000000 0.000000
0.001176 0.999999 0.000000 488.812969 -0.999999 0.001176 0.000000 -46.510861 0.000000 0.000000 1.000000 0.000000
0.004388 0.999990 0.000000 488.821084 -0.999990 0.004388 0.000000 -48.642645 0.000000 0.000000 1.000000 0.000000
0.009287 0.999957 0.000000 488.840023 -0.999957 0.009287 0.000000 -50.670595 0.000000 0.000000 1.000000 0.000000
0.012767 0.999919 0.000000 488.956167 -0.999919 0.012767 0.000000 -52.729186 0.000000 0.000000 1.000000 0.000000
0.016003 0.999872 0.000000 488.997415 -0.999872 0.016003 0.000000 -54.731043 0.000000 0.000000 1.000000 0.000000
0.018654 0.999826 0.000000 489.014993 -0.999826 0.018654 0.000000 -56.685181 0.000000 0.000000 1.000000 0.000000
0.018612 0.999827 0.000000 488.987166 -0.999827 0.018612 0.000000 -58.531490 0.000000 0.000000 1.000000 0.000000
0.014599 0.999893 0.000000 489.014948 -0.999893 0.014599 0.000000 -60.258573 0.000000 0.000000 1.000000 0.000000
0.011910 0.999929 0.000000 488.998017 -0.999929 0.011910 0.000000 -61.843968 0.000000 0.000000 1.000000 0.000000
0.011068 0.999939 0.000000 489.063407 -0.999939 0.011068 0.000000 -63.480492 0.000000 0.000000 1.000000 0.000000
0.011171 0.999938 0.000000 489.060258 -0.999938 0.011171 0.000000 -65.061658 0.000000 0.000000 1.000000 0.000000
0.009822 0.999952 0.000000 489.082418 -0.999952 0.009822 0.000000 -66.641474 0.000000 0.000000 1.000000 0.000000
0.010814 0.999942 0.000000 489.068733 -0.999942 0.010814 0.000000 -68.173465 0.000000 0.000000 1.000000 0.000000
0.012222 0.999925 0.000000 489.067850 -0.999925 0.012222 0.000000 -69.691258 0.000000 0.000000 1.000000 0.000000
0.012446 0.999923 0.000000 489.203569 -0.999923 0.012446 0.000000 -71.311186 0.000000 0.000000 1.000000 0.000000
0.014918 0.999889 0.000000 489.321663 -0.999889 0.014918 0.000000 -72.965428 0.000000 0.000000 1.000000 0.000000
0.017393 0.999849 0.000000 489.309640 -0.999849 0.017393 0.000000 -74.411682 0.000000 0.000000 1.000000 0.000000
0.019509 0.999810 0.000000 489.260402 -0.999810 0.019509 0.000000 -75.983014 0.000000 0.000000 1.000000 0.000000
0.020771 0.999784 0.000000 489.333672 -0.999784 0.020771 0.000000 -77.585434 0.000000 0.000000 1.000000 0.000000
0.021570 0.999767 0.000000 489.336814 -0.999767 0.021570 0.000000 -79.300942 0.000000 0.000000 1.000000 0.000000
0.022442 0.999748 0.000000 489.412037 -0.999748 0.022442 0.000000 -80.889596 0.000000 0.000000 1.000000 0.000000
0.021993 0.999758 0.000000 489.455668 -0.999758 0.021993 0.000000 -82.557026 0.000000 0.000000 1.000000 0.000000
0.022041 0.999757 0.000000 489.485631 -0.999757 0.022041 0.000000 -84.203338 0.000000 0.000000 1.000000 0.000000
0.019642 0.999807 0.000000 489.553810 -0.999807 0.019642 0.000000 -85.873909 0.000000 0.000000 1.000000 0.000000
0.015440 0.999881 0.000000 489.565037 -0.999881 0.015440 0.000000 -87.493023 0.000000 0.000000 1.000000 0.000000
0.013827 0.999904 0.000000 489.558576 -0.999904 0.013827 0.000000 -89.098067 0.000000 0.000000 1.000000 0.000000
0.011794 0.999930 0.000000 489.591066 -0.999930 0.011794 0.000000 -90.727590 0.000000 0.000000 1.000000 0.000000
0.011090 0.999939 0.000000 489.617789 -0.999939 0.011090 0.000000 -92.318488 0.000000 0.000000 1.000000 0.000000
0.012179 0.999926 0.000000 489.651103 -0.999926 0.012179 0.000000 -93.900251 0.000000 0.000000 1.000000 0.000000
0.012176 0.999926 0.000000 489.634453 -0.999926 0.012176 0.000000 -95.499256 0.000000 0.000000 1.000000 0.000000
0.012072 0.999927 0.000000 489.659669 -0.999927 0.012072 0.000000 -97.027591 0.000000 0.000000 1.000000 0.000000
0.011532 0.999934 0.000000 489.701474 -0.999934 0.011532 0.000000 -98.499859 0.000000 0.000000 1.000000 0.000000
0.009868 0.999951 0.000000 489.794287 -0.999951 0.009868 0.000000 -100.169671 0.000000 0.000000 1.000000 0.000000
0.012015 0.999928 0.000000 489.711843 -0.999928 0.012015 0.000000 -101.801384 0.000000 0.000000 1.000000 0.000000
0.014376 0.999897 0.000000 489.811387 -0.999897 0.014376 0.000000 -103.217590 0.000000 0.000000 1.000000 0.000000
0.015430 0.999881 0.000000 489.838164 -0.999881 0.015430 0.000000 -104.784588 0.000000 0.000000 1.000000 0.000000
0.016098 0.999870 0.000000 489.850817 -0.999870 0.016098 0.000000 -106.400601 0.000000 0.000000 1.000000 0.000000
0.015847 0.999874 0.000000 489.926813 -0.999874 0.015847 0.000000 -107.932758 0.000000 0.000000 1.000000 0.000000
0.015688 0.999877 0.000000 489.973901 -0.999877 0.015688 0.000000 -109.517783 0.000000 0.000000 1.000000 0.000000
0.017066 0.999854 0.000000 490.045941 -0.999854 0.017066 0.000000 -111.092826 0.000000 0.000000 1.000000 0.000000
0.016821 0.999859 0.000000 490.012265 -0.999859 0.016821 0.000000 -112.680928 0.000000 0.000000 1.000000 0.000000
0.018608 0.999827 0.000000 490.006858 -0.999827 0.018608 0.000000 -114.271891 0.000000 0.000000 1.000000 0.000000
0.017902 0.999840 0.000000 489.989537 -0.999840 0.017902 0.000000 -115.873238 0.000000 0.000000 1.000000 0.000000
0.016911 0.999857 0.000000 490.076196 -0.999857 0.016911 0.000000 -117.490706 0.000000 0.000000 1.000000 0.000000
0.014801 0.999890 0.000000 490.112755 -0.999890 0.014801 0.000000 -119.117451 0.000000 0.000000 1.000000 0.000000
0.010384 0.999946 0.000000 490.027708 -0.999946 0.010384 0.000000 -120.749345 0.000000 0.000000 1.000000 0.000000
0.005961 0.999982 0.000000 490.102083 -0.999982 0.005961 0.000000 -122.382845 0.000000 0.000000 1.000000 0.000000
0.004334 0.999991 0.000000 490.019803 -0.999991 0.004334 0.000000 -124.020690 0.000000 0.000000 1.000000 0.000000
-0.000124 1.000000 0.000000 489.920412 -1.000000 -0.000124 0.000000 -125.708753 0.000000 0.000000 1.000000 0.000000
-0.007786 0.999970 0.000000 489.904177 -0.999970 -0.007786 0.000000 -127.312427 0.000000 0.000000 1.000000 0.000000
-0.019650 0.999807 0.000000 489.922330 -0.999807 -0.019650 0.000000 -128.901588 0.000000 0.000000 1.000000 0.000000
-0.034087 0.999419 0.000000 489.864915 -0.999419 -0.034087 0.000000 -130.492320 0.000000 0.000000 1.000000 0.000000
-0.056236 0.998418 0.000000 489.761287 -0.998418 -0.056236 0.000000 -132.132867 0.000000 0.000000 1.000000 0.000000
-0.092785 0.995686 0.000000 489.535125 -0.995686 -0.092785 0.000000 -133.720492 0.000000 0.000000 1.000000 0.000000
