0.999293 -0.037609 0.000000 3.297194 0.037609 0.999293 0.000000 0.121079 0.000000 0.000000 1.000000 0.000000
0.999225 -0.039366 0.000000 3.949085 0.039366 0.999225 0.000000 0.207599 0.000000 0.000000 1.000000 0.000000
0.999178 -0.040527 0.000000 4.736563 0.040527 0.999178 0.000000 0.191613 0.000000 0.000000 1.000000 0.000000
0.999101 -0.042397 0.000000 5.613025 0.042397 0.999101 0.000000 0.268808 0.000000 0.000000 1.000000 0.000000
0.998966 -0.045460 0.000000 6.546171 0.045460 0.998966 0.000000 0.338200 0.000000 0.000000 1.000000 0.000000
0.998848 -0.047985 0.000000 7.519113 0.047985 0.998848 0.000000 0.411108 0.000000 0.000000 1.000000 0.000000
0.998676 -0.051446 0.000000 8.632156 0.051446 0.998676 0.000000 0.431106 0.000000 0.000000 1.000000 0.000000
0.998541 -0.054003 0.000000 9.738294 0.054003 0.998541 0.000000 0.535322 0.000000 0.000000 1.000000 0.000000
0.998399 -0.056565 0.000000 10.903348 0.056565 0.998399 0.000000 0.619666 0.000000 0.000000 1.000000 0.000000
0.998188 -0.060165 0.000000 12.220398 0.060165 0.998188 0.000000 0.679268 0.000000 0.000000 1.000000 0.000000
0.997943 -0.064113 0.000000 13.557941 0.064113 0.997943 0.000000 0.775740 0.000000 0.000000 1.000000 0.000000
0.997901 -0.064754 0.000000 14.927495 0.064754 0.997901 0.000000 0.857649 0.000000 0.000000 1.000000 0.000000
0.997799 -0.066305 0.000000 16.462372 0.066305 0.997799 0.000000 0.969879 0.000000 0.000000 1.000000 0.000000
0.997699 -0.067806 0.000000 18.022386 0.067806 0.997699 0.000000 1.120001 0.000000 0.000000 1.000000 0.000000
0.997557 -0.069851 0.000000 19.586369 0.069851 0.997557 0.000000 1.225264 0.000000 0.000000 1.000000 0.000000
0.997733 -0.067291 0.000000 21.307225 0.067291 0.997733 0.000000 1.406426 0.000000 0.000000 1.000000 0.000000
0.997837 -0.065735 0.000000 23.084859 0.065735 0.997837 0.000000 1.483938 0.000000 0.000000 1.000000 0.000000
0.998124 -0.061226 0.000000 24.902163 0.061226 0.998124 0.000000 1.619312 0.000000 0.000000 1.000000 0.000000
0.998314 -0.058051 0.000000 26.793415 0.058051 0.998314 0.000000 1.687778 0.000000 0.000000 1.000000 0.000000
0.998643 -0.052084 0.000000 28.740079 0.052084 0.998643 0.000000 1.827128 0.000000 0.000000 1.000000 0.000000
0.998711 -0.050757 0.000000 30.769734 0.050757 0.998711 0.000000 1.932940 0.000000 0.000000 1.000000 0.000000
0.998756 -0.049874 0.000000 32.829641 0.049874 0.998756 0.000000 1.964613 0.000000 0.000000 1.000000 0.000000
0.998756 -0.049863 0.000000 35.008333 0.049863 0.998756 0.000000 2.114753 0.000000 0.000000 1.000000 0.000000
0.998684 -0.051277 0.000000 37.190838 0.051277 0.998684 0.000000 2.157506 0.000000 0.000000 1.000000 0.000000
0.998573 -0.053402 0.000000 39.441601 0.053402 0.998573 0.000000 2.292293 0.000000 0.000000 1.000000 0.000000
0.998364 -0.057181 0.000000 41.720508 0.057181 0.998364 0.000000 2.409587 0.000000 0.000000 1.000000 0.000000
0.998101 -0.061603 0.000000 44.057078 0.061603 0.998101 0.000000 2.590614 0.000000 0.000000 1.000000 0.000000
0.997619 -0.068964 0.000000 46.481338 0.068964 0.997619 0.000000 2.726093 0.000000 0.000000 1.000000 0.000000
0.996950 -0.078038 0.000000 48.935167 0.078038 0.996950 0.000000 2.888428 0.000000 0.000000 1.000000 0.000000
0.996118 -0.088023 0.000000 51.415607 0.088023 0.996118 0.000000 3.078225 0.000000 0.000000 1.000000 0.000000
0.995128 -0.098595 0.000000 53.925120 0.098595 0.995128 0.000000 3.382798 0.000000 0.000000 1.000000 0.000000
0.993652 -0.112502 0.000000 56.582526 0.112502 0.993652 0.000000 3.640786 0.000000 0.000000 1.000000 0.000000
0.992201 -0.124651 0.000000 59.215772 0.124651 0.992201 0.000000 4.048342 0.000000 0.000000 1.000000 0.000000
0.990454 -0.137841 0.000000 61.889546 0.137841 0.990454 0.000000 4.361586 0.000000 0.000000 1.000000 0.000000
0.988849 -0.148920 0.000000 64.602882 0.148920 0.988849 0.000000 4.801936 0.000000 0.000000 1.000000 0.000000
0.987901 -0.155087 0.000000 67.379781 0.155087 0.987901 0.000000 5.294314 0.000000 0.000000 1.000000 0.000000
0.987128 -0.159931 0.000000 70.203779 0.159931 0.987128 0.000000 5.699949 0.000000 0.000000 1.000000 0.000000
0.986718 -0.162443 0.000000 73.074039 0.162443 0.986718 0.000000 6.194739 0.000000 0.000000 1.000000 0.000000
0.986979 -0.160850 0.000000 75.949008 0.160850 0.986979 0.000000 6.678443 0.000000 0.000000 1.000000 0.000000
0.987885 -0.155188 0.000000 78.902550 0.155188 0.987885 0.000000 7.129191 0.000000 0.000000 1.000000 0.000000
0.988531 -0.151016 0.000000 81.881580 0.151016 0.988531 0.000000 7.491595 0.000000 0.000000 1.000000 0.000000
0.989563 -0.144098 0.000000 85.018230 0.144098 0.989563 0.000000 7.969388 0.000000 0.000000 1.000000 0.000000
0.990349 -0.138598 0.000000 88.058456 0.138598 0.990349 0.000000 8.412935 0.000000 0.000000 1.000000 0.000000
0.991190 -0.132450 0.000000 91.154991 0.132450 0.991190 0.000000 8.825390 0.000000 0.000000 1.000000 0.000000
0.991768 -0.128047 0.000000 94.308962 0.128047 0.991768 0.000000 9.208684 0.000000 0.000000 1.000000 0.000000
0.992050 -0.125845 0.000000 97.503798 0.125845 0.992050 0.000000 9.633450 0.000000 0.000000 1.000000 0.000000
0.992347 -0.123482 0.000000 100.655369 0.123482 0.992347 0.000000 10.017215 0.000000 0.000000 1.000000 0.000000
0.992533 -0.121975 0.000000 103.795720 0.121975 0.992533 0.000000 10.396018 0.000000 0.000000 1.000000 0.000000
0.992750 -0.120197 0.000000 107.021030 0.120197 0.992750 0.000000 10.868335 0.000000 0.000000 1.000000 0.000000
0.992748 -0.120210 0.000000 110.132314 0.120210 0.992748 0.000000 11.211403 0.000000 0.000000 1.000000 0.000000
0.993120 -0.117098 0.000000 113.283553 0.117098 0.993120 0.000000 11.616220 0.000000 0.000000 1.000000 0.000000
0.993309 -0.115491 0.000000 116.431680 0.115491 0.993309 0.000000 11.932379 0.000000 0.000000 1.000000 0.000000
0.993649 -0.112522 0.000000 119.542451 0.112522 0.993649 0.000000 12.339602 0.000000 0.000000 1.000000 0.000000
0.993798 -0.111202 0.000000 122.681637 0.111202 0.993798 0.000000 12.714763 0.000000 0.000000 1.000000 0.000000
0.993614 -0.112832 0.000000 125.766232 0.112832 0.993614 0.000000 13.015444 0.000000 0.000000 1.000000 0.000000
0.993448 -0.114287 0.000000 128.901827 0.114287 0.993448 0.000000 13.444135 0.000000 0.000000 1.000000 0.000000
0.993279 -0.115741 0.000000 132.018583 0.115741 0.993279 0.000000 13.796074 0.000000 0.000000 1.000000 0.000000
0.993258 -0.115929 0.000000 135.102385 0.115929 0.993258 0.000000 14.132557 0.000000 0.000000 1.000000 0.000000
0.993306 -0.115510 0.000000 138.214779 0.115510 0.993306 0.000000 14.547476 0.000000 0.000000 1.000000 0.000000
0.993545 -0.113440 0.000000 141.323729 0.113440 0.993545 0.000000 14.879166 0.000000 0.000000 1.000000 0.000000
0.993707 -0.112010 0.000000 144.394614 0.112010 0.993707 0.000000 15.270421 0.000000 0.000000 1.000000 0.000000
0.993706 -0.112015 0.000000 147.443952 0.112015 0.993706 0.000000 15.624667 0.000000 0.000000 1.000000 0.000000
0.993552 -0.113376 0.000000 150.601073 0.113376 0.993552 0.000000 15.950454 0.000000 0.000000 1.000000 0.000000
0.993605 -0.112914 0.000000 153.665814 0.112914 0.993605 0.000000 16.343018 0.000000 0.000000 1.000000 0.000000
0.993656 -0.112466 0.000000 156.775515 0.112466 0.993656 0.000000 16.698503 0.000000 0.000000 1.000000 0.000000
0.994024 -0.109161 0.000000 159.860736 0.109161 0.994024 0.000000 17.015845 0.000000 0.000000 1.000000 0.000000
0.994033 -0.109076 0.000000 162.927541 0.109076 0.994033 0.000000 17.415794 0.000000 0.000000 1.000000 0.000000
0.994059 -0.108844 0.000000 165.962793 0.108844 0.994059 0.000000 17.758422 0.000000 0.000000 1.000000 0.000000
0.993981 -0.109550 0.000000 169.078189 0.109550 0.993981 0.000000 18.073034 0.000000 0.000000 1.000000 0.000000
0.993800 -0.111186 0.000000 172.097548 0.111186 0.993800 0.000000 18.437565 0.000000 0.000000 1.000000 0.000000
0.993702 -0.112053 0.000000 175.208315 0.112053 0.993702 0.000000 18.833168 0.000000 0.000000 1.000000 0.000000
0.993747 -0.111655 0.000000 178.299382 0.111655 0.993747 0.000000 19.187996 0.000000 0.000000 1.000000 0.000000
0.993576 -0.113162 0.000000 181.368395 0.113162 0.993576 0.000000 19.513157 0.000000 0.000000 1.000000 0.000000
0.993574 -0.113181 0.000000 184.461048 0.113181 0.993574 0.000000 19.962397 0.000000 0.000000 1.000000 0.000000
0.993568 -0.113235 0.000000 187.578548 0.113235 0.993568 0.000000 20.256413 0.000000 0.000000 1.000000 0.000000
0.993661 -0.112414 0.000000 190.712342 0.112414 0.993661 0.000000 20.643376 0.000000 0.000000 1.000000 0.000000
0.993888 -0.110390 0.000000 193.752636 0.110390 0.993888 0.000000 21.039202 0.000000 0.000000 1.000000 0.000000
0.993990 -0.109471 0.000000 196.867953 0.109471 0.993990 0.000000 21.360018 0.000000 0.000000 1.000000 0.000000
0.994160 -0.107913 0.000000 199.984667 0.107913 0.994160 0.000000 21.709411 0.000000 0.000000 1.000000 0.000000
0.994190 -0.107637 0.000000 203.091345 0.107637 0.994190 0.000000 22.048717 0.000000 0.000000 1.000000 0.000000
0.993933 -0.109986 0.000000 206.229493 0.109986 0.993933 0.000000 22.461537 0.000000 0.000000 1.000000 0.000000
0.993637 -0.112632 0.000000 209.354435 0.112632 0.993637 0.000000 22.857668 0.000000 0.000000 1.000000 0.000000
0.993574 -0.113181 0.000000 212.491385 0.113181 0.993574 0.000000 23.209437 0.000000 0.000000 1.000000 0.000000
0.993671 -0.112334 0.000000 215.633306 0.112334 0.993671 0.000000 23.581236 0.000000 0.000000 1.000000 0.000000
0.993755 -0.111586 0.000000 218.735780 0.111586 0.993755 0.000000 23.970212 0.000000 0.000000 1.000000 0.000000
0.993837 -0.110853 0.000000 221.834578 0.110853 0.993837 0.000000 24.314609 0.000000 0.000000 1.000000 0.000000
0.993968 -0.109673 0.000000 224.932180 0.109673 0.993968 0.000000 24.693083 0.000000 0.000000 1.000000 0.000000
0.994366 -0.106006 0.000000 228.021045 0.106006 0.994366 0.000000 25.075910 0.000000 0.000000 1.000000 0.000000
0.994886 -0.101000 0.000000 231.084280 0.101000 0.994886 0.000000 25.381373 0.000000 0.000000 1.000000 0.000000
0.995102 -0.098858 0.000000 233.989033 0.098858 0.995102 0.000000 25.707387 0.000000 0.000000 1.000000 0.000000
0.995176 -0.098104 0.000000 237.044412 0.098104 0.995176 0.000000 26.027079 0.000000 0.000000 1.000000 0.000000
0.995245 -0.097399 0.000000 240.093176 0.097399 0.995245 0.000000 26.324725 0.000000 0.000000 1.000000 0.000000
0.995035 -0.099523 0.000000 243.095506 0.099523 0.995035 0.000000 26.680642 0.000000 0.000000 1.000000 0.000000
0.994882 -0.101044 0.000000 246.162620 0.101044 0.994882 0.000000 27.007874 0.000000 0.000000 1.000000 0.000000
0.994850 -0.101354 0.000000 249.234658 0.101354 0.994850 0.000000 27.335433 0.000000 0.000000 1.000000 0.000000
0.994789 -0.101957 0.000000 252.229256 0.101957 0.994789 0.000000 27.693092 0.000000 0.000000 1.000000 0.000000
0.994283 -0.106775 0.000000 255.271185 0.106775 0.994283 0.000000 28.015093 0.000000 0.000000 1.000000 0.000000
0.993879 -0.110478 0.000000 258.354394 0.110478 0.993879 0.000000 28.347241 0.000000 0.000000 1.000000 0.000000
0.993312 -0.115464 0.000000 261.440349 0.115464 0.993312 0.000000 28.651476 0.000000 0.000000 1.000000 0.000000
0.992995 -0.118158 0.000000 264.462350 0.118158 0.992995 0.000000 29.080809 0.000000 0.000000 1.000000 0.000000
0.992978 -0.118295 0.000000 267.446617 0.118295 0.992978 0.000000 29.382436 0.000000 0.000000 1.000000 0.000000
0.993315 -0.115436 0.000000 270.461143 0.115436 0.993315 0.000000 29.725761 0.000000 0.000000 1.000000 0.000000
0.993628 -0.112709 0.000000 273.371263 0.112709 0.993628 0.000000 30.090307 0.000000 0.000000 1.000000 0.000000
0.993931 -0.110001 0.000000 276.322312 0.110001 0.993931 0.000000 30.415555 0.000000 0.000000 1.000000 0.000000
0.994145 -0.108054 0.000000 279.269086 0.108054 0.994145 0.000000 30.730424 0.000000 0.000000 1.000000 0.000000
0.994240 -0.107176 0.000000 282.158448 0.107176 0.994240 0.000000 31.008643 0.000000 0.000000 1.000000 0.000000
0.994210 -0.107454 0.000000 285.084922 0.107454 0.994210 0.000000 31.378635 0.000000 0.000000 1.000000 0.000000
0.994321 -0.106425 0.000000 287.998557 0.106425 0.994321 0.000000 31.723444 0.000000 0.000000 1.000000 0.000000
0.994343 -0.106221 0.000000 290.911760 0.106221 0.994343 0.000000 32.040631 0.000000 0.000000 1.000000 0.000000
0.994340 -0.106246 0.000000 293.851631 0.106246 0.994340 0.000000 32.322556 0.000000 0.000000 1.000000 0.000000
0.994603 -0.103754 0.000000 296.716976 0.103754 0.994603 0.000000 32.689988 0.000000 0.000000 1.000000 0.000000
0.994631 -0.103488 0.000000 299.646519 0.103488 0.994631 0.000000 32.982210 0.000000 0.000000 1.000000 0.000000
0.994697 -0.102851 0.000000 302.551282 0.102851 0.994697 0.000000 33.325690 0.000000 0.000000 1.000000 0.000000
0.994633 -0.103464 0.000000 305.501373 0.103464 0.994633 0.000000 33.641267 0.000000 0.000000 1.000000 0.000000
0.994847 -0.101390 0.000000 308.446130 0.101390 0.994847 0.000000 33.906005 0.000000 0.000000 1.000000 0.000000
0.994811 -0.101744 0.000000 311.460793 0.101744 0.994811 0.000000 34.297584 0.000000 0.000000 1.000000 0.000000
0.994689 -0.102930 0.000000 314.490760 0.102930 0.994689 0.000000 34.649281 0.000000 0.000000 1.000000 0.000000
0.994597 -0.103811 0.000000 317.575186 0.103811 0.994597 0.000000 35.020205 0.000000 0.000000 1.000000 0.000000
0.994536 -0.104398 0.000000 320.591775 0.104398 0.994536 0.000000 35.328785 0.000000 0.000000 1.000000 0.000000
0.994525 -0.104498 0.000000 323.719939 0.104498 0.994525 0.000000 35.657127 0.000000 0.000000 1.000000 0.000000
0.994463 -0.105092 0.000000 326.812637 0.105092 0.994463 0.000000 36.079266 0.000000 0.000000 1.000000 0.000000
0.994474 -0.104981 0.000000 329.957507 0.104981 0.994474 0.000000 36.449036 0.000000 0.000000 1.000000 0.000000
0.994537 -0.104385 0.000000 333.122998 0.104385 0.994537 0.000000 36.732413 0.000000 0.000000 1.000000 0.000000
0.994546 -0.104297 0.000000 336.349474 0.104297 0.994546 0.000000 37.071548 0.000000 0.000000 1.000000 0.000000
0.994507 -0.104669 0.000000 339.628383 0.104669 0.994507 0.000000 37.429552 0.000000 0.000000 1.000000 0.000000
0.994523 -0.104519 0.000000 342.860530 0.104519 0.994523 0.000000 37.811715 0.000000 0.000000 1.000000 0.000000
0.994446 -0.105245 0.000000 346.167895 0.105245 0.994446 0.000000 38.129502 0.000000 0.000000 1.000000 0.000000
0.994408 -0.105603 0.000000 349.469578 0.105603 0.994408 0.000000 38.510421 0.000000 0.000000 1.000000 0.000000
0.994327 -0.106369 0.000000 352.829903 0.106369 0.994327 0.000000 38.874306 0.000000 0.000000 1.000000 0.000000
0.994188 -0.107656 0.000000 356.214522 0.107656 0.994188 0.000000 39.266638 0.000000 0.000000 1.000000 0.000000
0.994263 -0.106960 0.000000 359.606468 0.106960 0.994263 0.000000 39.618696 0.000000 0.000000 1.000000 0.000000
0.994318 -0.106452 0.000000 363.032751 0.106452 0.994318 0.000000 39.988091 0.000000 0.000000 1.000000 0.000000
0.994344 -0.106207 0.000000 366.524139 0.106207 0.994344 0.000000 40.378671 0.000000 0.000000 1.000000 0.000000
0.994468 -0.105044 0.000000 369.995357 0.105044 0.994468 0.000000 40.776462 0.000000 0.000000 1.000000 0.000000
0.994539 -0.104368 0.000000 373.515889 0.104368 0.994539 0.000000 41.101075 0.000000 0.000000 1.000000 0.000000
0.994642 -0.103380 0.000000 377.028771 0.103380 0.994642 0.000000 41.589347 0.000000 0.000000 1.000000 0.000000
0.994741 -0.102423 0.000000 380.595851 0.102423 0.994741 0.000000 42.006285 0.000000 0.000000 1.000000 0.000000
0.994827 -0.101585 0.000000 384.158209 0.101585 0.994827 0.000000 42.369048 0.000000 0.000000 1.000000 0.000000
0.995008 -0.099794 0.000000 387.810282 0.099794 0.995008 0.000000 42.768873 0.000000 0.000000 1.000000 0.000000
0.995004 -0.099834 0.000000 391.369445 0.099834 0.995004 0.000000 43.074853 0.000000 0.000000 1.000000 0.000000
0.994921 -0.100658 0.000000 394.990079 0.100658 0.994921 0.000000 43.515657 0.000000 0.000000 1.000000 0.000000
0.994905 -0.100813 0.000000 398.615238 0.100813 0.994905 0.000000 43.835489 0.000000 0.000000 1.000000 0.000000
0.994932 -0.100546 0.000000 402.182408 0.100546 0.994932 0.000000 44.263551 0.000000 0.000000 1.000000 0.000000
0.995017 -0.099708 0.000000 405.812386 0.099708 0.995017 0.000000 44.689285 0.000000 0.000000 1.000000 0.000000
0.994948 -0.100390 0.000000 409.372519 0.100390 0.994948 0.000000 45.054171 0.000000 0.000000 1.000000 0.000000
0.994749 -0.102340 0.000000 412.968615 0.102340 0.994749 0.000000 45.398234 0.000000 0.000000 1.000000 0.000000
0.994445 -0.105259 0.000000 416.571785 0.105259 0.994445 0.000000 45.821881 0.000000 0.000000 1.000000 0.000000
0.994173 -0.107799 0.000000 420.198147 0.107799 0.994173 0.000000 46.221581 0.000000 0.000000 1.000000 0.000000
0.994183 -0.107702 0.000000 423.848859 0.107702 0.994183 0.000000 46.614142 0.000000 0.000000 1.000000 0.000000
0.994306 -0.106559 0.000000 427.451265 0.106559 0.994306 0.000000 47.029837 0.000000 0.000000 1.000000 0.000000
0.994433 -0.105372 0.000000 431.101156 0.105372 0.994433 0.000000 47.395702 0.000000 0.000000 1.000000 0.000000
0.994453 -0.105182 0.000000 434.738069 0.105182 0.994453 0.000000 47.770154 0.000000 0.000000 1.000000 0.000000
0.994494 -0.104797 0.000000 438.355103 0.104797 0.994494 0.000000 48.173355 0.000000 0.000000 1.000000 0.000000
0.994549 -0.104273 0.000000 441.999637 0.104273 0.994549 0.000000 48.618593 0.000000 0.000000 1.000000 0.000000
0.994601 -0.103772 0.000000 445.694107 0.103772 0.994601 0.000000 48.966276 0.000000 0.000000 1.000000 0.000000
0.994709 -0.102733 0.000000 449.348312 0.102733 0.994709 0.000000 49.344469 0.000000 0.000000 1.000000 0.000000
0.994784 -0.101999 0.000000 453.035023 0.101999 0.994784 0.000000 49.737766 0.000000 0.000000 1.000000 0.000000
0.994947 -0.100406 0.000000 456.754630 0.100406 0.994947 0.000000 50.159360 0.000000 0.000000 1.000000 0.000000
0.995095 -0.098926 0.000000 460.431320 0.098926 0.995095 0.000000 50.508662 0.000000 0.000000 1.000000 0.000000
0.994871 -0.101152 0.000000 464.173790 0.101152 0.994871 0.000000 50.886238 0.000000 0.000000 1.000000 0.000000
0.995016 -0.099715 0.000000 467.872181 0.099715 0.995016 0.000000 51.309330 0.000000 0.000000 1.000000 0.000000
0.994869 -0.101175 0.000000 471.569732 0.101175 0.994869 0.000000 51.665592 0.000000 0.000000 1.000000 0.000000
0.994830 -0.101552 0.000000 475.325073 0.101552 0.994830 0.000000 52.125868 0.000000 0.000000 1.000000 0.000000
0.994668 -0.103126 0.000000 479.034954 0.103126 0.994668 0.000000 52.477622 0.000000 0.000000 1.000000 0.000000
0.994432 -0.105376 0.000000 482.767393 0.105376 0.994432 0.000000 52.904568 0.000000 0.000000 1.000000 0.000000
0.994297 -0.106651 0.000000 486.534877 0.106651 0.994297 0.000000 53.254719 0.000000 0.000000 1.000000 0.000000
0.994202 -0.107531 0.000000 490.234268 0.107531 0.994202 0.000000 53.734232 0.000000 0.000000 1.000000 0.000000
0.994131 -0.108186 0.000000 493.965079 0.108186 0.994131 0.000000 54.106238 0.000000 0.000000 1.000000 0.000000
0.994217 -0.107393 0.000000 497.616920 0.107393 0.994217 0.000000 54.600224 0.000000 0.000000 1.000000 0.000000
0.994449 -0.105220 0.000000 501.253598 0.105220 0.994449 0.000000 54.963810 0.000000 0.000000 1.000000 0.000000
0.994554 -0.104225 0.000000 504.872027 0.104225 0.994554 0.000000 55.357585 0.000000 0.000000 1.000000 0.000000
0.994610 -0.103685 0.000000 508.510683 0.103685 0.994610 0.000000 55.799906 0.000000 0.000000 1.000000 0.000000
0.994595 -0.103827 0.000000 512.142737 0.103827 0.994595 0.000000 56.213519 0.000000 0.000000 1.000000 0.000000
0.994702 -0.102799 0.000000 515.766372 0.102799 0.994702 0.000000 56.652094 0.000000 0.000000 1.000000 0.000000
0.994689 -0.102928 0.000000 519.326051 0.102928 0.994689 0.000000 57.001095 0.000000 0.000000 1.000000 0.000000
0.994661 -0.103197 0.000000 522.899126 0.103197 0.994661 0.000000 57.406457 0.000000 0.000000 1.000000 0.000000
0.994507 -0.104671 0.000000 526.500385 0.104671 0.994507 0.000000 57.830546 0.000000 0.000000 1.000000 0.000000
0.994467 -0.105048 0.000000 530.095241 0.105048 0.994467 0.000000 58.307303 0.000000 0.000000 1.000000 0.000000
0.994435 -0.105356 0.000000 533.690419 0.105356 0.994435 0.000000 58.700305 0.000000 0.000000 1.000000 0.000000
0.994408 -0.105608 0.000000 537.291385 0.105608 0.994408 0.000000 59.114816 0.000000 0.000000 1.000000 0.000000
0.994306 -0.106560 0.000000 540.885971 0.106560 0.994306 0.000000 59.515020 0.000000 0.000000 1.000000 0.000000
0.994361 -0.106045 0.000000 544.450218 0.106045 0.994361 0.000000 59.941206 0.000000 0.000000 1.000000 0.000000
0.994298 -0.106640 0.000000 548.092588 0.106640 0.994298 0.000000 60.340906 0.000000 0.000000 1.000000 0.000000
0.994192 -0.107625 0.000000 551.694318 0.107625 0.994192 0.000000 60.720650 0.000000 0.000000 1.000000 0.000000
0.994313 -0.106496 0.000000 555.311535 0.106496 0.994313 0.000000 61.115528 0.000000 0.000000 1.000000 0.000000
0.994440 -0.105301 0.000000 558.895124 0.105301 0.994440 0.000000 61.499761 0.000000 0.000000 1.000000 0.000000
0.994490 -0.104830 0.000000 562.513267 0.104830 0.994490 0.000000 61.928899 0.000000 0.000000 1.000000 0.000000
0.994614 -0.103649 0.000000 566.191678 0.103649 0.994614 0.000000 62.331194 0.000000 0.000000 1.000000 0.000000
0.994666 -0.103150 0.000000 569.776003 0.103150 0.994666 0.000000 62.662151 0.000000 0.000000 1.000000 0.000000
0.994666 -0.103152 0.000000 573.373448 0.103152 0.994666 0.000000 63.103119 0.000000 0.000000 1.000000 0.000000
0.994532 -0.104434 0.000000 577.056004 0.104434 0.994532 0.000000 63.474215 0.000000 0.000000 1.000000 0.000000
0.994500 -0.104735 0.000000 580.752736 0.104735 0.994500 0.000000 63.853235 0.000000 0.000000 1.000000 0.000000
0.994447 -0.105234 0.000000 584.406213 0.105234 0.994447 0.000000 64.240719 0.000000 0.000000 1.000000 0.000000
0.994468 -0.105042 0.000000 588.072823 0.105042 0.994468 0.000000 64.679195 0.000000 0.000000 1.000000 0.000000
0.994736 -0.102468 0.000000 591.780347 0.102468 0.994736 0.000000 65.117752 0.000000 0.000000 1.000000 0.000000
0.994801 -0.101836 0.000000 595.483605 0.101836 0.994801 0.000000 65.523720 0.000000 0.000000 1.000000 0.000000
0.995256 -0.097294 0.000000 599.188640 0.097294 0.995256 0.000000 65.849355 0.000000 0.000000 1.000000 0.000000
0.995285 -0.096992 0.000000 602.931661 0.096992 0.995285 0.000000 66.285443 0.000000 0.000000 1.000000 0.000000
0.995249 -0.097364 0.000000 606.653969 0.097364 0.995249 0.000000 66.629524 0.000000 0.000000 1.000000 0.000000
0.995105 -0.098824 0.000000 610.411896 0.098824 0.995105 0.000000 67.061237 0.000000 0.000000 1.000000 0.000000
0.994809 -0.101763 0.000000 614.173733 0.101763 0.994809 0.000000 67.427200 0.000000 0.000000 1.000000 0.000000
0.994661 -0.103199 0.000000 617.955273 0.103199 0.994661 0.000000 67.813652 0.000000 0.000000 1.000000 0.000000
0.994645 -0.103348 0.000000 621.670341 0.103348 0.994645 0.000000 68.177698 0.000000 0.000000 1.000000 0.000000
0.994707 -0.102755 0.000000 625.417069 0.102755 0.994707 0.000000 68.592270 0.000000 0.000000 1.000000 0.000000
0.994851 -0.101344 0.000000 629.176705 0.101344 0.994851 0.000000 68.977576 0.000000 0.000000 1.000000 0.000000
0.994968 -0.100193 0.000000 633.000536 0.100193 0.994968 0.000000 69.386216 0.000000 0.000000 1.000000 0.000000
0.995102 -0.098858 0.000000 636.763324 0.098858 0.995102 0.000000 69.774017 0.000000 0.000000 1.000000 0.000000
0.995161 -0.098261 0.000000 640.554917 0.098261 0.995161 0.000000 70.111269 0.000000 0.000000 1.000000 0.000000
0.995140 -0.098473 0.000000 644.336183 0.098473 0.995140 0.000000 70.489832 0.000000 0.000000 1.000000 0.000000
0.995195 -0.097912 0.000000 648.158297 0.097912 0.995195 0.000000 70.898365 0.000000 0.000000 1.000000 0.000000
0.994934 -0.100528 0.000000 651.911743 0.100528 0.994934 0.000000 71.231797 0.000000 0.000000 1.000000 0.000000
0.994800 -0.101843 0.000000 655.653471 0.101843 0.994800 0.000000 71.615811 0.000000 0.000000 1.000000 0.000000
0.994834 -0.101519 0.000000 659.418502 0.101519 0.994834 0.000000 72.082801 0.000000 0.000000 1.000000 0.000000
0.994659 -0.103215 0.000000 663.053326 0.103215 0.994659 0.000000 72.522848 0.000000 0.000000 1.000000 0.000000
0.994420 -0.105490 0.000000 666.798187 0.105490 0.994420 0.000000 72.896535 0.000000 0.000000 1.000000 0.000000
0.994527 -0.104485 0.000000 670.424508 0.104485 0.994527 0.000000 73.313348 0.000000 0.000000 1.000000 0.000000
0.994708 -0.102738 0.000000 674.138467 0.102738 0.994708 0.000000 73.750945 0.000000 0.000000 1.000000 0.000000
0.994753 -0.102310 0.000000 677.894003 0.102310 0.994753 0.000000 74.117415 0.000000 0.000000 1.000000 0.000000
0.994835 -0.101506 0.000000 681.691103 0.101506 0.994835 0.000000 74.541314 0.000000 0.000000 1.000000 0.000000
0.994895 -0.100919 0.000000 685.413352 0.100919 0.994895 0.000000 74.882760 0.000000 0.000000 1.000000 0.000000
0.994892 -0.100944 0.000000 689.105854 0.100944 0.994892 0.000000 75.238908 0.000000 0.000000 1.000000 0.000000
0.994645 -0.103346 0.000000 692.948197 0.103346 0.994645 0.000000 75.563497 0.000000 0.000000 1.000000 0.000000
0.994816 -0.101696 0.000000 696.619218 0.101696 0.994816 0.000000 75.975050 0.000000 0.000000 1.000000 0.000000
0.995009 -0.099788 0.000000 700.316448 0.099788 0.995009 0.000000 76.328834 0.000000 0.000000 1.000000 0.000000
0.994990 -0.099970 0.000000 704.058312 0.099970 0.994990 0.000000 76.768011 0.000000 0.000000 1.000000 0.000000
0.994943 -0.100437 0.000000 707.830756 0.100437 0.994943 0.000000 77.091111 0.000000 0.000000 1.000000 0.000000
0.995010 -0.099775 0.000000 711.460603 0.099775 0.995010 0.000000 77.490781 0.000000 0.000000 1.000000 0.000000
0.994990 -0.099970 0.000000 715.205466 0.099970 0.994990 0.000000 77.859010 0.000000 0.000000 1.000000 0.000000
0.994923 -0.100636 0.000000 718.914970 0.100636 0.994923 0.000000 78.255526 0.000000 0.000000 1.000000 0.000000
0.994808 -0.101771 0.000000 722.676580 0.101771 0.994808 0.000000 78.577904 0.000000 0.000000 1.000000 0.000000
0.994712 -0.102707 0.000000 726.416659 0.102707 0.994712 0.000000 78.945339 0.000000 0.000000 1.000000 0.000000
0.994663 -0.103177 0.000000 730.085867 0.103177 0.994663 0.000000 79.385603 0.000000 0.000000 1.000000 0.000000
0.994859 -0.101271 0.000000 733.784970 0.101271 0.994859 0.000000 79.754277 0.000000 0.000000 1.000000 0.000000
0.994977 -0.100102 0.000000 737.503328 0.100102 0.994977 0.000000 80.095437 0.000000 0.000000 1.000000 0.000000
0.995009 -0.099784 0.000000 741.188332 0.099784 0.995009 0.000000 80.498148 0.000000 0.000000 1.000000 0.000000
0.994922 -0.100649 0.000000 744.865195 0.100649 0.994922 0.000000 80.876616 0.000000 0.000000 1.000000 0.000000
0.994799 -0.101857 0.000000 748.657580 0.101857 0.994799 0.000000 81.239535 0.000000 0.000000 1.000000 0.000000
0.994787 -0.101976 0.000000 752.330524 0.101976 0.994787 0.000000 81.643349 0.000000 0.000000 1.000000 0.000000
0.994765 -0.102191 0.000000 756.111819 0.102191 0.994765 0.000000 82.010492 0.000000 0.000000 1.000000 0.000000
0.994789 -0.101952 0.000000 759.770556 0.101952 0.994789 0.000000 82.443814 0.000000 0.000000 1.000000 0.000000
0.994952 -0.100355 0.000000 763.506518 0.100355 0.994952 0.000000 82.827829 0.000000 0.000000 1.000000 0.000000
0.994804 -0.101811 0.000000 767.287155 0.101811 0.994804 0.000000 83.188589 0.000000 0.000000 1.000000 0.000000
0.994841 -0.101450 0.000000 770.939281 0.101450 0.994841 0.000000 83.594121 0.000000 0.000000 1.000000 0.000000
0.994827 -0.101584 0.000000 774.702498 0.101584 0.994827 0.000000 83.894036 0.000000 0.000000 1.000000 0.000000
0.994767 -0.102170 0.000000 778.447561 0.102170 0.994767 0.000000 84.330713 0.000000 0.000000 1.000000 0.000000
0.994904 -0.100825 0.000000 782.260115 0.100825 0.994904 0.000000 84.698258 0.000000 0.000000 1.000000 0.000000
0.994894 -0.100930 0.000000 785.890726 0.100930 0.994894 0.000000 85.103057 0.000000 0.000000 1.000000 0.000000
0.994597 -0.103810 0.000000 789.575551 0.103810 0.994597 0.000000 85.432055 0.000000 0.000000 1.000000 0.000000
0.994557 -0.104194 0.000000 793.409114 0.104194 0.994557 0.000000 85.797738 0.000000 0.000000 1.000000 0.000000
0.994819 -0.101658 0.000000 797.134330 0.101658 0.994819 0.000000 86.258055 0.000000 0.000000 1.000000 0.000000
0.994972 -0.100151 0.000000 800.752773 0.100151 0.994972 0.000000 86.594151 0.000000 0.000000 1.000000 0.000000
0.994995 -0.099929 0.000000 804.533606 0.099929 0.994995 0.000000 86.953910 0.000000 0.000000 1.000000 0.000000
0.994953 -0.100341 0.000000 808.271482 0.100341 0.994953 0.000000 87.269431 0.000000 0.000000 1.000000 0.000000
0.994987 -0.100006 0.000000 812.007900 0.100006 0.994987 0.000000 87.722232 0.000000 0.000000 1.000000 0.000000
0.995054 -0.099339 0.000000 815.682666 0.099339 0.995054 0.000000 88.076507 0.000000 0.000000 1.000000 0.000000
0.995074 -0.099136 0.000000 819.455832 0.099136 0.995074 0.000000 88.439927 0.000000 0.000000 1.000000 0.000000
0.995053 -0.099349 0.000000 823.222014 0.099349 0.995053 0.000000 88.796971 0.000000 0.000000 1.000000 0.000000
0.995121 -0.098659 0.000000 826.907703 0.098659 0.995121 0.000000 89.237729 0.000000 0.000000 1.000000 0.000000
0.995016 -0.099720 0.000000 830.724137 0.099720 0.995016 0.000000 89.563653 0.000000 0.000000 1.000000 0.000000
0.994915 -0.100719 0.000000 834.458201 0.100719 0.994915 0.000000 89.977194 0.000000 0.000000 1.000000 0.000000
0.994916 -0.100704 0.000000 838.128341 0.100704 0.994916 0.000000 90.333308 0.000000 0.000000 1.000000 0.000000
0.994858 -0.101284 0.000000 841.877267 0.101284 0.994858 0.000000 90.721345 0.000000 0.000000 1.000000 0.000000
0.994821 -0.101642 0.000000 845.624151 0.101642 0.994821 0.000000 91.149396 0.000000 0.000000 1.000000 0.000000
0.994833 -0.101527 0.000000 849.365127 0.101527 0.994833 0.000000 91.424804 0.000000 0.000000 1.000000 0.000000
0.994768 -0.102161 0.000000 853.027909 0.102161 0.994768 0.000000 91.844589 0.000000 0.000000 1.000000 0.000000
0.994711 -0.102711 0.000000 856.787190 0.102711 0.994711 0.000000 92.271685 0.000000 0.000000 1.000000 0.000000
0.994702 -0.102801 0.000000 860.580326 0.102801 0.994702 0.000000 92.632236 0.000000 0.000000 1.000000 0.000000
0.994714 -0.102688 0.000000 864.310187 0.102688 0.994714 0.000000 92.977996 0.000000 0.000000 1.000000 0.000000
0.994633 -0.103470 0.000000 868.006567 0.103470 0.994633 0.000000 93.380347 0.000000 0.000000 1.000000 0.000000
0.994718 -0.102648 0.000000 871.663610 0.102648 0.994718 0.000000 93.739098 0.000000 0.000000 1.000000 0.000000
0.994630 -0.103492 0.000000 875.451162 0.103492 0.994630 0.000000 94.104639 0.000000 0.000000 1.000000 0.000000
0.994701 -0.102811 0.000000 879.064808 0.102811 0.994701 0.000000 94.574464 0.000000 0.000000 1.000000 0.000000
0.994712 -0.102705 0.000000 882.682126 0.102705 0.994712 0.000000 94.932509 0.000000 0.000000 1.000000 0.000000
0.994949 -0.100378 0.000000 886.411127 0.100378 0.994949 0.000000 95.298742 0.000000 0.000000 1.000000 0.000000
0.995299 -0.096847 0.000000 889.988105 0.096847 0.995299 0.000000 95.695290 0.000000 0.000000 1.000000 0.000000
0.995160 -0.098267 0.000000 893.780192 0.098267 0.995160 0.000000 96.105489 0.000000 0.000000 1.000000 0.000000
0.995165 -0.098220 0.000000 897.466993 0.098220 0.995165 0.000000 96.515018 0.000000 0.000000 1.000000 0.000000
0.995056 -0.099312 0.000000 901.062245 0.099312 0.995056 0.000000 96.901545 0.000000 0.000000 1.000000 0.000000
0.995041 -0.099468 0.000000 904.846535 0.099468 0.995041 0.000000 97.255158 0.000000 0.000000 1.000000 0.000000
0.995129 -0.098585 0.000000 908.524403 0.098585 0.995129 0.000000 97.681400 0.000000 0.000000 1.000000 0.000000
0.995305 -0.096793 0.000000 912.297212 0.096793 0.995305 0.000000 97.972053 0.000000 0.000000 1.000000 0.000000
0.995393 -0.095874 0.000000 915.909629 0.095874 0.995393 0.000000 98.439047 0.000000 0.000000 1.000000 0.000000
0.995778 -0.091798 0.000000 919.595158 0.091798 0.995778 0.000000 98.737513 0.000000 0.000000 1.000000 0.000000
0.995549 -0.094245 0.000000 923.296433 0.094245 0.995549 0.000000 99.169907 0.000000 0.000000 1.000000 0.000000
0.995606 -0.093640 0.000000 926.901082 0.093640 0.995606 0.000000 99.373223 0.000000 0.000000 1.000000 0.000000
0.995448 -0.095302 0.000000 930.608670 0.095302 0.995448 0.000000 99.793484 0.000000 0.000000 1.000000 0.000000
0.995386 -0.095948 0.000000 934.301866 0.095948 0.995386 0.000000 100.076727 0.000000 0.000000 1.000000 0.000000
0.995369 -0.096129 0.000000 937.993566 0.096129 0.995369 0.000000 100.454409 0.000000 0.000000 1.000000 0.000000
0.995497 -0.094791 0.000000 941.625378 0.094791 0.995497 0.000000 100.822515 0.000000 0.000000 1.000000 0.000000
0.995645 -0.093230 0.000000 945.273248 0.093230 0.995645 0.000000 101.137444 0.000000 0.000000 1.000000 0.000000
0.995681 -0.092836 0.000000 949.020823 0.092836 0.995681 0.000000 101.523598 0.000000 0.000000 1.000000 0.000000
0.995773 -0.091854 0.000000 952.597302 0.091854 0.995773 0.000000 101.830925 0.000000 0.000000 1.000000 0.000000
0.995883 -0.090651 0.000000 956.258599 0.090651 0.995883 0.000000 102.151162 0.000000 0.000000 1.000000 0.000000
0.996034 -0.088971 0.000000 959.863779 0.088971 0.996034 0.000000 102.520744 0.000000 0.000000 1.000000 0.000000
0.996124 -0.087955 0.000000 963.580888 0.087955 0.996124 0.000000 102.820375 0.000000 0.000000 1.000000 0.000000
0.996686 -0.081343 0.000000 967.287527 0.081343 0.996686 0.000000 103.126173 0.000000 0.000000 1.000000 0.000000
0.997059 -0.076638 0.000000 970.936088 0.076638 0.997059 0.000000 103.418119 0.000000 0.000000 1.000000 0.000000
0.997525 -0.070312 0.000000 974.630621 0.070312 0.997525 0.000000 103.683932 0.000000 0.000000 1.000000 0.000000
0.998029 -0.062757 0.000000 978.313301 0.062757 0.998029 0.000000 103.993755 0.000000 0.000000 1.000000 0.000000
0.998470 -0.055288 0.000000 981.900554 0.055288 0.998470 0.000000 104.169513 0.000000 0.000000 1.000000 0.000000
0.998796 -0.049064 0.000000 985.576749 0.049064 0.998796 0.000000 104.347690 0.000000 0.000000 1.000000 0.000000
0.999189 -0.040259 0.000000 989.215592 0.040259 0.999189 0.000000 104.584988 0.000000 0.000000 1.000000 0.000000
0.999539 -0.030349 0.000000 992.834411 0.030349 0.999539 0.000000 104.765356 0.000000 0.000000 1.000000 0.000000
0.999736 -0.022988 0.000000 996.495006 0.022988 0.999736 0.000000 104.747002 0.000000 0.000000 1.000000 0.000000
0.999908 -0.013574 0.000000 1000.160040 0.013574 0.999908 0.000000 104.820391 0.000000 0.000000 1.000000 0.000000
0.999980 -0.006384 0.000000 1003.849582 0.006384 0.999980 0.000000 104.928804 0.000000 0.000000 1.000000 0.000000
0.999973 -0.007313 0.000000 1007.488745 0.007313 0.999973 0.000000 104.947510 0.000000 0.000000 1.000000 0.000000
0.999970 -0.007697 0.000000 1011.212420 0.007697 0.999970 0.000000 104.924527 0.000000 0.000000 1.000000 0.000000
0.999972 -0.007472 0.000000 1014.800410 0.007472 0.999972 0.000000 104.994829 0.000000 0.000000 1.000000 0.000000
0.999990 -0.004497 0.000000 1018.417676 0.004497 0.999990 0.000000 105.094081 0.000000 0.000000 1.000000 0.000000
0.999999 -0.001008 0.000000 1022.076593 0.001008 0.999999 0.000000 105.064262 0.000000 0.000000 1.000000 0.000000
0.999991 0.004141 0.000000 1025.749458 -0.004141 0.999991 0.000000 105.083456 0.000000 0.000000 1.000000 0.000000
0.999971 0.007604 0.000000 1029.362132 -0.007604 0.999971 0.000000 105.066514 0.000000 0.000000 1.000000 0.000000
0.999958 0.009199 0.000000 1032.988841 -0.009199 0.999958 0.000000 105.022353 0.000000 0.000000 1.000000 0.000000
0.999958 0.009170 0.000000 1036.611365 -0.009170 0.999958 0.000000 105.025547 0.000000 0.000000 1.000000 0.000000
0.999957 0.009273 0.000000 1040.287916 -0.009273 0.999957 0.000000 105.001403 0.000000 0.000000 1.000000 0.000000
0.999963 0.008651 0.000000 1043.896555 -0.008651 0.999963 0.000000 104.961523 0.000000 0.000000 1.000000 0.000000
0.999977 0.006788 0.000000 1047.551639 -0.006788 0.999977 0.000000 104.919569 0.000000 0.000000 1.000000 0.000000
0.999991 0.004146 0.000000 1051.179644 -0.004146 0.999991 0.000000 104.889954 0.000000 0.000000 1.000000 0.000000
0.999991 0.004164 0.000000 1054.766306 -0.004164 0.999991 0.000000 104.914616 0.000000 0.000000 1.000000 0.000000
0.999998 0.001836 0.000000 1058.472967 -0.001836 0.999998 0.000000 104.917712 0.000000 0.000000 1.000000 0.000000
1.000000 0.000545 0.000000 1062.017238 -0.000545 1.000000 0.000000 104.909674 0.000000 0.000000 1.000000 0.000000
1.000000 -0.000224 0.000000 1065.704803 0.000224 1.000000 0.000000 104.892506 0.000000 0.000000 1.000000 0.000000
0.999999 0.001355 0.000000 1069.255870 -0.001355 0.999999 0.000000 104.863868 0.000000 0.000000 1.000000 0.000000
0.999984 0.005629 0.000000 1072.856518 -0.005629 0.999984 0.000000 104.890330 0.000000 0.000000 1.000000 0.000000
0.999967 0.008069 0.000000 1076.505656 -0.008069 0.999967 0.000000 104.866387 0.000000 0.000000 1.000000 0.000000
0.999939 0.011068 0.000000 1080.081518 -0.011068 0.999939 0.000000 104.842045 0.000000 0.000000 1.000000 0.000000
0.999883 0.015281 0.000000 1083.715077 -0.015281 0.999883 0.000000 104.846019 0.000000 0.000000 1.000000 0.000000
0.999881 0.015421 0.000000 1087.330008 -0.015421 0.999881 0.000000 104.772587 0.000000 0.000000 1.000000 0.000000
0.999903 0.013894 0.000000 1090.961010 -0.013894 0.999903 0.000000 104.756284 0.000000 0.000000 1.000000 0.000000
0.999905 0.013803 0.000000 1094.522176 -0.013803 0.999905 0.000000 104.744974 0.000000 0.000000 1.000000 0.000000
0.999933 0.011595 0.000000 1098.116348 -0.011595 0.999933 0.000000 104.652721 0.000000 0.000000 1.000000 0.000000
0.999953 0.009692 0.000000 1101.726818 -0.009692 0.999953 0.000000 104.636556 0.000000 0.000000 1.000000 0.000000
0.999966 0.008189 0.000000 1105.350850 -0.008189 0.999966 0.000000 104.614676 0.000000 0.000000 1.000000 0.000000
0.999975 0.007136 0.000000 1108.936623 -0.007136 0.999975 0.000000 104.612875 0.000000 0.000000 1.000000 0.000000
0.999980 0.006263 0.000000 1112.509295 -0.006263 0.999980 0.000000 104.602344 0.000000 0.000000 1.000000 0.000000
0.999983 0.005878 0.000000 1116.131380 -0.005878 0.999983 0.000000 104.595454 0.000000 0.000000 1.000000 0.000000
0.999984 0.005585 0.000000 1119.750715 -0.005585 0.999984 0.000000 104.564531 0.000000 0.000000 1.000000 0.000000
0.999985 0.005446 0.000000 1123.280375 -0.005446 0.999985 0.000000 104.565869 0.000000 0.000000 1.000000 0.000000
0.999991 0.004336 0.000000 1126.833618 -0.004336 0.999991 0.000000 104.523483 0.000000 0.000000 1.000000 0.000000
0.999995 0.003177 0.000000 1130.422690 -0.003177 0.999995 0.000000 104.513634 0.000000 0.000000 1.000000 0.000000
0.999997 0.002533 0.000000 1134.023395 -0.002533 0.999997 0.000000 104.495235 0.000000 0.000000 1.000000 0.000000
1.000000 0.000813 0.000000 1137.563032 -0.000813 1.000000 0.000000 104.528027 0.000000 0.000000 1.000000 0.000000
1.000000 -0.000009 0.000000 1141.121853 0.000009 1.000000 0.000000 104.531516 0.000000 0.000000 1.000000 0.000000
0.999998 0.001926 0.000000 1144.685866 -0.001926 0.999998 0.000000 104.564436 0.000000 0.000000 1.000000 0.000000
0.999986 0.005306 0.000000 1148.314812 -0.005306 0.999986 0.000000 104.543969 0.000000 0.000000 1.000000 0.000000
0.999979 0.006512 0.000000 1151.813938 -0.006512 0.999979 0.000000 104.497341 0.000000 0.000000 1.000000 0.000000
0.999973 0.007341 0.000000 1155.360679 -0.007341 0.999973 0.000000 104.506485 0.000000 0.000000 1.000000 0.000000
0.999979 0.006411 0.000000 1158.919488 -0.006411 0.999979 0.000000 104.475711 0.000000 0.000000 1.000000 0.000000
0.999972 0.007479 0.000000 1162.460738 -0.007479 0.999972 0.000000 104.416485 0.000000 0.000000 1.000000 0.000000
0.999939 0.011061 0.000000 1165.939188 -0.011061 0.999939 0.000000 104.404569 0.000000 0.000000 1.000000 0.000000
0.999946 0.010368 0.000000 1169.479788 -0.010368 0.999946 0.000000 104.360821 0.000000 0.000000 1.000000 0.000000
0.999937 0.011200 0.000000 1173.061537 -0.011200 0.999937 0.000000 104.337331 0.000000 0.000000 1.000000 0.000000
0.999912 0.013300 0.000000 1176.615355 -0.013300 0.999912 0.000000 104.320330 0.000000 0.000000 1.000000 0.000000
0.999905 0.013810 0.000000 1180.142282 -0.013810 0.999905 0.000000 104.234993 0.000000 0.000000 1.000000 0.000000
0.999889 0.014915 0.000000 1183.698966 -0.014915 0.999889 0.000000 104.242713 0.000000 0.000000 1.000000 0.000000
