1.000000 0.000000 0.000000 0.000000 0.000000 1.000000 0.000000 0.000000 0.000000 0.000000 1.000000 0.000000
1.000000 0.000093 0.000000 0.000588 -0.000093 1.000000 0.000000 -0.008204 0.000000 0.000000 1.000000 0.000000
1.000000 0.000109 0.000000 0.001799 -0.000109 1.000000 0.000000 -0.003382 0.000000 0.000000 1.000000 0.000000
1.000000 0.000032 0.000000 0.002683 -0.000032 1.000000 0.000000 0.000924 0.000000 0.000000 1.000000 0.000000
1.000000 0.000279 0.000000 0.003011 -0.000279 1.000000 0.000000 -0.002757 0.000000 0.000000 1.000000 0.000000
1.000000 0.000266 0.000000 0.001825 -0.000266 1.000000 0.000000 -0.002665 0.000000 0.000000 1.000000 0.000000
1.000000 0.000246 0.000000 0.002611 -0.000246 1.000000 0.000000 -0.004591 0.000000 0.000000 1.000000 0.000000
1.000000 0.000150 0.000000 -0.004109 -0.000150 1.000000 0.000000 -0.001624 0.000000 0.000000 1.000000 0.000000
1.000000 0.000160 0.000000 0.003977 -0.000160 1.000000 0.000000 -0.005416 0.000000 0.000000 1.000000 0.000000
1.000000 0.000136 0.000000 0.002806 -0.000136 1.000000 0.000000 -0.013991 0.000000 0.000000 1.000000 0.000000
1.000000 0.000144 0.000000 0.001420 -0.000144 1.000000 0.000000 -0.012115 0.000000 0.000000 1.000000 0.000000
1.000000 0.000204 0.000000 0.002470 -0.000204 1.000000 0.000000 -0.010741 0.000000 0.000000 1.000000 0.000000
1.000000 0.000184 0.000000 0.002711 -0.000184 1.000000 0.000000 -0.000881 0.000000 0.000000 1.000000 0.000000
1.000000 -0.000024 0.000000 0.002893 0.000024 1.000000 0.000000 -0.007164 0.000000 0.000000 1.000000 0.000000
1.000000 0.000034 0.000000 0.007802 -0.000034 1.000000 0.000000 -0.001742 0.000000 0.000000 1.000000 0.000000
1.000000 0.000136 0.000000 -0.005072 -0.000136 1.000000 0.000000 -0.009846 0.000000 0.000000 1.000000 0.000000
1.000000 -0.000000 0.000000 -0.002247 0.000000 1.000000 0.000000 -0.000370 0.000000 0.000000 1.000000 0.000000
1.000000 0.000007 0.000000 -0.004025 -0.000007 1.000000 0.000000 -0.005031 0.000000 0.000000 1.000000 0.000000
1.000000 0.000010 0.000000 0.002293 -0.000010 1.000000 0.000000 -0.004680 0.000000 0.000000 1.000000 0.000000
1.000000 0.000062 0.000000 -0.005376 -0.000062 1.000000 0.000000 -0.005836 0.000000 0.000000 1.000000 0.000000
1.000000 0.000026 0.000000 -0.001397 -0.000026 1.000000 0.000000 -0.005076 0.000000 0.000000 1.000000 0.000000
1.000000 0.000134 0.000000 -0.001467 -0.000134 1.000000 0.000000 -0.006953 0.000000 0.000000 1.000000 0.000000
1.000000 0.000081 0.000000 0.001766 -0.000081 1.000000 0.000000 -0.003300 0.000000 0.000000 1.000000 0.000000
1.000000 0.000231 0.000000 0.002477 -0.000231 1.000000 0.000000 0.003497 0.000000 0.000000 1.000000 0.000000
1.000000 -0.000058 0.000000 0.005945 0.000058 1.000000 0.000000 -0.006774 0.000000 0.000000 1.000000 0.000000
1.000000 -0.000200 0.000000 0.000616 0.000200 1.000000 0.000000 -0.005741 0.000000 0.000000 1.000000 0.000000
1.000000 -0.000092 0.000000 0.004622 0.000092 1.000000 0.000000 0.001776 0.000000 0.000000 1.000000 0.000000
1.000000 -0.000021 0.000000 0.000529 0.000021 1.000000 0.000000 0.001887 0.000000 0.000000 1.000000 0.000000
1.000000 0.000123 0.000000 -0.002665 -0.000123 1.000000 0.000000 0.006329 0.000000 0.000000 1.000000 0.000000
1.000000 -0.000031 0.000000 -0.002789 0.000031 1.000000 0.000000 0.001567 0.000000 0.000000 1.000000 0.000000
1.000000 0.000067 0.000000 0.010398 -0.000067 1.000000 0.000000 0.006088 0.000000 0.000000 1.000000 0.000000
1.000000 0.000232 0.000000 0.008168 -0.000232 1.000000 0.000000 0.005971 0.000000 0.000000 1.000000 0.000000
1.000000 0.000210 0.000000 0.008096 -0.000210 1.000000 0.000000 0.006203 0.000000 0.000000 1.000000 0.000000
1.000000 0.000081 0.000000 -0.000696 -0.000081 1.000000 0.000000 0.006797 0.000000 0.000000 1.000000 0.000000
1.000000 0.000109 0.000000 -0.003420 -0.000109 1.000000 0.000000 0.006190 0.000000 0.000000 1.000000 0.000000
1.000000 0.000027 0.000000 -0.004844 -0.000027 1.000000 0.000000 -0.000302 0.000000 0.000000 1.000000 0.000000
1.000000 -0.000331 0.000000 -0.002617 0.000331 1.000000 0.000000 -0.002828 0.000000 0.000000 1.000000 0.000000
1.000000 0.000012 0.000000 -0.005203 -0.000012 1.000000 0.000000 0.012050 0.000000 0.000000 1.000000 0.000000
1.000000 0.000445 0.000000 -0.007172 -0.000445 1.000000 0.000000 -0.003891 0.000000 0.000000 1.000000 0.000000
1.000000 0.000420 0.000000 -0.006161 -0.000420 1.000000 0.000000 -0.004030 0.000000 0.000000 1.000000 0.000000
1.000000 0.000220 0.000000 -0.007812 -0.000220 1.000000 0.000000 0.008308 0.000000 0.000000 1.000000 0.000000
1.000000 0.000233 0.000000 0.000365 -0.000233 1.000000 0.000000 -0.000245 0.000000 0.000000 1.000000 0.000000
1.000000 0.000367 0.000000 0.004304 -0.000367 1.000000 0.000000 -0.000288 0.000000 0.000000 1.000000 0.000000
1.000000 0.000095 0.000000 0.000356 -0.000095 1.000000 0.000000 -0.006971 0.000000 0.000000 1.000000 0.000000
1.000000 0.000255 0.000000 -0.002116 -0.000255 1.000000 0.000000 -0.006543 0.000000 0.000000 1.000000 0.000000
1.000000 0.000060 0.000000 0.000349 -0.000060 1.000000 0.000000 0.002246 0.000000 0.000000 1.000000 0.000000
1.000000 0.000258 0.000000 0.008607 -0.000258 1.000000 0.000000 0.008440 0.000000 0.000000 1.000000 0.000000
1.000000 0.000578 0.000000 0.001476 -0.000578 1.000000 0.000000 -0.002143 0.000000 0.000000 1.000000 0.000000
1.000000 0.000530 0.000000 -0.000259 -0.000530 1.000000 0.000000 -0.001639 0.000000 0.000000 1.000000 0.000000
1.000000 0.000021 0.000000 0.005051 -0.000021 1.000000 0.000000 -0.014638 0.000000 0.000000 1.000000 0.000000
1.000000 -0.000125 0.000000 0.001384 0.000125 1.000000 0.000000 -0.014019 0.000000 0.000000 1.000000 0.000000
1.000000 0.000148 0.000000 0.001875 -0.000148 1.000000 0.000000 -0.002321 0.000000 0.000000 1.000000 0.000000
1.000000 0.000128 0.000000 0.001062 -0.000128 1.000000 0.000000 -0.012703 0.000000 0.000000 1.000000 0.000000
1.000000 0.000209 0.000000 -0.000923 -0.000209 1.000000 0.000000 -0.008484 0.000000 0.000000 1.000000 0.000000
1.000000 -0.000031 0.000000 -0.002327 0.000031 1.000000 0.000000 -0.006832 0.000000 0.000000 1.000000 0.000000
1.000000 0.000148 0.000000 -0.001273 -0.000148 1.000000 0.000000 -0.010682 0.000000 0.000000 1.000000 0.000000
1.000000 0.000196 0.000000 -0.006232 -0.000196 1.000000 0.000000 -0.007464 0.000000 0.000000 1.000000 0.000000
1.000000 0.000138 0.000000 -0.007321 -0.000138 1.000000 0.000000 -0.008085 0.000000 0.000000 1.000000 0.000000
1.000000 0.000051 0.000000 -0.006685 -0.000051 1.000000 0.000000 -0.005996 0.000000 0.000000 1.000000 0.000000
1.000000 0.000058 0.000000 0.001370 -0.000058 1.000000 0.000000 -0.000596 0.000000 0.000000 1.000000 0.000000
1.000000 0.000002 0.000000 0.001068 -0.000002 1.000000 0.000000 0.003287 0.000000 0.000000 1.000000 0.000000
1.000000 0.000069 0.000000 0.004752 -0.000069 1.000000 0.000000 -0.009444 0.000000 0.000000 1.000000 0.000000
1.000000 0.000125 0.000000 0.008075 -0.000125 1.000000 0.000000 -0.008718 0.000000 0.000000 1.000000 0.000000
1.000000 0.000294 0.000000 0.001598 -0.000294 1.000000 0.000000 0.002827 0.000000 0.000000 1.000000 0.000000
1.000000 0.000357 0.000000 0.006214 -0.000357 1.000000 0.000000 0.008536 0.000000 0.000000 1.000000 0.000000
1.000000 0.000153 0.000000 0.001878 -0.000153 1.000000 0.000000 0.004853 0.000000 0.000000 1.000000 0.000000
1.000000 -0.000069 0.000000 -0.003650 0.000069 1.000000 0.000000 -0.009830 0.000000 0.000000 1.000000 0.000000
1.000000 -0.000157 0.000000 0.005494 0.000157 1.000000 0.000000 -0.006270 0.000000 0.000000 1.000000 0.000000
1.000000 0.000027 0.000000 -0.000352 -0.000027 1.000000 0.000000 -0.000343 0.000000 0.000000 1.000000 0.000000
1.000000 -0.000161 0.000000 0.002712 0.000161 1.000000 0.000000 -0.014348 0.000000 0.000000 1.000000 0.000000
1.000000 -0.000149 0.000000 0.005365 0.000149 1.000000 0.000000 -0.019286 0.000000 0.000000 1.000000 0.000000
1.000000 0.000029 0.000000 0.003784 -0.000029 1.000000 0.000000 -0.010033 0.000000 0.000000 1.000000 0.000000
1.000000 0.000188 0.000000 0.007966 -0.000188 1.000000 0.000000 -0.004571 0.000000 0.000000 1.000000 0.000000
1.000000 0.000175 0.000000 0.000155 -0.000175 1.000000 0.000000 -0.003710 0.000000 0.000000 1.000000 0.000000
1.000000 0.000039 0.000000 -0.008419 -0.000039 1.000000 0.000000 -0.013751 0.000000 0.000000 1.000000 0.000000
1.000000 -0.000099 0.000000 -0.003875 0.000099 1.000000 0.000000 -0.006719 0.000000 0.000000 1.000000 0.000000
1.000000 0.000283 0.000000 -0.004593 -0.000283 1.000000 0.000000 -0.004221 0.000000 0.000000 1.000000 0.000000
1.000000 -0.000011 0.000000 0.002172 0.000011 1.000000 0.000000 -0.019094 0.000000 0.000000 1.000000 0.000000
1.000000 0.000050 0.000000 -0.000659 -0.000050 1.000000 0.000000 -0.016254 0.000000 0.000000 1.000000 0.000000
1.000000 -0.000004 0.000000 0.006117 0.000004 1.000000 0.000000 -0.016192 0.000000 0.000000 1.000000 0.000000
1.000000 0.000073 0.000000 -0.001771 -0.000073 1.000000 0.000000 -0.002509 0.000000 0.000000 1.000000 0.000000
1.000000 0.000098 0.000000 0.002183 -0.000098 1.000000 0.000000 0.004108 0.000000 0.000000 1.000000 0.000000
1.000000 0.000268 0.000000 0.001344 -0.000268 1.000000 0.000000 0.000823 0.000000 0.000000 1.000000 0.000000
1.000000 0.000399 0.000000 0.000352 -0.000399 1.000000 0.000000 0.001943 0.000000 0.000000 1.000000 0.000000
1.000000 0.000041 0.000000 0.007066 -0.000041 1.000000 0.000000 -0.005065 0.000000 0.000000 1.000000 0.000000
1.000000 -0.000027 0.000000 0.003815 0.000027 1.000000 0.000000 0.002731 0.000000 0.000000 1.000000 0.000000
1.000000 0.000312 0.000000 0.005384 -0.000312 1.000000 0.000000 0.006817 0.000000 0.000000 1.000000 0.000000
1.000000 0.000081 0.000000 -0.002181 -0.000081 1.000000 0.000000 -0.009974 0.000000 0.000000 1.000000 0.000000
1.000000 0.000080 0.000000 -0.002025 -0.000080 1.000000 0.000000 0.001280 0.000000 0.000000 1.000000 0.000000
1.000000 0.000091 0.000000 0.004557 -0.000091 1.000000 0.000000 -0.005989 0.000000 0.000000 1.000000 0.000000
1.000000 0.000181 0.000000 0.004194 -0.000181 1.000000 0.000000 -0.002592 0.000000 0.000000 1.000000 0.000000
1.000000 0.000123 0.000000 0.001565 -0.000123 1.000000 0.000000 -0.003081 0.000000 0.000000 1.000000 0.000000
1.000000 -0.000137 0.000000 -0.002978 0.000137 1.000000 0.000000 -0.004875 0.000000 0.000000 1.000000 0.000000
1.000000 -0.000046 0.000000 0.000496 0.000046 1.000000 0.000000 -0.003808 0.000000 0.000000 1.000000 0.000000
1.000000 0.000125 0.000000 -0.002598 -0.000125 1.000000 0.000000 -0.004792 0.000000 0.000000 1.000000 0.000000
1.000000 0.000223 0.000000 -0.004641 -0.000223 1.000000 0.000000 -0.012938 0.000000 0.000000 1.000000 0.000000
1.000000 0.000227 0.000000 0.000866 -0.000227 1.000000 0.000000 -0.004351 0.000000 0.000000 1.000000 0.000000
1.000000 -0.000081 0.000000 -0.011487 0.000081 1.000000 0.000000 -0.006167 0.000000 0.000000 1.000000 0.000000
1.000000 -0.000026 0.000000 -0.007421 0.000026 1.000000 0.000000 -0.003733 0.000000 0.000000 1.000000 0.000000
1.000000 0.000067 0.000000 -0.007048 -0.000067 1.000000 0.000000 -0.012596 0.000000 0.000000 1.000000 0.000000
1.000000 0.000140 0.000000 -0.006567 -0.000140 1.000000 0.000000 -0.017983 0.000000 0.000000 1.000000 0.000000
1.000000 0.000051 0.000000 0.000575 -0.000051 1.000000 0.000000 -0.017416 0.000000 0.000000 1.000000 0.000000
1.000000 0.000143 0.000000 -0.007318 -0.000143 1.000000 0.000000 -0.012022 0.000000 0.000000 1.000000 0.000000
1.000000 0.000028 0.000000 -0.001177 -0.000028 1.000000 0.000000 -0.015863 0.000000 0.000000 1.000000 0.000000
1.000000 0.000194 0.000000 -0.004857 -0.000194 1.000000 0.000000 0.001253 0.000000 0.000000 1.000000 0.000000
1.000000 0.000122 0.000000 0.009407 -0.000122 1.000000 0.000000 -0.002552 0.000000 0.000000 1.000000 0.000000
1.000000 0.000067 0.000000 0.001735 -0.000067 1.000000 0.000000 -0.007262 0.000000 0.000000 1.000000 0.000000
1.000000 0.000245 0.000000 -0.001978 -0.000245 1.000000 0.000000 0.005183 0.000000 0.000000 1.000000 0.000000
1.000000 -0.000004 0.000000 0.002682 0.000004 1.000000 0.000000 -0.012854 0.000000 0.000000 1.000000 0.000000
1.000000 0.000014 0.000000 0.008431 -0.000014 1.000000 0.000000 -0.001305 0.000000 0.000000 1.000000 0.000000
1.000000 -0.000090 0.000000 0.001749 0.000090 1.000000 0.000000 0.001971 0.000000 0.000000 1.000000 0.000000
1.000000 -0.000057 0.000000 0.001138 0.000057 1.000000 0.000000 -0.000324 0.000000 0.000000 1.000000 0.000000
1.000000 -0.000005 0.000000 0.003480 0.000005 1.000000 0.000000 -0.009512 0.000000 0.000000 1.000000 0.000000
1.000000 -0.000051 0.000000 0.015016 0.000051 1.000000 0.000000 -0.004867 0.000000 0.000000 1.000000 0.000000
1.000000 0.000295 0.000000 0.013076 -0.000295 1.000000 0.000000 0.006842 0.000000 0.000000 1.000000 0.000000
1.000000 0.000139 0.000000 0.008585 -0.000139 1.000000 0.000000 -0.002545 0.000000 0.000000 1.000000 0.000000
1.000000 0.000194 0.000000 0.001266 -0.000194 1.000000 0.000000 0.005851 0.000000 0.000000 1.000000 0.000000
1.000000 -0.000090 0.000000 0.006727 0.000090 1.000000 0.000000 -0.004776 0.000000 0.000000 1.000000 0.000000
1.000000 -0.000235 0.000000 -0.004171 0.000235 1.000000 0.000000 -0.002529 0.000000 0.000000 1.000000 0.000000
1.000000 0.000194 0.000000 0.005517 -0.000194 1.000000 0.000000 0.006124 0.000000 0.000000 1.000000 0.000000
1.000000 -0.000044 0.000000 0.005551 0.000044 1.000000 0.000000 -0.008640 0.000000 0.000000 1.000000 0.000000
1.000000 0.000106 0.000000 0.003717 -0.000106 1.000000 0.000000 0.004625 0.000000 0.000000 1.000000 0.000000
1.000000 -0.000149 0.000000 0.006527 0.000149 1.000000 0.000000 -0.007442 0.000000 0.000000 1.000000 0.000000
1.000000 0.000041 0.000000 -0.000228 -0.000041 1.000000 0.000000 -0.008858 0.000000 0.000000 1.000000 0.000000
1.000000 0.000139 0.000000 0.005445 -0.000139 1.000000 0.000000 0.004022 0.000000 0.000000 1.000000 0.000000
1.000000 0.000237 0.000000 0.002825 -0.000237 1.000000 0.000000 0.008236 0.000000 0.000000 1.000000 0.000000
1.000000 0.000330 0.000000 0.008719 -0.000330 1.000000 0.000000 0.009889 0.000000 0.000000 1.000000 0.000000
1.000000 0.000389 0.000000 0.002112 -0.000389 1.000000 0.000000 0.009766 0.000000 0.000000 1.000000 0.000000
1.000000 0.000364 0.000000 -0.003766 -0.000364 1.000000 0.000000 0.005462 0.000000 0.000000 1.000000 0.000000
1.000000 -0.000110 0.000000 -0.003542 0.000110 1.000000 0.000000 -0.010309 0.000000 0.000000 1.000000 0.000000
1.000000 0.000011 0.000000 0.003103 -0.000011 1.000000 0.000000 0.002321 0.000000 0.000000 1.000000 0.000000
1.000000 0.000209 0.000000 0.005355 -0.000209 1.000000 0.000000 -0.001069 0.000000 0.000000 1.000000 0.000000
1.000000 0.000057 0.000000 -0.003705 -0.000057 1.000000 0.000000 0.003720 0.000000 0.000000 1.000000 0.000000
1.000000 0.000037 0.000000 0.000888 -0.000037 1.000000 0.000000 0.002471 0.000000 0.000000 1.000000 0.000000
1.000000 0.000171 0.000000 -0.000619 -0.000171 1.000000 0.000000 0.013151 0.000000 0.000000 1.000000 0.000000
1.000000 0.000314 0.000000 -0.001734 -0.000314 1.000000 0.000000 0.012443 0.000000 0.000000 1.000000 0.000000
1.000000 0.000302 0.000000 -0.003425 -0.000302 1.000000 0.000000 0.001635 0.000000 0.000000 1.000000 0.000000
1.000000 0.000127 0.000000 -0.000123 -0.000127 1.000000 0.000000 0.001643 0.000000 0.000000 1.000000 0.000000
1.000000 0.000166 0.000000 0.002774 -0.000166 1.000000 0.000000 0.008845 0.000000 0.000000 1.000000 0.000000
1.000000 0.000381 0.000000 0.004832 -0.000381 1.000000 0.000000 0.009040 0.000000 0.000000 1.000000 0.000000
1.000000 0.000108 0.000000 0.001916 -0.000108 1.000000 0.000000 0.003223 0.000000 0.000000 1.000000 0.000000
1.000000 0.000098 0.000000 -0.002922 -0.000098 1.000000 0.000000 0.013913 0.000000 0.000000 1.000000 0.000000
1.000000 0.000121 0.000000 -0.000986 -0.000121 1.000000 0.000000 0.007719 0.000000 0.000000 1.000000 0.000000
1.000000 0.000229 0.000000 -0.001154 -0.000229 1.000000 0.000000 0.005751 0.000000 0.000000 1.000000 0.000000
1.000000 0.000250 0.000000 -0.008517 -0.000250 1.000000 0.000000 0.002879 0.000000 0.000000 1.000000 0.000000
1.000000 0.000183 0.000000 -0.007732 -0.000183 1.000000 0.000000 0.001766 0.000000 0.000000 1.000000 0.000000
1.000000 -0.000123 0.000000 0.005612 0.000123 1.000000 0.000000 0.008216 0.000000 0.000000 1.000000 0.000000
1.000000 0.000044 0.000000 0.009147 -0.000044 1.000000 0.000000 0.009240 0.000000 0.000000 1.000000 0.000000
1.000000 0.000249 0.000000 0.002687 -0.000249 1.000000 0.000000 0.009775 0.000000 0.000000 1.000000 0.000000
1.000000 0.000152 0.000000 0.004826 -0.000152 1.000000 0.000000 0.007753 0.000000 0.000000 1.000000 0.000000
1.000000 -0.000005 0.000000 -0.000446 0.000005 1.000000 0.000000 -0.001376 0.000000 0.000000 1.000000 0.000000
1.000000 0.000085 0.000000 0.004795 -0.000085 1.000000 0.000000 0.000682 0.000000 0.000000 1.000000 0.000000
1.000000 0.000143 0.000000 -0.005964 -0.000143 1.000000 0.000000 -0.002083 0.000000 0.000000 1.000000 0.000000
1.000000 0.000145 0.000000 -0.002613 -0.000145 1.000000 0.000000 -0.000225 0.000000 0.000000 1.000000 0.000000
1.000000 0.000120 0.000000 -0.003426 -0.000120 1.000000 0.000000 -0.003127 0.000000 0.000000 1.000000 0.000000
1.000000 0.000129 0.000000 0.003401 -0.000129 1.000000 0.000000 -0.005974 0.000000 0.000000 1.000000 0.000000
1.000000 0.000248 0.000000 -0.005191 -0.000248 1.000000 0.000000 -0.004473 0.000000 0.000000 1.000000 0.000000
1.000000 0.000420 0.000000 -0.002382 -0.000420 1.000000 0.000000 0.006326 0.000000 0.000000 1.000000 0.000000
1.000000 0.000224 0.000000 0.005772 -0.000224 1.000000 0.000000 0.002462 0.000000 0.000000 1.000000 0.000000
1.000000 0.000188 0.000000 -0.004401 -0.000188 1.000000 0.000000 0.015069 0.000000 0.000000 1.000000 0.000000
1.000000 0.000233 0.000000 -0.000826 -0.000233 1.000000 0.000000 0.005371 0.000000 0.000000 1.000000 0.000000
1.000000 0.000355 0.000000 0.005723 -0.000355 1.000000 0.000000 -0.000206 0.000000 0.000000 1.000000 0.000000
1.000000 0.000208 0.000000 -0.000024 -0.000208 1.000000 0.000000 0.002436 0.000000 0.000000 1.000000 0.000000
1.000000 0.000164 0.000000 0.008729 -0.000164 1.000000 0.000000 0.003252 0.000000 0.000000 1.000000 0.000000
1.000000 0.000151 0.000000 -0.001716 -0.000151 1.000000 0.000000 -0.002668 0.000000 0.000000 1.000000 0.000000
1.000000 0.000234 0.000000 0.002181 -0.000234 1.000000 0.000000 0.008348 0.000000 0.000000 1.000000 0.000000
1.000000 0.000282 0.000000 0.001022 -0.000282 1.000000 0.000000 0.010954 0.000000 0.000000 1.000000 0.000000
1.000000 0.000291 0.000000 -0.000874 -0.000291 1.000000 0.000000 0.005676 0.000000 0.000000 1.000000 0.000000
1.000000 0.000242 0.000000 0.001292 -0.000242 1.000000 0.000000 0.006891 0.000000 0.000000 1.000000 0.000000
1.000000 0.000190 0.000000 0.002263 -0.000190 1.000000 0.000000 -0.001114 0.000000 0.000000 1.000000 0.000000
1.000000 -0.000002 0.000000 0.007290 0.000002 1.000000 0.000000 0.004862 0.000000 0.000000 1.000000 0.000000
1.000000 0.000195 0.000000 0.004384 -0.000195 1.000000 0.000000 0.009492 0.000000 0.000000 1.000000 0.000000
1.000000 0.000147 0.000000 0.006740 -0.000147 1.000000 0.000000 0.008968 0.000000 0.000000 1.000000 0.000000
1.000000 -0.000010 0.000000 0.007055 0.000010 1.000000 0.000000 0.003168 0.000000 0.000000 1.000000 0.000000
1.000000 0.000105 0.000000 0.004215 -0.000105 1.000000 0.000000 -0.000501 0.000000 0.000000 1.000000 0.000000
1.000000 0.000156 0.000000 0.009328 -0.000156 1.000000 0.000000 -0.000202 0.000000 0.000000 1.000000 0.000000
1.000000 0.000257 0.000000 0.000874 -0.000257 1.000000 0.000000 0.003573 0.000000 0.000000 1.000000 0.000000
1.000000 0.000307 0.000000 0.009881 -0.000307 1.000000 0.000000 -0.000557 0.000000 0.000000 1.000000 0.000000
1.000000 0.000314 0.000000 -0.000757 -0.000314 1.000000 0.000000 0.002018 0.000000 0.000000 1.000000 0.000000
1.000000 0.000110 0.000000 0.000077 -0.000110 1.000000 0.000000 -0.002842 0.000000 0.000000 1.000000 0.000000
1.000000 0.000006 0.000000 0.002106 -0.000006 1.000000 0.000000 -0.009382 0.000000 0.000000 1.000000 0.000000
1.000000 0.000307 0.000000 0.002979 -0.000307 1.000000 0.000000 0.005311 0.000000 0.000000 1.000000 0.000000
1.000000 0.000414 0.000000 -0.006439 -0.000414 1.000000 0.000000 0.011670 0.000000 0.000000 1.000000 0.000000
1.000000 0.000240 0.000000 0.000938 -0.000240 1.000000 0.000000 0.005118 0.000000 0.000000 1.000000 0.000000
1.000000 0.000195 0.000000 -0.000134 -0.000195 1.000000 0.000000 0.004671 0.000000 0.000000 1.000000 0.000000
1.000000 0.000337 0.000000 -0.001438 -0.000337 1.000000 0.000000 0.005328 0.000000 0.000000 1.000000 0.000000
1.000000 0.000284 0.000000 -0.005165 -0.000284 1.000000 0.000000 -0.000162 0.000000 0.000000 1.000000 0.000000
1.000000 0.000220 0.000000 -0.003307 -0.000220 1.000000 0.000000 0.004551 0.000000 0.000000 1.000000 0.000000
1.000000 0.000159 0.000000 -0.006276 -0.000159 1.000000 0.000000 0.000218 0.000000 0.000000 1.000000 0.000000
1.000000 0.000091 0.000000 -0.005039 -0.000091 1.000000 0.000000 -0.001358 0.000000 0.000000 1.000000 0.000000
1.000000 0.000021 0.000000 -0.002280 -0.000021 1.000000 0.000000 0.002118 0.000000 0.000000 1.000000 0.000000
1.000000 0.000292 0.000000 0.002457 -0.000292 1.000000 0.000000 0.005374 0.000000 0.000000 1.000000 0.000000
1.000000 0.000319 0.000000 0.000973 -0.000319 1.000000 0.000000 -0.006535 0.000000 0.000000 1.000000 0.000000
1.000000 0.000038 0.000000 0.004020 -0.000038 1.000000 0.000000 -0.010564 0.000000 0.000000 1.000000 0.000000
1.000000 -0.000040 0.000000 0.018705 0.000040 1.000000 0.000000 -0.007208 0.000000 0.000000 1.000000 0.000000
1.000000 -0.000445 0.000000 0.070860 0.000445 1.000000 0.000000 -0.009235 0.000000 0.000000 1.000000 0.000000
0.999999 -0.001723 0.000000 0.133075 0.001723 0.999999 0.000000 0.007685 0.000000 0.000000 1.000000 0.000000
0.999994 -0.003391 0.000000 0.190649 0.003391 0.999994 0.000000 0.015875 0.000000 0.000000 1.000000 0.000000
0.999965 -0.008388 0.000000 0.301710 0.008388 0.999965 0.000000 0.003401 0.000000 0.000000 1.000000 0.000000
0.999898 -0.014289 0.000000 0.439658 0.014289 0.999898 0.000000 0.018635 0.000000 0.000000 1.000000 0.000000
0.999762 -0.021837 0.000000 0.589579 0.021837 0.999762 0.000000 0.050819 0.000000 0.000000 1.000000 0.000000
0.999406 -0.034467 0.000000 0.923139 0.034467 0.999406 0.000000 0.102707 0.000000 0.000000 1.000000 0.000000
0.998871 -0.047510 0.000000 1.247777 0.047510 0.998871 0.000000 0.105834 0.000000 0.000000 1.000000 0.000000
0.998165 -0.060557 0.000000 1.606661 0.060557 0.998165 0.000000 0.109582 0.000000 0.000000 1.000000 0.000000
0.997133 -0.075666 0.000000 2.026682 0.075666 0.997133 0.000000 0.152264 0.000000 0.000000 1.000000 0.000000
0.995953 -0.089874 0.000000 2.567795 0.089874 0.995953 0.000000 0.193584 0.000000 0.000000 1.000000 0.000000
0.994732 -0.102508 0.000000 3.230230 0.102508 0.994732 0.000000 0.255607 0.000000 0.000000 1.000000 0.000000
0.993624 -0.112746 0.000000 3.917139 0.112746 0.993624 0.000000 0.371618 0.000000 0.000000 1.000000 0.000000
0.992724 -0.120408 0.000000 4.741707 0.120408 0.992724 0.000000 0.473097 0.000000 0.000000 1.000000 0.000000
0.992313 -0.123757 0.000000 5.554945 0.123757 0.992313 0.000000 0.572858 0.000000 0.000000 1.000000 0.000000
0.992257 -0.124203 0.000000 6.506461 0.124203 0.992257 0.000000 0.690626 0.000000 0.000000 1.000000 0.000000
0.992283 -0.123991 0.000000 7.496648 0.123991 0.992283 0.000000 0.811981 0.000000 0.000000 1.000000 0.000000
0.992328 -0.123634 0.000000 8.572683 0.123634 0.992328 0.000000 0.962630 0.000000 0.000000 1.000000 0.000000
0.992461 -0.122565 0.000000 9.618390 0.122565 0.992461 0.000000 1.069369 0.000000 0.000000 1.000000 0.000000
0.992610 -0.121347 0.000000 10.855294 0.121347 0.992610 0.000000 1.226040 0.000000 0.000000 1.000000 0.000000
0.993132 -0.117001 0.000000 12.039277 0.117001 0.993132 0.000000 1.407064 0.000000 0.000000 1.000000 0.000000
0.993581 -0.113121 0.000000 13.302904 0.113121 0.993581 0.000000 1.531789 0.000000 0.000000 1.000000 0.000000
0.993853 -0.110706 0.000000 14.495188 0.110706 0.993853 0.000000 1.620441 0.000000 0.000000 1.000000 0.000000
0.994370 -0.105960 0.000000 15.802710 0.105960 0.994370 0.000000 1.734866 0.000000 0.000000 1.000000 0.000000
0.994811 -0.101736 0.000000 17.044233 0.101736 0.994811 0.000000 1.909224 0.000000 0.000000 1.000000 0.000000
0.995329 -0.096542 0.000000 18.416150 0.096542 0.995329 0.000000 1.977598 0.000000 0.000000 1.000000 0.000000
0.995834 -0.091186 0.000000 19.703108 0.091186 0.995834 0.000000 2.131292 0.000000 0.000000 1.000000 0.000000
0.996525 -0.083298 0.000000 21.091703 0.083298 0.996525 0.000000 2.225734 0.000000 0.000000 1.000000 0.000000
0.997196 -0.074836 0.000000 22.380805 0.074836 0.997196 0.000000 2.296927 0.000000 0.000000 1.000000 0.000000
0.997680 -0.068079 0.000000 23.831881 0.068079 0.997680 0.000000 2.388401 0.000000 0.000000 1.000000 0.000000
0.997931 -0.064292 0.000000 25.101389 0.064292 0.997931 0.000000 2.477452 0.000000 0.000000 1.000000 0.000000
0.998039 -0.062602 0.000000 26.547714 0.062602 0.998039 0.000000 2.521268 0.000000 0.000000 1.000000 0.000000
0.998162 -0.060597 0.000000 27.888610 0.060597 0.998162 0.000000 2.621490 0.000000 0.000000 1.000000 0.000000
0.998280 -0.058633 0.000000 29.416556 0.058633 0.998280 0.000000 2.700687 0.000000 0.000000 1.000000 0.000000
0.998295 -0.058365 0.000000 30.925368 0.058365 0.998295 0.000000 2.750213 0.000000 0.000000 1.000000 0.000000
0.998372 -0.057042 0.000000 32.490963 0.057042 0.998372 0.000000 2.872958 0.000000 0.000000 1.000000 0.000000
0.998413 -0.056314 0.000000 34.135939 0.056314 0.998413 0.000000 2.962563 0.000000 0.000000 1.000000 0.000000
0.998484 -0.055042 0.000000 35.829010 0.055042 0.998484 0.000000 3.033982 0.000000 0.000000 1.000000 0.000000
0.998552 -0.053796 0.000000 37.479140 0.053796 0.998552 0.000000 3.142752 0.000000 0.000000 1.000000 0.000000
0.998620 -0.052516 0.000000 39.284890 0.052516 0.998620 0.000000 3.217213 0.000000 0.000000 1.000000 0.000000
0.998993 -0.044866 0.000000 41.181802 0.044866 0.998993 0.000000 3.296934 0.000000 0.000000 1.000000 0.000000
0.999128 -0.041764 0.000000 43.021150 0.041764 0.999128 0.000000 3.301455 0.000000 0.000000 1.000000 0.000000
0.999316 -0.036985 0.000000 44.881234 0.036985 0.999316 0.000000 3.402883 0.000000 0.000000 1.000000 0.000000
0.999435 -0.033600 0.000000 46.846862 0.033600 0.999435 0.000000 3.479400 0.000000 0.000000 1.000000 0.000000
0.999618 -0.027625 0.000000 48.757369 0.027625 0.999618 0.000000 3.518822 0.000000 0.000000 1.000000 0.000000
0.999770 -0.021449 0.000000 50.768862 0.021449 0.999770 0.000000 3.521089 0.000000 0.000000 1.000000 0.000000
0.999874 -0.015858 0.000000 52.753472 0.015858 0.999874 0.000000 3.513950 0.000000 0.000000 1.000000 0.000000
0.999976 -0.006918 0.000000 54.826492 0.006918 0.999976 0.000000 3.548138 0.000000 0.000000 1.000000 0.000000
0.999991 0.004224 0.000000 56.828653 -0.004224 0.999991 0.000000 3.561766 0.000000 0.000000 1.000000 0.000000
0.999888 0.014996 0.000000 58.830369 -0.014996 0.999888 0.000000 3.491962 0.000000 0.000000 1.000000 0.000000
0.999760 0.021916 0.000000 60.851972 -0.021916 0.999760 0.000000 3.426950 0.000000 0.000000 1.000000 0.000000
0.999774 0.021282 0.000000 62.841549 -0.021282 0.999774 0.000000 3.356747 0.000000 0.000000 1.000000 0.000000
0.999928 0.011964 0.000000 64.841005 -0.011964 0.999928 0.000000 3.280632 0.000000 0.000000 1.000000 0.000000
0.999997 -0.002236 0.000000 66.802729 0.002236 0.999997 0.000000 3.343188 0.000000 0.000000 1.000000 0.000000
0.999907 -0.013625 0.000000 68.792540 0.013625 0.999907 0.000000 3.360406 0.000000 0.000000 1.000000 0.000000
0.999707 -0.024208 0.000000 70.896669 0.024208 0.999707 0.000000 3.426688 0.000000 0.000000 1.000000 0.000000
0.999414 -0.034219 0.000000 72.970146 0.034219 0.999414 0.000000 3.492579 0.000000 0.000000 1.000000 0.000000
0.999025 -0.044149 0.000000 75.058571 0.044149 0.999025 0.000000 3.582896 0.000000 0.000000 1.000000 0.000000
0.998441 -0.055818 0.000000 77.184338 0.055818 0.998441 0.000000 3.670187 0.000000 0.000000 1.000000 0.000000
0.997849 -0.065556 0.000000 79.305384 0.065556 0.997849 0.000000 3.738783 0.000000 0.000000 1.000000 0.000000
0.997627 -0.068846 0.000000 81.406023 0.068846 0.997627 0.000000 3.923505 0.000000 0.000000 1.000000 0.000000
0.997554 -0.069901 0.000000 83.585618 0.069901 0.997554 0.000000 4.081086 0.000000 0.000000 1.000000 0.000000
0.997643 -0.068619 0.000000 85.820073 0.068619 0.997643 0.000000 4.234488 0.000000 0.000000 1.000000 0.000000
0.997623 -0.068913 0.000000 88.014969 0.068913 0.997623 0.000000 4.340256 0.000000 0.000000 1.000000 0.000000
0.997646 -0.068573 0.000000 90.214487 0.068573 0.997646 0.000000 4.475950 0.000000 0.000000 1.000000 0.000000
0.997685 -0.068010 0.000000 92.438533 0.068010 0.997685 0.000000 4.631618 0.000000 0.000000 1.000000 0.000000
0.997802 -0.066269 0.000000 94.714332 0.066269 0.997802 0.000000 4.768804 0.000000 0.000000 1.000000 0.000000
0.998023 -0.062844 0.000000 96.974846 0.062844 0.998023 0.000000 4.924645 0.000000 0.000000 1.000000 0.000000
0.998333 -0.057719 0.000000 99.214187 0.057719 0.998333 0.000000 5.003573 0.000000 0.000000 1.000000 0.000000
0.998533 -0.054138 0.000000 101.504810 0.054138 0.998533 0.000000 5.169692 0.000000 0.000000 1.000000 0.000000
0.998719 -0.050604 0.000000 103.848471 0.050604 0.998719 0.000000 5.269024 0.000000 0.000000 1.000000 0.000000
0.998897 -0.046956 0.000000 106.146375 0.046956 0.998897 0.000000 5.362950 0.000000 0.000000 1.000000 0.000000
0.999103 -0.042335 0.000000 108.554196 0.042335 0.999103 0.000000 5.459802 0.000000 0.000000 1.000000 0.000000
0.999228 -0.039296 0.000000 110.994609 0.039296 0.999228 0.000000 5.539497 0.000000 0.000000 1.000000 0.000000
0.999174 -0.040629 0.000000 113.433417 0.040629 0.999174 0.000000 5.638755 0.000000 0.000000 1.000000 0.000000
0.999210 -0.039754 0.000000 115.810870 0.039754 0.999210 0.000000 5.695143 0.000000 0.000000 1.000000 0.000000
0.999200 -0.040004 0.000000 118.201160 0.040004 0.999200 0.000000 5.775754 0.000000 0.000000 1.000000 0.000000
0.999119 -0.041964 0.000000 120.694723 0.041964 0.999119 0.000000 5.887910 0.000000 0.000000 1.000000 0.000000
0.999099 -0.042448 0.000000 123.160996 0.042448 0.999099 0.000000 5.963107 0.000000 0.000000 1.000000 0.000000
0.999096 -0.042518 0.000000 125.519443 0.042518 0.999096 0.000000 6.081994 0.000000 0.000000 1.000000 0.000000
0.999062 -0.043301 0.000000 128.073755 0.043301 0.999062 0.000000 6.156026 0.000000 0.000000 1.000000 0.000000
0.999116 -0.042032 0.000000 130.530961 0.042032 0.999116 0.000000 6.300072 0.000000 0.000000 1.000000 0.000000
0.999105 -0.042292 0.000000 133.064879 0.042292 0.999105 0.000000 6.438052 0.000000 0.000000 1.000000 0.000000
0.999047 -0.043638 0.000000 135.586999 0.043638 0.999047 0.000000 6.511895 0.000000 0.000000 1.000000 0.000000
0.999078 -0.042943 0.000000 138.101972 0.042943 0.999078 0.000000 6.632432 0.000000 0.000000 1.000000 0.000000
0.999045 -0.043683 0.000000 140.661916 0.043683 0.999045 0.000000 6.712749 0.000000 0.000000 1.000000 0.000000
0.999042 -0.043764 0.000000 143.153698 0.043764 0.999042 0.000000 6.817439 0.000000 0.000000 1.000000 0.000000
0.998967 -0.045447 0.000000 145.707943 0.045447 0.998967 0.000000 6.903500 0.000000 0.000000 1.000000 0.000000
0.998912 -0.046624 0.000000 148.301670 0.046624 0.998912 0.000000 7.042915 0.000000 0.000000 1.000000 0.000000
0.998881 -0.047303 0.000000 150.807543 0.047303 0.998881 0.000000 7.119834 0.000000 0.000000 1.000000 0.000000
0.998787 -0.049249 0.000000 153.265375 0.049249 0.998787 0.000000 7.254674 0.000000 0.000000 1.000000 0.000000
0.998763 -0.049717 0.000000 155.760154 0.049717 0.998763 0.000000 7.358010 0.000000 0.000000 1.000000 0.000000
0.998704 -0.050889 0.000000 158.178608 0.050889 0.998704 0.000000 7.485741 0.000000 0.000000 1.000000 0.000000
0.998646 -0.052013 0.000000 160.633566 0.052013 0.998646 0.000000 7.627399 0.000000 0.000000 1.000000 0.000000
0.998682 -0.051323 0.000000 162.994114 0.051323 0.998682 0.000000 7.730699 0.000000 0.000000 1.000000 0.000000
0.998628 -0.052366 0.000000 165.277778 0.052366 0.998628 0.000000 7.803421 0.000000 0.000000 1.000000 0.000000
0.998590 -0.053083 0.000000 167.574629 0.053083 0.998590 0.000000 7.937607 0.000000 0.000000 1.000000 0.000000
0.998522 -0.054353 0.000000 169.880997 0.054353 0.998522 0.000000 8.038938 0.000000 0.000000 1.000000 0.000000
0.998481 -0.055088 0.000000 172.166443 0.055088 0.998481 0.000000 8.177646 0.000000 0.000000 1.000000 0.000000
0.998389 -0.056746 0.000000 174.389909 0.056746 0.998389 0.000000 8.368763 0.000000 0.000000 1.000000 0.000000
0.998180 -0.060300 0.000000 176.563782 0.060300 0.998180 0.000000 8.487949 0.000000 0.000000 1.000000 0.000000
0.998138 -0.060998 0.000000 178.761979 0.060998 0.998138 0.000000 8.608777 0.000000 0.000000 1.000000 0.000000
0.997991 -0.063359 0.000000 180.887831 0.063359 0.997991 0.000000 8.723738 0.000000 0.000000 1.000000 0.000000
0.997853 -0.065488 0.000000 183.032041 0.065488 0.997853 0.000000 8.894724 0.000000 0.000000 1.000000 0.000000
0.997651 -0.068503 0.000000 185.193572 0.068503 0.997651 0.000000 9.067547 0.000000 0.000000 1.000000 0.000000
0.997542 -0.070071 0.000000 187.301785 0.070071 0.997542 0.000000 9.207300 0.000000 0.000000 1.000000 0.000000
0.997369 -0.072487 0.000000 189.260958 0.072487 0.997369 0.000000 9.330797 0.000000 0.000000 1.000000 0.000000
0.997082 -0.076333 0.000000 191.284856 0.076333 0.997082 0.000000 9.475550 0.000000 0.000000 1.000000 0.000000
0.996681 -0.081402 0.000000 193.256745 0.081402 0.996681 0.000000 9.596533 0.000000 0.000000 1.000000 0.000000
0.996063 -0.088644 0.000000 195.168295 0.088644 0.996063 0.000000 9.781547 0.000000 0.000000 1.000000 0.000000
0.995141 -0.098457 0.000000 197.029683 0.098457 0.995141 0.000000 9.925291 0.000000 0.000000 1.000000 0.000000
0.994123 -0.108257 0.000000 198.871892 0.108257 0.994123 0.000000 10.136162 0.000000 0.000000 1.000000 0.000000
0.992872 -0.119188 0.000000 200.652257 0.119188 0.992872 0.000000 10.330941 0.000000 0.000000 1.000000 0.000000
0.991837 -0.127510 0.000000 202.480108 0.127510 0.991837 0.000000 10.557535 0.000000 0.000000 1.000000 0.000000
0.990989 -0.133946 0.000000 204.245107 0.133946 0.990989 0.000000 10.819996 0.000000 0.000000 1.000000 0.000000
0.990566 -0.137040 0.000000 205.906879 0.137040 0.990566 0.000000 11.010382 0.000000 0.000000 1.000000 0.000000
0.990211 -0.139580 0.000000 207.563521 0.139580 0.990211 0.000000 11.257797 0.000000 0.000000 1.000000 0.000000
0.989679 -0.143302 0.000000 209.252378 0.143302 0.989679 0.000000 11.536849 0.000000 0.000000 1.000000 0.000000
0.989569 -0.144060 0.000000 210.917266 0.144060 0.989569 0.000000 11.798751 0.000000 0.000000 1.000000 0.000000
0.989202 -0.146560 0.000000 212.497927 0.146560 0.989202 0.000000 12.004110 0.000000 0.000000 1.000000 0.000000
0.988755 -0.149542 0.000000 214.166726 0.149542 0.988755 0.000000 12.297242 0.000000 0.000000 1.000000 0.000000
0.988221 -0.153031 0.000000 215.801686 0.153031 0.988221 0.000000 12.552584 0.000000 0.000000 1.000000 0.000000
0.987754 -0.156020 0.000000 217.469207 0.156020 0.987754 0.000000 12.836353 0.000000 0.000000 1.000000 0.000000
0.987252 -0.159163 0.000000 219.043682 0.159163 0.987252 0.000000 13.036746 0.000000 0.000000 1.000000 0.000000
0.986304 -0.164938 0.000000 220.629903 0.164938 0.986304 0.000000 13.285309 0.000000 0.000000 1.000000 0.000000
0.985619 -0.168983 0.000000 222.149452 0.168983 0.985619 0.000000 13.557859 0.000000 0.000000 1.000000 0.000000
0.985635 -0.168891 0.000000 223.627496 0.168891 0.985635 0.000000 13.895849 0.000000 0.000000 1.000000 0.000000
0.985956 -0.167005 0.000000 225.072477 0.167005 0.985956 0.000000 14.095056 0.000000 0.000000 1.000000 0.000000
0.986098 -0.166166 0.000000 226.494794 0.166166 0.986098 0.000000 14.296631 0.000000 0.000000 1.000000 0.000000
0.986298 -0.164975 0.000000 227.861653 0.164975 0.986298 0.000000 14.555937 0.000000 0.000000 1.000000 0.000000
0.986447 -0.164080 0.000000 229.162333 0.164080 0.986447 0.000000 14.813297 0.000000 0.000000 1.000000 0.000000
0.986372 -0.164532 0.000000 230.466946 0.164532 0.986372 0.000000 15.028971 0.000000 0.000000 1.000000 0.000000
0.986165 -0.165765 0.000000 231.764785 0.165765 0.986165 0.000000 15.226662 0.000000 0.000000 1.000000 0.000000
0.986114 -0.166071 0.000000 232.919072 0.166071 0.986114 0.000000 15.427404 0.000000 0.000000 1.000000 0.000000
0.986142 -0.165903 0.000000 234.232581 0.165903 0.986142 0.000000 15.629082 0.000000 0.000000 1.000000 0.000000
0.985882 -0.167442 0.000000 235.409807 0.167442 0.985882 0.000000 15.766781 0.000000 0.000000 1.000000 0.000000
0.985313 -0.170761 0.000000 236.690546 0.170761 0.985313 0.000000 15.997922 0.000000 0.000000 1.000000 0.000000
0.984494 -0.175418 0.000000 237.809283 0.175418 0.984494 0.000000 16.227679 0.000000 0.000000 1.000000 0.000000
0.984299 -0.176508 0.000000 239.036361 0.176508 0.984299 0.000000 16.506339 0.000000 0.000000 1.000000 0.000000
0.984789 -0.173757 0.000000 240.138899 0.173757 0.984789 0.000000 16.689620 0.000000 0.000000 1.000000 0.000000
0.985227 -0.171251 0.000000 241.253195 0.171251 0.985227 0.000000 16.803811 0.000000 0.000000 1.000000 0.000000
0.985762 -0.168145 0.000000 242.412565 0.168145 0.985762 0.000000 17.029316 0.000000 0.000000 1.000000 0.000000
0.986408 -0.164316 0.000000 243.595208 0.164316 0.986408 0.000000 17.236534 0.000000 0.000000 1.000000 0.000000
0.987131 -0.159915 0.000000 244.812938 0.159915 0.987131 0.000000 17.409862 0.000000 0.000000 1.000000 0.000000
0.987757 -0.156000 0.000000 246.240979 0.156000 0.987757 0.000000 17.643748 0.000000 0.000000 1.000000 0.000000
0.988073 -0.153986 0.000000 247.534233 0.153986 0.988073 0.000000 17.832105 0.000000 0.000000 1.000000 0.000000
0.988410 -0.151805 0.000000 248.969623 0.151805 0.988410 0.000000 18.038511 0.000000 0.000000 1.000000 0.000000
0.988218 -0.153052 0.000000 250.389543 0.153052 0.988218 0.000000 18.230069 0.000000 0.000000 1.000000 0.000000
0.987747 -0.156065 0.000000 251.903277 0.156065 0.987747 0.000000 18.463831 0.000000 0.000000 1.000000 0.000000
0.987103 -0.160086 0.000000 253.448716 0.160086 0.987103 0.000000 18.714887 0.000000 0.000000 1.000000 0.000000
0.986127 -0.165994 0.000000 255.009114 0.165994 0.986127 0.000000 18.936381 0.000000 0.000000 1.000000 0.000000
0.985814 -0.167842 0.000000 256.627758 0.167842 0.985814 0.000000 19.248852 0.000000 0.000000 1.000000 0.000000
0.985577 -0.169227 0.000000 258.313555 0.169227 0.985577 0.000000 19.498689 0.000000 0.000000 1.000000 0.000000
0.985585 -0.169181 0.000000 259.981145 0.169181 0.985585 0.000000 19.771144 0.000000 0.000000 1.000000 0.000000
0.985687 -0.168585 0.000000 261.753231 0.168585 0.985687 0.000000 20.092614 0.000000 0.000000 1.000000 0.000000
0.985959 -0.166988 0.000000 263.507523 0.166988 0.985959 0.000000 20.345601 0.000000 0.000000 1.000000 0.000000
0.986385 -0.164452 0.000000 265.226728 0.164452 0.986385 0.000000 20.666077 0.000000 0.000000 1.000000 0.000000
0.986702 -0.162537 0.000000 267.021246 0.162537 0.986702 0.000000 20.892170 0.000000 0.000000 1.000000 0.000000
0.987314 -0.158777 0.000000 268.832515 0.158777 0.987314 0.000000 21.199103 0.000000 0.000000 1.000000 0.000000
0.987845 -0.155443 0.000000 270.715150 0.155443 0.987845 0.000000 21.477183 0.000000 0.000000 1.000000 0.000000
0.987994 -0.154492 0.000000 272.558905 0.154492 0.987994 0.000000 21.820650 0.000000 0.000000 1.000000 0.000000
0.988363 -0.152113 0.000000 274.431545 0.152113 0.988363 0.000000 22.068094 0.000000 0.000000 1.000000 0.000000
0.989401 -0.145207 0.000000 276.341785 0.145207 0.989401 0.000000 22.363005 0.000000 0.000000 1.000000 0.000000
0.990431 -0.138010 0.000000 278.190217 0.138010 0.990431 0.000000 22.590335 0.000000 0.000000 1.000000 0.000000
0.991070 -0.133346 0.000000 280.209799 0.133346 0.991070 0.000000 22.863997 0.000000 0.000000 1.000000 0.000000
0.991797 -0.127819 0.000000 282.095503 0.127819 0.991797 0.000000 23.086607 0.000000 0.000000 1.000000 0.000000
0.992390 -0.123133 0.000000 283.998069 0.123133 0.992390 0.000000 23.318635 0.000000 0.000000 1.000000 0.000000
