1.000000 0.000540 0.000000 1.313742 -0.000540 1.000000 0.000000 0.044504 0.000000 0.000000 1.000000 0.000000
1.000000 0.000747 0.000000 1.679072 -0.000747 1.000000 0.000000 0.007229 0.000000 0.000000 1.000000 0.000000
1.000000 0.000339 0.000000 2.100498 -0.000339 1.000000 0.000000 0.023659 0.000000 0.000000 1.000000 0.000000
1.000000 -0.000134 0.000000 2.551459 0.000134 1.000000 0.000000 0.011279 0.000000 0.000000 1.000000 0.000000
0.999999 0.001172 0.000000 2.986477 -0.001172 0.999999 0.000000 0.039714 0.000000 0.000000 1.000000 0.000000
1.000000 0.000538 0.000000 3.509561 -0.000538 1.000000 0.000000 0.009398 0.000000 0.000000 1.000000 0.000000
1.000000 0.000744 0.000000 3.982812 -0.000744 1.000000 0.000000 0.013278 0.000000 0.000000 1.000000 0.000000
0.999999 0.001523 0.000000 4.544047 -0.001523 0.999999 0.000000 0.008815 0.000000 0.000000 1.000000 0.000000
0.999999 0.001541 0.000000 5.026464 -0.001541 0.999999 0.000000 0.021945 0.000000 0.000000 1.000000 0.000000
0.999999 0.001296 0.000000 5.563151 -0.001296 0.999999 0.000000 0.034870 0.000000 0.000000 1.000000 0.000000
1.000000 0.000659 0.000000 6.100926 -0.000659 1.000000 0.000000 0.036688 0.000000 0.000000 1.000000 0.000000
1.000000 0.000263 0.000000 6.657016 -0.000263 1.000000 0.000000 0.029877 0.000000 0.000000 1.000000 0.000000
1.000000 -0.000029 0.000000 7.188680 0.000029 1.000000 0.000000 0.053721 0.000000 0.000000 1.000000 0.000000
1.000000 -0.000687 0.000000 7.745468 0.000687 1.000000 0.000000 0.067229 0.000000 0.000000 1.000000 0.000000
0.999997 -0.002373 0.000000 8.258860 0.002373 0.999997 0.000000 0.082307 0.000000 0.000000 1.000000 0.000000
0.999989 -0.004649 0.000000 8.802980 0.004649 0.999989 0.000000 0.063590 0.000000 0.000000 1.000000 0.000000
0.999970 -0.007789 0.000000 9.352384 0.007789 0.999970 0.000000 0.085199 0.000000 0.000000 1.000000 0.000000
0.999947 -0.010291 0.000000 9.897656 0.010291 0.999947 0.000000 0.086050 0.000000 0.000000 1.000000 0.000000
0.999923 -0.012411 0.000000 10.419325 0.012411 0.999923 0.000000 0.087882 0.000000 0.000000 1.000000 0.000000
0.999887 -0.015035 0.000000 10.947383 0.015035 0.999887 0.000000 0.103065 0.000000 0.000000 1.000000 0.000000
0.999848 -0.017412 0.000000 11.467908 0.017412 0.999848 0.000000 0.111091 0.000000 0.000000 1.000000 0.000000
0.999817 -0.019130 0.000000 11.972766 0.019130 0.999817 0.000000 0.158113 0.000000 0.000000 1.000000 0.000000
0.999781 -0.020950 0.000000 12.503879 0.020950 0.999781 0.000000 0.167748 0.000000 0.000000 1.000000 0.000000
0.999723 -0.023524 0.000000 13.001158 0.023524 0.999723 0.000000 0.166766 0.000000 0.000000 1.000000 0.000000
0.999682 -0.025221 0.000000 13.491311 0.025221 0.999682 0.000000 0.190272 0.000000 0.000000 1.000000 0.000000
0.999577 -0.029093 0.000000 13.950127 0.029093 0.999577 0.000000 0.212887 0.000000 0.000000 1.000000 0.000000
0.999579 -0.029026 0.000000 14.422194 0.029026 0.999579 0.000000 0.222798 0.000000 0.000000 1.000000 0.000000
0.999580 -0.028969 0.000000 14.880478 0.028969 0.999580 0.000000 0.253715 0.000000 0.000000 1.000000 0.000000
0.999541 -0.030290 0.000000 15.341513 0.030290 0.999541 0.000000 0.242015 0.000000 0.000000 1.000000 0.000000
0.999542 -0.030277 0.000000 15.825089 0.030277 0.999542 0.000000 0.281783 0.000000 0.000000 1.000000 0.000000
0.999504 -0.031485 0.000000 16.246901 0.031485 0.999504 0.000000 0.291417 0.000000 0.000000 1.000000 0.000000
0.999511 -0.031273 0.000000 16.642555 0.031273 0.999511 0.000000 0.352544 0.000000 0.000000 1.000000 0.000000
0.999439 -0.033477 0.000000 16.994415 0.033477 0.999439 0.000000 0.352195 0.000000 0.000000 1.000000 0.000000
0.999318 -0.036926 0.000000 17.347936 0.036926 0.999318 0.000000 0.352767 0.000000 0.000000 1.000000 0.000000
0.999167 -0.040804 0.000000 17.666805 0.040804 0.999167 0.000000 0.424198 0.000000 0.000000 1.000000 0.000000
0.998880 -0.047305 0.000000 17.964573 0.047305 0.998880 0.000000 0.437048 0.000000 0.000000 1.000000 0.000000
0.998550 -0.053840 0.000000 18.256321 0.053840 0.998550 0.000000 0.435098 0.000000 0.000000 1.000000 0.000000
0.998105 -0.061536 0.000000 18.557318 0.061536 0.998105 0.000000 0.459272 0.000000 0.000000 1.000000 0.000000
0.997513 -0.070488 0.000000 18.860996 0.070488 0.997513 0.000000 0.501678 0.000000 0.000000 1.000000 0.000000
0.996853 -0.079278 0.000000 19.159203 0.079278 0.996853 0.000000 0.532631 0.000000 0.000000 1.000000 0.000000
0.995924 -0.090194 0.000000 19.469944 0.090194 0.995924 0.000000 0.560218 0.000000 0.000000 1.000000 0.000000
0.994843 -0.101429 0.000000 19.837056 0.101429 0.994843 0.000000 0.647434 0.000000 0.000000 1.000000 0.000000
0.993323 -0.115368 0.000000 20.207629 0.115368 0.993323 0.000000 0.718828 0.000000 0.000000 1.000000 0.000000
0.991505 -0.130072 0.000000 20.625318 0.130072 0.991505 0.000000 0.830688 0.000000 0.000000 1.000000 0.000000
0.989263 -0.146149 0.000000 21.069969 0.146149 0.989263 0.000000 0.850556 0.000000 0.000000 1.000000 0.000000
0.986643 -0.162899 0.000000 21.564238 0.162899 0.986643 0.000000 1.000285 0.000000 0.000000 1.000000 0.000000
0.983468 -0.181082 0.000000 22.126113 0.181082 0.983468 0.000000 1.125724 0.000000 0.000000 1.000000 0.000000
0.979568 -0.201112 0.000000 22.769994 0.201112 0.979568 0.000000 1.273121 0.000000 0.000000 1.000000 0.000000
0.974807 -0.223052 0.000000 23.412628 0.223052 0.974807 0.000000 1.447794 0.000000 0.000000 1.000000 0.000000
0.969135 -0.246532 0.000000 24.106689 0.246532 0.969135 0.000000 1.656279 0.000000 0.000000 1.000000 0.000000
0.962608 -0.270897 0.000000 24.826359 0.270897 0.962608 0.000000 1.858852 0.000000 0.000000 1.000000 0.000000
0.955411 -0.295279 0.000000 25.606753 0.295279 0.955411 0.000000 2.114688 0.000000 0.000000 1.000000 0.000000
0.948460 -0.316897 0.000000 26.413732 0.316897 0.948460 0.000000 2.415678 0.000000 0.000000 1.000000 0.000000
0.942998 -0.332799 0.000000 27.253514 0.332799 0.942998 0.000000 2.747189 0.000000 0.000000 1.000000 0.000000
0.940100 -0.340900 0.000000 28.137875 0.340900 0.940100 0.000000 3.051513 0.000000 0.000000 1.000000 0.000000
0.939407 -0.342804 0.000000 29.009546 0.342804 0.939407 0.000000 3.400888 0.000000 0.000000 1.000000 0.000000
0.942319 -0.334715 0.000000 29.928751 0.334715 0.942319 0.000000 3.738156 0.000000 0.000000 1.000000 0.000000
0.947049 -0.321088 0.000000 30.904286 0.321088 0.947049 0.000000 4.020294 0.000000 0.000000 1.000000 0.000000
0.953763 -0.300560 0.000000 31.896178 0.300560 0.953763 0.000000 4.335133 0.000000 0.000000 1.000000 0.000000
0.960772 -0.277338 0.000000 32.908079 0.277338 0.960772 0.000000 4.591675 0.000000 0.000000 1.000000 0.000000
0.967975 -0.251048 0.000000 33.987031 0.251048 0.967975 0.000000 4.864167 0.000000 0.000000 1.000000 0.000000
0.974676 -0.223623 0.000000 35.092189 0.223623 0.974676 0.000000 5.095698 0.000000 0.000000 1.000000 0.000000
0.980837 -0.194831 0.000000 36.240917 0.194831 0.980837 0.000000 5.257639 0.000000 0.000000 1.000000 0.000000
0.986176 -0.165700 0.000000 37.394833 0.165700 0.986176 0.000000 5.476567 0.000000 0.000000 1.000000 0.000000
0.990553 -0.137128 0.000000 38.649820 0.137128 0.990553 0.000000 5.585237 0.000000 0.000000 1.000000 0.000000
0.993769 -0.111457 0.000000 39.881453 0.111457 0.993769 0.000000 5.744113 0.000000 0.000000 1.000000 0.000000
0.995811 -0.091436 0.000000 41.175979 0.091436 0.995811 0.000000 5.830364 0.000000 0.000000 1.000000 0.000000
0.997307 -0.073334 0.000000 42.494559 0.073334 0.997307 0.000000 5.906544 0.000000 0.000000 1.000000 0.000000
0.998073 -0.062053 0.000000 43.852038 0.062053 0.998073 0.000000 5.988708 0.000000 0.000000 1.000000 0.000000
0.998566 -0.053539 0.000000 45.231766 0.053539 0.998566 0.000000 6.122345 0.000000 0.000000 1.000000 0.000000
0.998796 -0.049052 0.000000 46.659050 0.049052 0.998796 0.000000 6.138340 0.000000 0.000000 1.000000 0.000000
0.998807 -0.048839 0.000000 48.106438 0.048839 0.998807 0.000000 6.231862 0.000000 0.000000 1.000000 0.000000
0.998750 -0.049989 0.000000 49.532814 0.049989 0.998750 0.000000 6.261582 0.000000 0.000000 1.000000 0.000000
0.998726 -0.050459 0.000000 50.991810 0.050459 0.998726 0.000000 6.386298 0.000000 0.000000 1.000000 0.000000
0.998670 -0.051551 0.000000 52.411779 0.051551 0.998670 0.000000 6.447156 0.000000 0.000000 1.000000 0.000000
0.998558 -0.053684 0.000000 53.914703 0.053684 0.998558 0.000000 6.537245 0.000000 0.000000 1.000000 0.000000
0.998422 -0.056154 0.000000 55.371973 0.056154 0.998422 0.000000 6.616940 0.000000 0.000000 1.000000 0.000000
0.998368 -0.057100 0.000000 56.839731 0.057100 0.998368 0.000000 6.706497 0.000000 0.000000 1.000000 0.000000
0.998252 -0.059093 0.000000 58.339786 0.059093 0.998252 0.000000 6.827683 0.000000 0.000000 1.000000 0.000000
0.998131 -0.061116 0.000000 59.854314 0.061116 0.998131 0.000000 6.936911 0.000000 0.000000 1.000000 0.000000
0.998107 -0.061498 0.000000 61.398198 0.061498 0.998107 0.000000 7.019544 0.000000 0.000000 1.000000 0.000000
0.997952 -0.063969 0.000000 62.882337 0.063969 0.997952 0.000000 7.096610 0.000000 0.000000 1.000000 0.000000
0.997469 -0.071097 0.000000 64.437429 0.071097 0.997469 0.000000 7.252694 0.000000 0.000000 1.000000 0.000000
0.996672 -0.081517 0.000000 66.009167 0.081517 0.996672 0.000000 7.366379 0.000000 0.000000 1.000000 0.000000
0.995776 -0.091813 0.000000 67.548299 0.091813 0.995776 0.000000 7.522598 0.000000 0.000000 1.000000 0.000000
0.994732 -0.102509 0.000000 69.063771 0.102509 0.994732 0.000000 7.732107 0.000000 0.000000 1.000000 0.000000
0.993190 -0.116505 0.000000 70.627488 0.116505 0.993190 0.000000 7.935884 0.000000 0.000000 1.000000 0.000000
0.991374 -0.131060 0.000000 72.076126 0.131060 0.991374 0.000000 8.137038 0.000000 0.000000 1.000000 0.000000
0.989171 -0.146766 0.000000 73.572702 0.146766 0.989171 0.000000 8.372443 0.000000 0.000000 1.000000 0.000000
0.986556 -0.163422 0.000000 75.032697 0.163422 0.986556 0.000000 8.612101 0.000000 0.000000 1.000000 0.000000
0.983840 -0.179048 0.000000 76.511647 0.179048 0.983840 0.000000 8.898478 0.000000 0.000000 1.000000 0.000000
0.980485 -0.196593 0.000000 77.995442 0.196593 0.980485 0.000000 9.163363 0.000000 0.000000 1.000000 0.000000
0.977483 -0.211013 0.000000 79.391558 0.211013 0.977483 0.000000 9.506921 0.000000 0.000000 1.000000 0.000000
0.973952 -0.226756 0.000000 80.726310 0.226756 0.973952 0.000000 9.886175 0.000000 0.000000 1.000000 0.000000
0.970595 -0.240719 0.000000 82.103697 0.240719 0.970595 0.000000 10.216142 0.000000 0.000000 1.000000 0.000000
0.966559 -0.256444 0.000000 83.452641 0.256444 0.966559 0.000000 10.634347 0.000000 0.000000 1.000000 0.000000
0.961547 -0.274639 0.000000 84.715611 0.274639 0.961547 0.000000 10.953485 0.000000 0.000000 1.000000 0.000000
0.957213 -0.289384 0.000000 86.040941 0.289384 0.957213 0.000000 11.466849 0.000000 0.000000 1.000000 0.000000
0.951632 -0.307242 0.000000 87.294110 0.307242 0.951632 0.000000 11.905101 0.000000 0.000000 1.000000 0.000000
0.945923 -0.324391 0.000000 88.505787 0.324391 0.945923 0.000000 12.334469 0.000000 0.000000 1.000000 0.000000
0.939787 -0.341762 0.000000 89.712367 0.341762 0.939787 0.000000 12.842583 0.000000 0.000000 1.000000 0.000000
0.931560 -0.363588 0.000000 90.894817 0.363588 0.931560 0.000000 13.240869 0.000000 0.000000 1.000000 0.000000
0.924055 -0.382260 0.000000 92.004441 0.382260 0.924055 0.000000 13.774273 0.000000 0.000000 1.000000 0.000000
0.915603 -0.402083 0.000000 93.172050 0.402083 0.915603 0.000000 14.312012 0.000000 0.000000 1.000000 0.000000
0.905953 -0.423379 0.000000 94.270485 0.423379 0.905953 0.000000 14.868214 0.000000 0.000000 1.000000 0.000000
0.896083 -0.443887 0.000000 95.285242 0.443887 0.896083 0.000000 15.408832 0.000000 0.000000 1.000000 0.000000
0.885460 -0.464715 0.000000 96.320784 0.464715 0.885460 0.000000 15.951179 0.000000 0.000000 1.000000 0.000000
0.872625 -0.488390 0.000000 97.332919 0.488390 0.872625 0.000000 16.532949 0.000000 0.000000 1.000000 0.000000
0.860823 -0.508904 0.000000 98.265366 0.508904 0.860823 0.000000 17.171259 0.000000 0.000000 1.000000 0.000000
0.848618 -0.529007 0.000000 99.213430 0.529007 0.848618 0.000000 17.802933 0.000000 0.000000 1.000000 0.000000
0.834688 -0.550723 0.000000 100.117221 0.550723 0.834688 0.000000 18.426192 0.000000 0.000000 1.000000 0.000000
0.818056 -0.575139 0.000000 100.979789 0.575139 0.818056 0.000000 19.115867 0.000000 0.000000 1.000000 0.000000
0.799161 -0.601117 0.000000 101.796409 0.601117 0.799161 0.000000 19.764736 0.000000 0.000000 1.000000 0.000000
0.779360 -0.626576 0.000000 102.630335 0.626576 0.779360 0.000000 20.466485 0.000000 0.000000 1.000000 0.000000
0.759856 -0.650091 0.000000 103.442222 0.650091 0.759856 0.000000 21.156201 0.000000 0.000000 1.000000 0.000000
0.741098 -0.671397 0.000000 104.200428 0.671397 0.741098 0.000000 21.916541 0.000000 0.000000 1.000000 0.000000
0.728039 -0.685536 0.000000 104.927364 0.685536 0.728039 0.000000 22.712152 0.000000 0.000000 1.000000 0.000000
0.720182 -0.693785 0.000000 105.655413 0.693785 0.720182 0.000000 23.430182 0.000000 0.000000 1.000000 0.000000
0.715641 -0.698468 0.000000 106.285168 0.698468 0.715641 0.000000 24.001117 0.000000 0.000000 1.000000 0.000000
0.714199 -0.699943 0.000000 106.927755 0.699943 0.714199 0.000000 24.590438 0.000000 0.000000 1.000000 0.000000
0.715323 -0.698794 0.000000 107.376795 0.698794 0.715323 0.000000 25.100403 0.000000 0.000000 1.000000 0.000000
0.716916 -0.697159 0.000000 107.787996 0.697159 0.716916 0.000000 25.485714 0.000000 0.000000 1.000000 0.000000
0.717630 -0.696424 0.000000 108.159716 0.696424 0.717630 0.000000 25.816652 0.000000 0.000000 1.000000 0.000000
0.719353 -0.694644 0.000000 108.504943 0.694644 0.719353 0.000000 26.175338 0.000000 0.000000 1.000000 0.000000
0.721068 -0.692864 0.000000 108.842470 0.692864 0.721068 0.000000 26.505486 0.000000 0.000000 1.000000 0.000000
0.721962 -0.691933 0.000000 109.152345 0.691933 0.721962 0.000000 26.827320 0.000000 0.000000 1.000000 0.000000
0.723626 -0.690192 0.000000 109.508288 0.690192 0.723626 0.000000 27.144071 0.000000 0.000000 1.000000 0.000000
0.725168 -0.688572 0.000000 109.798477 0.688572 0.725168 0.000000 27.440441 0.000000 0.000000 1.000000 0.000000
0.728038 -0.685537 0.000000 110.167201 0.685537 0.728038 0.000000 27.771719 0.000000 0.000000 1.000000 0.000000
0.729964 -0.683485 0.000000 110.519845 0.683485 0.729964 0.000000 28.085770 0.000000 0.000000 1.000000 0.000000
0.731377 -0.681973 0.000000 110.841901 0.681973 0.731377 0.000000 28.446496 0.000000 0.000000 1.000000 0.000000
0.733134 -0.680085 0.000000 111.197440 0.680085 0.733134 0.000000 28.787192 0.000000 0.000000 1.000000 0.000000
0.734617 -0.678482 0.000000 111.587458 0.678482 0.734617 0.000000 29.081499 0.000000 0.000000 1.000000 0.000000
0.736320 -0.676633 0.000000 112.016319 0.676633 0.736320 0.000000 29.486282 0.000000 0.000000 1.000000 0.000000
0.738074 -0.674719 0.000000 112.475320 0.674719 0.738074 0.000000 29.910102 0.000000 0.000000 1.000000 0.000000
0.740154 -0.672437 0.000000 112.900009 0.672437 0.740154 0.000000 30.341079 0.000000 0.000000 1.000000 0.000000
0.741994 -0.670407 0.000000 113.469690 0.670407 0.741994 0.000000 30.815070 0.000000 0.000000 1.000000 0.000000
0.742796 -0.669518 0.000000 114.017156 0.669518 0.742796 0.000000 31.331084 0.000000 0.000000 1.000000 0.000000
0.743445 -0.668797 0.000000 114.606952 0.668797 0.743445 0.000000 31.879920 0.000000 0.000000 1.000000 0.000000
0.743826 -0.668373 0.000000 115.217273 0.668373 0.743826 0.000000 32.411217 0.000000 0.000000 1.000000 0.000000
0.744633 -0.667474 0.000000 115.830003 0.667474 0.744633 0.000000 32.942677 0.000000 0.000000 1.000000 0.000000
0.744560 -0.667555 0.000000 116.430257 0.667555 0.744560 0.000000 33.496447 0.000000 0.000000 1.000000 0.000000
0.744905 -0.667170 0.000000 117.051271 0.667170 0.744905 0.000000 34.092670 0.000000 0.000000 1.000000 0.000000
0.744388 -0.667748 0.000000 117.671597 0.667748 0.744388 0.000000 34.663357 0.000000 0.000000 1.000000 0.000000
0.744119 -0.668047 0.000000 118.328580 0.668047 0.744119 0.000000 35.255936 0.000000 0.000000 1.000000 0.000000
0.743538 -0.668694 0.000000 119.005833 0.668694 0.743538 0.000000 35.872033 0.000000 0.000000 1.000000 0.000000
0.743038 -0.669249 0.000000 119.720867 0.669249 0.743038 0.000000 36.555461 0.000000 0.000000 1.000000 0.000000
0.742555 -0.669785 0.000000 120.463805 0.669785 0.742555 0.000000 37.178298 0.000000 0.000000 1.000000 0.000000
0.741803 -0.670618 0.000000 121.199263 0.670618 0.741803 0.000000 37.829176 0.000000 0.000000 1.000000 0.000000
0.740517 -0.672038 0.000000 121.969443 0.672038 0.740517 0.000000 38.527265 0.000000 0.000000 1.000000 0.000000
0.740365 -0.672205 0.000000 122.726819 0.672205 0.740365 0.000000 39.241222 0.000000 0.000000 1.000000 0.000000
0.739854 -0.672768 0.000000 123.581629 0.672768 0.739854 0.000000 39.964102 0.000000 0.000000 1.000000 0.000000
0.740909 -0.671606 0.000000 124.377350 0.671606 0.740909 0.000000 40.701622 0.000000 0.000000 1.000000 0.000000
0.742040 -0.670355 0.000000 125.198880 0.670355 0.742040 0.000000 41.495846 0.000000 0.000000 1.000000 0.000000
0.743994 -0.668186 0.000000 126.080472 0.668186 0.743994 0.000000 42.273963 0.000000 0.000000 1.000000 0.000000
0.746783 -0.665068 0.000000 126.945445 0.665068 0.746783 0.000000 43.065438 0.000000 0.000000 1.000000 0.000000
0.749209 -0.662334 0.000000 127.892248 0.662334 0.749209 0.000000 43.842235 0.000000 0.000000 1.000000 0.000000
0.753464 -0.657489 0.000000 128.767257 0.657489 0.753464 0.000000 44.645398 0.000000 0.000000 1.000000 0.000000
0.757286 -0.653083 0.000000 129.661491 0.653083 0.757286 0.000000 45.433769 0.000000 0.000000 1.000000 0.000000
0.761642 -0.647998 0.000000 130.586049 0.647998 0.761642 0.000000 46.269049 0.000000 0.000000 1.000000 0.000000
0.765345 -0.643620 0.000000 131.584169 0.643620 0.765345 0.000000 47.065166 0.000000 0.000000 1.000000 0.000000
0.771255 -0.636526 0.000000 132.597775 0.636526 0.771255 0.000000 47.895160 0.000000 0.000000 1.000000 0.000000
0.776277 -0.630393 0.000000 133.627275 0.630393 0.776277 0.000000 48.732967 0.000000 0.000000 1.000000 0.000000
0.782876 -0.622178 0.000000 134.691109 0.622178 0.782876 0.000000 49.528865 0.000000 0.000000 1.000000 0.000000
0.789303 -0.614003 0.000000 135.772243 0.614003 0.789303 0.000000 50.351586 0.000000 0.000000 1.000000 0.000000
0.796739 -0.604323 0.000000 136.837216 0.604323 0.796739 0.000000 51.157849 0.000000 0.000000 1.000000 0.000000
0.805007 -0.593266 0.000000 137.916344 0.593266 0.805007 0.000000 51.925169 0.000000 0.000000 1.000000 0.000000
0.812232 -0.583334 0.000000 139.032758 0.583334 0.812232 0.000000 52.776728 0.000000 0.000000 1.000000 0.000000
0.821528 -0.570169 0.000000 140.136747 0.570169 0.821528 0.000000 53.489688 0.000000 0.000000 1.000000 0.000000
0.831027 -0.556232 0.000000 141.282873 0.556232 0.831027 0.000000 54.256055 0.000000 0.000000 1.000000 0.000000
0.840764 -0.541402 0.000000 142.400750 0.541402 0.840764 0.000000 54.941342 0.000000 0.000000 1.000000 0.000000
0.852110 -0.523362 0.000000 143.442540 0.523362 0.852110 0.000000 55.613990 0.000000 0.000000 1.000000 0.000000
0.861707 -0.507406 0.000000 144.565595 0.507406 0.861707 0.000000 56.189966 0.000000 0.000000 1.000000 0.000000
0.870314 -0.492498 0.000000 145.612746 0.492498 0.870314 0.000000 56.835018 0.000000 0.000000 1.000000 0.000000
0.877850 -0.478937 0.000000 146.700126 0.478937 0.877850 0.000000 57.375616 0.000000 0.000000 1.000000 0.000000
0.885933 -0.463814 0.000000 147.707187 0.463814 0.885933 0.000000 57.943549 0.000000 0.000000 1.000000 0.000000
0.893277 -0.449507 0.000000 148.671721 0.449507 0.893277 0.000000 58.400681 0.000000 0.000000 1.000000 0.000000
0.899134 -0.437673 0.000000 149.640174 0.437673 0.899134 0.000000 58.867361 0.000000 0.000000 1.000000 0.000000
0.901113 -0.433584 0.000000 150.462156 0.433584 0.901113 0.000000 59.294144 0.000000 0.000000 1.000000 0.000000
0.903747 -0.428067 0.000000 151.290927 0.428067 0.903747 0.000000 59.641454 0.000000 0.000000 1.000000 0.000000
0.905512 -0.424320 0.000000 151.962869 0.424320 0.905512 0.000000 59.965111 0.000000 0.000000 1.000000 0.000000
0.906672 -0.421836 0.000000 152.599879 0.421836 0.906672 0.000000 60.255956 0.000000 0.000000 1.000000 0.000000
0.907523 -0.420003 0.000000 153.218529 0.420003 0.907523 0.000000 60.529987 0.000000 0.000000 1.000000 0.000000
0.907643 -0.419744 0.000000 153.831162 0.419744 0.907643 0.000000 60.806551 0.000000 0.000000 1.000000 0.000000
0.907806 -0.419390 0.000000 154.336082 0.419390 0.907806 0.000000 61.072061 0.000000 0.000000 1.000000 0.000000
0.907112 -0.420889 0.000000 154.879678 0.420889 0.907112 0.000000 61.295778 0.000000 0.000000 1.000000 0.000000
0.905513 -0.424318 0.000000 155.334823 0.424318 0.905513 0.000000 61.542464 0.000000 0.000000 1.000000 0.000000
0.902963 -0.429718 0.000000 155.821235 0.429718 0.902963 0.000000 61.779180 0.000000 0.000000 1.000000 0.000000
0.898282 -0.439419 0.000000 156.334388 0.439419 0.898282 0.000000 62.017849 0.000000 0.000000 1.000000 0.000000
0.893187 -0.449686 0.000000 156.824655 0.449686 0.893187 0.000000 62.314509 0.000000 0.000000 1.000000 0.000000
0.889475 -0.456983 0.000000 157.379583 0.456983 0.889475 0.000000 62.620565 0.000000 0.000000 1.000000 0.000000
0.888237 -0.459386 0.000000 157.972093 0.459386 0.888237 0.000000 62.894876 0.000000 0.000000 1.000000 0.000000
0.891289 -0.453435 0.000000 158.597059 0.453435 0.891289 0.000000 63.235680 0.000000 0.000000 1.000000 0.000000
0.897057 -0.441915 0.000000 159.261670 0.441915 0.897057 0.000000 63.539909 0.000000 0.000000 1.000000 0.000000
0.905796 -0.423714 0.000000 160.018626 0.423714 0.905796 0.000000 63.881782 0.000000 0.000000 1.000000 0.000000
0.916310 -0.400469 0.000000 160.783479 0.400469 0.916310 0.000000 64.224746 0.000000 0.000000 1.000000 0.000000
0.926913 -0.375276 0.000000 161.646357 0.375276 0.926913 0.000000 64.547029 0.000000 0.000000 1.000000 0.000000
0.937813 -0.347141 0.000000 162.548343 0.347141 0.937813 0.000000 64.876581 0.000000 0.000000 1.000000 0.000000
0.948163 -0.317784 0.000000 163.576610 0.317784 0.948163 0.000000 65.154651 0.000000 0.000000 1.000000 0.000000
0.958027 -0.286679 0.000000 164.678443 0.286679 0.958027 0.000000 65.469256 0.000000 0.000000 1.000000 0.000000
0.966692 -0.255944 0.000000 165.773164 0.255944 0.966692 0.000000 65.704923 0.000000 0.000000 1.000000 0.000000
0.974033 -0.226404 0.000000 166.984473 0.226404 0.974033 0.000000 65.967658 0.000000 0.000000 1.000000 0.000000
0.980912 -0.194451 0.000000 168.281887 0.194451 0.980912 0.000000 66.188636 0.000000 0.000000 1.000000 0.000000
0.985874 -0.167488 0.000000 169.572808 0.167488 0.985874 0.000000 66.335776 0.000000 0.000000 1.000000 0.000000
0.988789 -0.149322 0.000000 170.884418 0.149322 0.988789 0.000000 66.476494 0.000000 0.000000 1.000000 0.000000
0.989916 -0.141659 0.000000 172.270465 0.141659 0.989916 0.000000 66.663781 0.000000 0.000000 1.000000 0.000000
0.990644 -0.136471 0.000000 173.816068 0.136471 0.990644 0.000000 67.005944 0.000000 0.000000 1.000000 0.000000
0.991154 -0.132717 0.000000 175.309876 0.132717 0.991154 0.000000 67.253808 0.000000 0.000000 1.000000 0.000000
0.991664 -0.128851 0.000000 176.763203 0.128851 0.991664 0.000000 67.408859 0.000000 0.000000 1.000000 0.000000
0.992122 -0.125276 0.000000 178.247013 0.125276 0.992122 0.000000 67.634309 0.000000 0.000000 1.000000 0.000000
0.992309 -0.123785 0.000000 179.830369 0.123785 0.992309 0.000000 67.828670 0.000000 0.000000 1.000000 0.000000
0.992736 -0.120312 0.000000 181.437153 0.120312 0.992736 0.000000 68.046879 0.000000 0.000000 1.000000 0.000000
0.993046 -0.117724 0.000000 183.049110 0.117724 0.993046 0.000000 68.221842 0.000000 0.000000 1.000000 0.000000
0.993750 -0.111632 0.000000 184.743287 0.111632 0.993750 0.000000 68.424287 0.000000 0.000000 1.000000 0.000000
0.994559 -0.104173 0.000000 186.465347 0.104173 0.994559 0.000000 68.602789 0.000000 0.000000 1.000000 0.000000
0.995422 -0.095573 0.000000 188.196142 0.095573 0.995422 0.000000 68.792128 0.000000 0.000000 1.000000 0.000000
0.996307 -0.085866 0.000000 189.968529 0.085866 0.996307 0.000000 68.954577 0.000000 0.000000 1.000000 0.000000
0.997180 -0.075043 0.000000 191.803007 0.075043 0.997180 0.000000 69.087129 0.000000 0.000000 1.000000 0.000000
0.998253 -0.059084 0.000000 193.737861 0.059084 0.998253 0.000000 69.210337 0.000000 0.000000 1.000000 0.000000
0.999192 -0.040188 0.000000 195.593179 0.040188 0.999192 0.000000 69.277419 0.000000 0.000000 1.000000 0.000000
0.999831 -0.018375 0.000000 197.456272 0.018375 0.999831 0.000000 69.320770 0.000000 0.000000 1.000000 0.000000
0.999999 0.001348 0.000000 199.394397 -0.001348 0.999999 0.000000 69.309664 0.000000 0.000000 1.000000 0.000000
0.999869 0.016161 0.000000 201.366550 -0.016161 0.999869 0.000000 69.293784 0.000000 0.000000 1.000000 0.000000
0.999605 0.028119 0.000000 203.279516 -0.028119 0.999605 0.000000 69.241063 0.000000 0.000000 1.000000 0.000000
0.999118 0.041999 0.000000 205.307487 -0.041999 0.999118 0.000000 69.153087 0.000000 0.000000 1.000000 0.000000
0.998471 0.055271 0.000000 207.287072 -0.055271 0.998471 0.000000 69.066042 0.000000 0.000000 1.000000 0.000000
0.997584 0.069476 0.000000 209.350493 -0.069476 0.997584 0.000000 68.930794 0.000000 0.000000 1.000000 0.000000
0.996540 0.083117 0.000000 211.389854 -0.083117 0.996540 0.000000 68.790182 0.000000 0.000000 1.000000 0.000000
0.995527 0.094480 0.000000 213.425580 -0.094480 0.995527 0.000000 68.598068 0.000000 0.000000 1.000000 0.000000
0.994473 0.104992 0.000000 215.576703 -0.104992 0.994473 0.000000 68.368797 0.000000 0.000000 1.000000 0.000000
0.993250 0.115991 0.000000 217.692456 -0.115991 0.993250 0.000000 68.127137 0.000000 0.000000 1.000000 0.000000
0.991929 0.126791 0.000000 219.790192 -0.126791 0.991929 0.000000 67.843952 0.000000 0.000000 1.000000 0.000000
0.990546 0.137181 0.000000 221.849508 -0.137181 0.990546 0.000000 67.563234 0.000000 0.000000 1.000000 0.000000
0.988759 0.149520 0.000000 223.921174 -0.149520 0.988759 0.000000 67.246167 0.000000 0.000000 1.000000 0.000000
0.986803 0.161924 0.000000 225.970658 -0.161924 0.986803 0.000000 66.893198 0.000000 0.000000 1.000000 0.000000
0.984330 0.176334 0.000000 228.024992 -0.176334 0.984330 0.000000 66.544455 0.000000 0.000000 1.000000 0.000000
0.981332 0.192321 0.000000 230.085718 -0.192321 0.981332 0.000000 66.117708 0.000000 0.000000 1.000000 0.000000
0.978038 0.208427 0.000000 232.081046 -0.208427 0.978038 0.000000 65.676923 0.000000 0.000000 1.000000 0.000000
0.973760 0.227577 0.000000 234.192712 -0.227577 0.973760 0.000000 65.204585 0.000000 0.000000 1.000000 0.000000
0.968773 0.247948 0.000000 236.164932 -0.247948 0.968773 0.000000 64.689652 0.000000 0.000000 1.000000 0.000000
0.963283 0.268486 0.000000 238.204946 -0.268486 0.963283 0.000000 64.116670 0.000000 0.000000 1.000000 0.000000
0.956970 0.290187 0.000000 240.282854 -0.290187 0.956970 0.000000 63.550676 0.000000 0.000000 1.000000 0.000000
0.950341 0.311210 0.000000 242.254329 -0.311210 0.950341 0.000000 62.916093 0.000000 0.000000 1.000000 0.000000
0.942919 0.333022 0.000000 244.209875 -0.333022 0.942919 0.000000 62.224465 0.000000 0.000000 1.000000 0.000000
0.934355 0.356343 0.000000 246.127722 -0.356343 0.934355 0.000000 61.477577 0.000000 0.000000 1.000000 0.000000
0.925356 0.379099 0.000000 248.038928 -0.379099 0.925356 0.000000 60.724561 0.000000 0.000000 1.000000 0.000000
0.916293 0.400510 0.000000 249.966776 -0.400510 0.916293 0.000000 59.820202 0.000000 0.000000 1.000000 0.000000
0.905254 0.424871 0.000000 251.843641 -0.424871 0.905254 0.000000 58.933826 0.000000 0.000000 1.000000 0.000000
0.893644 0.448777 0.000000 253.727271 -0.448777 0.893644 0.000000 57.978314 0.000000 0.000000 1.000000 0.000000
0.881412 0.472348 0.000000 255.597491 -0.472348 0.881412 0.000000 56.967274 0.000000 0.000000 1.000000 0.000000
0.868652 0.495423 0.000000 257.447093 -0.495423 0.868652 0.000000 55.924766 0.000000 0.000000 1.000000 0.000000
0.857295 0.514825 0.000000 259.215062 -0.514825 0.857295 0.000000 54.831067 0.000000 0.000000 1.000000 0.000000
0.844808 0.535070 0.000000 261.041465 -0.535070 0.844808 0.000000 53.728654 0.000000 0.000000 1.000000 0.000000
0.831749 0.555151 0.000000 262.836806 -0.555151 0.831749 0.000000 52.575464 0.000000 0.000000 1.000000 0.000000
0.819698 0.572796 0.000000 264.512032 -0.572796 0.819698 0.000000 51.373537 0.000000 0.000000 1.000000 0.000000
0.807606 0.589723 0.000000 266.225760 -0.589723 0.807606 0.000000 50.112427 0.000000 0.000000 1.000000 0.000000
0.796371 0.604808 0.000000 267.930670 -0.604808 0.796371 0.000000 48.830854 0.000000 0.000000 1.000000 0.000000
0.785272 0.619151 0.000000 269.628549 -0.619151 0.785272 0.000000 47.540155 0.000000 0.000000 1.000000 0.000000
0.774097 0.633067 0.000000 271.253956 -0.633067 0.774097 0.000000 46.159702 0.000000 0.000000 1.000000 0.000000
0.763245 0.646109 0.000000 272.835717 -0.646109 0.763245 0.000000 44.794979 0.000000 0.000000 1.000000 0.000000
0.752614 0.658462 0.000000 274.458829 -0.658462 0.752614 0.000000 43.427315 0.000000 0.000000 1.000000 0.000000
0.742987 0.669306 0.000000 276.037273 -0.669306 0.742987 0.000000 42.034611 0.000000 0.000000 1.000000 0.000000
0.731469 0.681875 0.000000 277.608266 -0.681875 0.731469 0.000000 40.567721 0.000000 0.000000 1.000000 0.000000
0.723091 0.690753 0.000000 279.180038 -0.690753 0.723091 0.000000 39.104482 0.000000 0.000000 1.000000 0.000000
0.713773 0.700377 0.000000 280.693065 -0.700377 0.713773 0.000000 37.615552 0.000000 0.000000 1.000000 0.000000
0.705200 0.709009 0.000000 282.231599 -0.709009 0.705200 0.000000 36.144824 0.000000 0.000000 1.000000 0.000000
0.697362 0.716720 0.000000 283.763730 -0.716720 0.697362 0.000000 34.629599 0.000000 0.000000 1.000000 0.000000
0.690566 0.723270 0.000000 285.243033 -0.723270 0.690566 0.000000 33.037742 0.000000 0.000000 1.000000 0.000000
0.685997 0.727604 0.000000 286.738698 -0.727604 0.685997 0.000000 31.553831 0.000000 0.000000 1.000000 0.000000
0.687733 0.725964 0.000000 288.222223 -0.725964 0.687733 0.000000 30.012858 0.000000 0.000000 1.000000 0.000000
0.694808 0.719195 0.000000 289.632497 -0.719195 0.694808 0.000000 28.493650 0.000000 0.000000 1.000000 0.000000
0.705675 0.708536 0.000000 291.157549 -0.708536 0.705675 0.000000 26.984758 0.000000 0.000000 1.000000 0.000000
0.717399 0.696662 0.000000 292.671678 -0.696662 0.717399 0.000000 25.572678 0.000000 0.000000 1.000000 0.000000
0.730792 0.682600 0.000000 294.172846 -0.682600 0.730792 0.000000 24.166050 0.000000 0.000000 1.000000 0.000000
0.744373 0.667764 0.000000 295.703294 -0.667764 0.744373 0.000000 22.787904 0.000000 0.000000 1.000000 0.000000
0.759424 0.650596 0.000000 297.334575 -0.650596 0.759424 0.000000 21.452332 0.000000 0.000000 1.000000 0.000000
0.776368 0.630279 0.000000 298.921875 -0.630279 0.776368 0.000000 20.127576 0.000000 0.000000 1.000000 0.000000
0.793975 0.607951 0.000000 300.645378 -0.607951 0.793975 0.000000 18.890259 0.000000 0.000000 1.000000 0.000000
0.812830 0.582501 0.000000 302.358407 -0.582501 0.812830 0.000000 17.713347 0.000000 0.000000 1.000000 0.000000
0.832168 0.554523 0.000000 304.113974 -0.554523 0.832168 0.000000 16.556019 0.000000 0.000000 1.000000 0.000000
0.850829 0.525442 0.000000 305.978898 -0.525442 0.850829 0.000000 15.491649 0.000000 0.000000 1.000000 0.000000
0.868989 0.494831 0.000000 307.832694 -0.494831 0.868989 0.000000 14.492848 0.000000 0.000000 1.000000 0.000000
0.887978 0.459887 0.000000 309.776884 -0.459887 0.887978 0.000000 13.520041 0.000000 0.000000 1.000000 0.000000
0.906312 0.422609 0.000000 311.707833 -0.422609 0.906312 0.000000 12.580582 0.000000 0.000000 1.000000 0.000000
0.923665 0.383201 0.000000 313.786416 -0.383201 0.923665 0.000000 11.740972 0.000000 0.000000 1.000000 0.000000
0.939723 0.341938 0.000000 315.864509 -0.341938 0.939723 0.000000 11.040751 0.000000 0.000000 1.000000 0.000000
0.953293 0.302046 0.000000 318.078339 -0.302046 0.953293 0.000000 10.354319 0.000000 0.000000 1.000000 0.000000
0.963139 0.269006 0.000000 320.241760 -0.269006 0.963139 0.000000 9.807343 0.000000 0.000000 1.000000 0.000000
0.970468 0.241232 0.000000 322.475245 -0.241232 0.970468 0.000000 9.271435 0.000000 0.000000 1.000000 0.000000
0.976323 0.216317 0.000000 324.713322 -0.216317 0.976323 0.000000 8.767675 0.000000 0.000000 1.000000 0.000000
0.980630 0.195871 0.000000 326.949085 -0.195871 0.980630 0.000000 8.334590 0.000000 0.000000 1.000000 0.000000
0.984155 0.177311 0.000000 329.237646 -0.177311 0.984155 0.000000 7.995301 0.000000 0.000000 1.000000 0.000000
0.986817 0.161837 0.000000 331.568693 -0.161837 0.986817 0.000000 7.576587 0.000000 0.000000 1.000000 0.000000
0.989075 0.147414 0.000000 333.873952 -0.147414 0.989075 0.000000 7.289769 0.000000 0.000000 1.000000 0.000000
0.990875 0.134783 0.000000 336.248533 -0.134783 0.990875 0.000000 6.992715 0.000000 0.000000 1.000000 0.000000
0.992204 0.124625 0.000000 338.596024 -0.124625 0.992204 0.000000 6.701728 0.000000 0.000000 1.000000 0.000000
0.993644 0.112566 0.000000 340.964210 -0.112566 0.993644 0.000000 6.484801 0.000000 0.000000 1.000000 0.000000
0.994663 0.103174 0.000000 343.369541 -0.103174 0.994663 0.000000 6.187571 0.000000 0.000000 1.000000 0.000000
0.995721 0.092405 0.000000 345.811224 -0.092405 0.995721 0.000000 5.998240 0.000000 0.000000 1.000000 0.000000
0.996491 0.083701 0.000000 348.228383 -0.083701 0.996491 0.000000 5.821501 0.000000 0.000000 1.000000 0.000000
0.997260 0.073981 0.000000 350.662194 -0.073981 0.997260 0.000000 5.621595 0.000000 0.000000 1.000000 0.000000
0.997784 0.066538 0.000000 353.085248 -0.066538 0.997784 0.000000 5.480723 0.000000 0.000000 1.000000 0.000000
0.998367 0.057122 0.000000 355.592477 -0.057122 0.998367 0.000000 5.307856 0.000000 0.000000 1.000000 0.000000
0.998838 0.048202 0.000000 358.058427 -0.048202 0.998838 0.000000 5.155426 0.000000 0.000000 1.000000 0.000000
0.999201 0.039960 0.000000 360.540000 -0.039960 0.999201 0.000000 5.121066 0.000000 0.000000 1.000000 0.000000
0.999446 0.033280 0.000000 362.993493 -0.033280 0.999446 0.000000 5.020787 0.000000 0.000000 1.000000 0.000000
0.999567 0.029423 0.000000 365.491352 -0.029423 0.999567 0.000000 4.941294 0.000000 0.000000 1.000000 0.000000
0.999687 0.025034 0.000000 367.850886 -0.025034 0.999687 0.000000 4.867339 0.000000 0.000000 1.000000 0.000000
0.999793 0.020354 0.000000 370.359516 -0.020354 0.999793 0.000000 4.886378 0.000000 0.000000 1.000000 0.000000
0.999914 0.013129 0.000000 372.752847 -0.013129 0.999914 0.000000 4.812311 0.000000 0.000000 1.000000 0.000000
0.999960 0.008915 0.000000 375.274417 -0.008915 0.999960 0.000000 4.741935 0.000000 0.000000 1.000000 0.000000
0.999978 0.006704 0.000000 377.709876 -0.006704 0.999978 0.000000 4.763566 0.000000 0.000000 1.000000 0.000000
0.999960 0.008959 0.000000 380.150022 -0.008959 0.999960 0.000000 4.739790 0.000000 0.000000 1.000000 0.000000
0.999939 0.011070 0.000000 382.572597 -0.011070 0.999939 0.000000 4.718507 0.000000 0.000000 1.000000 0.000000
0.999961 0.008792 0.000000 385.042597 -0.008792 0.999961 0.000000 4.730385 0.000000 0.000000 1.000000 0.000000
0.999982 0.006031 0.000000 387.493181 -0.006031 0.999982 0.000000 4.676929 0.000000 0.000000 1.000000 0.000000
0.999991 0.004295 0.000000 389.961431 -0.004295 0.999991 0.000000 4.676951 0.000000 0.000000 1.000000 0.000000
0.999997 0.002511 0.000000 392.450792 -0.002511 0.999997 0.000000 4.746819 0.000000 0.000000 1.000000 0.000000
0.999997 0.002311 0.000000 394.899367 -0.002311 0.999997 0.000000 4.725949 0.000000 0.000000 1.000000 0.000000
0.999998 0.001761 0.000000 397.328896 -0.001761 0.999998 0.000000 4.684082 0.000000 0.000000 1.000000 0.000000
1.000000 0.000045 0.000000 399.817072 -0.000045 1.000000 0.000000 4.726898 0.000000 0.000000 1.000000 0.000000
1.000000 -0.000820 0.000000 402.222956 0.000820 1.000000 0.000000 4.756176 0.000000 0.000000 1.000000 0.000000
0.999997 -0.002496 0.000000 404.649345 0.002496 0.999997 0.000000 4.744187 0.000000 0.000000 1.000000 0.000000
0.999990 -0.004396 0.000000 407.115357 0.004396 0.999990 0.000000 4.755999 0.000000 0.000000 1.000000 0.000000
0.999994 -0.003584 0.000000 409.451513 0.003584 0.999994 0.000000 4.805366 0.000000 0.000000 1.000000 0.000000
0.999984 -0.005716 0.000000 411.874149 0.005716 0.999984 0.000000 4.830767 0.000000 0.000000 1.000000 0.000000
0.999971 -0.007616 0.000000 414.223500 0.007616 0.999971 0.000000 4.804419 0.000000 0.000000 1.000000 0.000000
0.999952 -0.009840 0.000000 416.673485 0.009840 0.999952 0.000000 4.910469 0.000000 0.000000 1.000000 0.000000
0.999972 -0.007421 0.000000 418.958816 0.007421 0.999972 0.000000 4.933351 0.000000 0.000000 1.000000 0.000000
0.999981 -0.006158 0.000000 421.319968 0.006158 0.999981 0.000000 4.939412 0.000000 0.000000 1.000000 0.000000
0.999991 -0.004338 0.000000 423.634205 0.004338 0.999991 0.000000 4.938456 0.000000 0.000000 1.000000 0.000000
0.999989 -0.004597 0.000000 425.957470 0.004597 0.999989 0.000000 4.969681 0.000000 0.000000 1.000000 0.000000
0.999987 -0.005114 0.000000 428.284984 0.005114 0.999987 0.000000 4.971008 0.000000 0.000000 1.000000 0.000000
0.999995 -0.003092 0.000000 430.460502 0.003092 0.999995 0.000000 5.013511 0.000000 0.000000 1.000000 0.000000
0.999982 -0.005981 0.000000 432.759779 0.005981 0.999982 0.000000 5.016847 0.000000 0.000000 1.000000 0.000000
0.999990 -0.004566 0.000000 435.030562 0.004566 0.999990 0.000000 5.014961 0.000000 0.000000 1.000000 0.000000
0.999991 -0.004290 0.000000 437.225786 0.004290 0.999991 0.000000 5.003147 0.000000 0.000000 1.000000 0.000000
0.999997 -0.002262 0.000000 439.396257 0.002262 0.999997 0.000000 5.003170 0.000000 0.000000 1.000000 0.000000
0.999999 0.001108 0.000000 441.583991 -0.001108 0.999999 0.000000 5.037884 0.000000 0.000000 1.000000 0.000000
1.000000 -0.000541 0.000000 443.797321 0.000541 1.000000 0.000000 5.123064 0.000000 0.000000 1.000000 0.000000
0.999995 0.003045 0.000000 445.937700 -0.003045 0.999995 0.000000 5.115540 0.000000 0.000000 1.000000 0.000000
0.999997 0.002611 0.000000 448.039659 -0.002611 0.999997 0.000000 5.104940 0.000000 0.000000 1.000000 0.000000
0.999994 0.003345 0.000000 450.019108 -0.003345 0.999994 0.000000 5.126162 0.000000 0.000000 1.000000 0.000000
0.999984 0.005588 0.000000 451.976170 -0.005588 0.999984 0.000000 5.196249 0.000000 0.000000 1.000000 0.000000
0.999976 0.006975 0.000000 453.940062 -0.006975 0.999976 0.000000 5.102057 0.000000 0.000000 1.000000 0.000000
0.999981 0.006136 0.000000 455.727376 -0.006136 0.999981 0.000000 5.143767 0.000000 0.000000 1.000000 0.000000
0.999962 0.008675 0.000000 457.477368 -0.008675 0.999962 0.000000 5.106381 0.000000 0.000000 1.000000 0.000000
0.999948 0.010173 0.000000 459.251495 -0.010173 0.999948 0.000000 5.048347 0.000000 0.000000 1.000000 0.000000
0.999927 0.012078 0.000000 460.836523 -0.012078 0.999927 0.000000 5.005776 0.000000 0.000000 1.000000 0.000000
0.999901 0.014073 0.000000 462.400124 -0.014073 0.999901 0.000000 4.977300 0.000000 0.000000 1.000000 0.000000
0.999879 0.015568 0.000000 463.909884 -0.015568 0.999879 0.000000 4.975607 0.000000 0.000000 1.000000 0.000000
0.999744 0.022604 0.000000 465.335846 -0.022604 0.999744 0.000000 4.898834 0.000000 0.000000 1.000000 0.000000
0.999443 0.033383 0.000000 466.754134 -0.033383 0.999443 0.000000 4.900570 0.000000 0.000000 1.000000 0.000000
0.998537 0.054064 0.000000 468.109192 -0.054064 0.998537 0.000000 4.792553 0.000000 0.000000 1.000000 0.000000
0.995934 0.090081 0.000000 469.357758 -0.090081 0.995934 0.000000 4.582195 0.000000 0.000000 1.000000 0.000000
0.991459 0.130421 0.000000 470.583368 -0.130421 0.991459 0.000000 4.403066 0.000000 0.000000 1.000000 0.000000
0.984380 0.176055 0.000000 471.771633 -0.176055 0.984380 0.000000 4.013224 0.000000 0.000000 1.000000 0.000000
0.973152 0.230162 0.000000 472.990205 -0.230162 0.973152 0.000000 3.750870 0.000000 0.000000 1.000000 0.000000
0.956757 0.290889 0.000000 474.104165 -0.290889 0.956757 0.000000 3.351220 0.000000 0.000000 1.000000 0.000000
