1.000000 0.000000 0.000000 0.000000 0.000000 1.000000 0.000000 0.000000 0.000000 0.000000 1.000000 0.000000
1.000000 0.000153 0.000000 -0.001187 -0.000153 1.000000 0.000000 -0.002348 0.000000 0.000000 1.000000 0.000000
1.000000 0.000107 0.000000 0.009713 -0.000107 1.000000 0.000000 -0.004150 0.000000 0.000000 1.000000 0.000000
1.000000 0.000285 0.000000 0.007501 -0.000285 1.000000 0.000000 0.005909 0.000000 0.000000 1.000000 0.000000
1.000000 0.000148 0.000000 0.010907 -0.000148 1.000000 0.000000 -0.006102 0.000000 0.000000 1.000000 0.000000
1.000000 0.000359 0.000000 -0.002906 -0.000359 1.000000 0.000000 0.003264 0.000000 0.000000 1.000000 0.000000
1.000000 0.000367 0.000000 0.010533 -0.000367 1.000000 0.000000 0.000950 0.000000 0.000000 1.000000 0.000000
1.000000 0.000318 0.000000 0.006443 -0.000318 1.000000 0.000000 0.000737 0.000000 0.000000 1.000000 0.000000
1.000000 0.000192 0.000000 0.003099 -0.000192 1.000000 0.000000 0.002902 0.000000 0.000000 1.000000 0.000000
1.000000 0.000266 0.000000 0.014955 -0.000266 1.000000 0.000000 0.004871 0.000000 0.000000 1.000000 0.000000
1.000000 0.000152 0.000000 0.011263 -0.000152 1.000000 0.000000 0.003332 0.000000 0.000000 1.000000 0.000000
1.000000 0.000336 0.000000 0.000544 -0.000336 1.000000 0.000000 0.006880 0.000000 0.000000 1.000000 0.000000
1.000000 0.000087 0.000000 -0.002173 -0.000087 1.000000 0.000000 0.001759 0.000000 0.000000 1.000000 0.000000
1.000000 0.000007 0.000000 -0.004717 -0.000007 1.000000 0.000000 -0.001079 0.000000 0.000000 1.000000 0.000000
1.000000 0.000364 0.000000 -0.010345 -0.000364 1.000000 0.000000 0.004952 0.000000 0.000000 1.000000 0.000000
1.000000 0.000115 0.000000 0.006071 -0.000115 1.000000 0.000000 -0.003442 0.000000 0.000000 1.000000 0.000000
1.000000 0.000038 0.000000 -0.006388 -0.000038 1.000000 0.000000 0.001406 0.000000 0.000000 1.000000 0.000000
1.000000 0.000393 0.000000 -0.002624 -0.000393 1.000000 0.000000 0.003093 0.000000 0.000000 1.000000 0.000000
1.000000 0.000335 0.000000 0.006761 -0.000335 1.000000 0.000000 0.004237 0.000000 0.000000 1.000000 0.000000
1.000000 0.000217 0.000000 -0.001415 -0.000217 1.000000 0.000000 0.003570 0.000000 0.000000 1.000000 0.000000
1.000000 0.000004 0.000000 -0.003122 -0.000004 1.000000 0.000000 0.001084 0.000000 0.000000 1.000000 0.000000
1.000000 0.000142 0.000000 0.006394 -0.000142 1.000000 0.000000 0.005841 0.000000 0.000000 1.000000 0.000000
1.000000 0.000173 0.000000 0.006475 -0.000173 1.000000 0.000000 -0.001435 0.000000 0.000000 1.000000 0.000000
1.000000 0.000388 0.000000 0.006287 -0.000388 1.000000 0.000000 0.007227 0.000000 0.000000 1.000000 0.000000
1.000000 0.000063 0.000000 -0.005051 -0.000063 1.000000 0.000000 -0.001695 0.000000 0.000000 1.000000 0.000000
1.000000 0.000346 0.000000 0.000882 -0.000346 1.000000 0.000000 0.002949 0.000000 0.000000 1.000000 0.000000
1.000000 -0.000027 0.000000 0.001796 0.000027 1.000000 0.000000 -0.001329 0.000000 0.000000 1.000000 0.000000
1.000000 0.000333 0.000000 0.001374 -0.000333 1.000000 0.000000 0.002406 0.000000 0.000000 1.000000 0.000000
1.000000 0.000377 0.000000 0.008328 -0.000377 1.000000 0.000000 0.002741 0.000000 0.000000 1.000000 0.000000
1.000000 0.000095 0.000000 0.002939 -0.000095 1.000000 0.000000 0.001881 0.000000 0.000000 1.000000 0.000000
1.000000 0.000361 0.000000 0.029199 -0.000361 1.000000 0.000000 0.017616 0.000000 0.000000 1.000000 0.000000
1.000000 0.000501 0.000000 0.066739 -0.000501 1.000000 0.000000 0.021837 0.000000 0.000000 1.000000 0.000000
1.000000 0.000495 0.000000 0.161328 -0.000495 1.000000 0.000000 0.019968 0.000000 0.000000 1.000000 0.000000
1.000000 0.000086 0.000000 0.266743 -0.000086 1.000000 0.000000 0.035101 0.000000 0.000000 1.000000 0.000000
1.000000 -0.000197 0.000000 0.371804 0.000197 1.000000 0.000000 0.039448 0.000000 0.000000 1.000000 0.000000
0.999999 -0.001334 0.000000 0.487682 0.001334 0.999999 0.000000 0.038687 0.000000 0.000000 1.000000 0.000000
0.999999 -0.001069 0.000000 0.622250 0.001069 0.999999 0.000000 0.038868 0.000000 0.000000 1.000000 0.000000
1.000000 -0.000924 0.000000 0.806622 0.000924 1.000000 0.000000 0.032826 0.000000 0.000000 1.000000 0.000000
1.000000 -0.000936 0.000000 0.995566 0.000936 1.000000 0.000000 0.040717 0.000000 0.000000 1.000000 0.000000
0.999999 -0.001579 0.000000 1.230090 0.001579 0.999999 0.000000 0.081790 0.000000 0.000000 1.000000 0.000000
0.999999 -0.001285 0.000000 1.480924 0.001285 0.999999 0.000000 0.068138 0.000000 0.000000 1.000000 0.000000
1.000000 0.000326 0.000000 1.801008 -0.000326 1.000000 0.000000 0.078414 0.000000 0.000000 1.000000 0.000000
1.000000 0.000040 0.000000 2.074312 -0.000040 1.000000 0.000000 0.075905 0.000000 0.000000 1.000000 0.000000
1.000000 -0.000166 0.000000 2.365279 0.000166 1.000000 0.000000 0.069426 0.000000 0.000000 1.000000 0.000000
1.000000 0.000014 0.000000 2.657712 -0.000014 1.000000 0.000000 0.093420 0.000000 0.000000 1.000000 0.000000
1.000000 0.000443 0.000000 3.026188 -0.000443 1.000000 0.000000 0.092343 0.000000 0.000000 1.000000 0.000000
1.000000 0.000626 0.000000 3.361853 -0.000626 1.000000 0.000000 0.081958 0.000000 0.000000 1.000000 0.000000
0.999999 0.001080 0.000000 3.672719 -0.001080 0.999999 0.000000 0.115761 0.000000 0.000000 1.000000 0.000000
0.999999 0.001589 0.000000 4.031179 -0.001589 0.999999 0.000000 0.139512 0.000000 0.000000 1.000000 0.000000
0.999996 0.002805 0.000000 4.420857 -0.002805 0.999996 0.000000 0.151929 0.000000 0.000000 1.000000 0.000000
0.999997 0.002583 0.000000 4.707713 -0.002583 0.999997 0.000000 0.136396 0.000000 0.000000 1.000000 0.000000
0.999991 0.004159 0.000000 5.096224 -0.004159 0.999991 0.000000 0.172404 0.000000 0.000000 1.000000 0.000000
0.999987 0.005107 0.000000 5.516205 -0.005107 0.999987 0.000000 0.184175 0.000000 0.000000 1.000000 0.000000
0.999979 0.006457 0.000000 5.897602 -0.006457 0.999979 0.000000 0.192910 0.000000 0.000000 1.000000 0.000000
0.999895 0.014516 0.000000 6.288326 -0.014516 0.999895 0.000000 0.197792 0.000000 0.000000 1.000000 0.000000
0.999727 0.023351 0.000000 6.673782 -0.023351 0.999727 0.000000 0.219565 0.000000 0.000000 1.000000 0.000000
0.999389 0.034956 0.000000 7.040764 -0.034956 0.999389 0.000000 0.219693 0.000000 0.000000 1.000000 0.000000
0.999140 0.041466 0.000000 7.426120 -0.041466 0.999140 0.000000 0.194421 0.000000 0.000000 1.000000 0.000000
0.999066 0.043214 0.000000 7.852412 -0.043214 0.999066 0.000000 0.193534 0.000000 0.000000 1.000000 0.000000
0.999111 0.042152 0.000000 8.284614 -0.042152 0.999111 0.000000 0.221138 0.000000 0.000000 1.000000 0.000000
0.999168 0.040779 0.000000 8.682741 -0.040779 0.999168 0.000000 0.196060 0.000000 0.000000 1.000000 0.000000
0.999218 0.039531 0.000000 9.095634 -0.039531 0.999218 0.000000 0.205023 0.000000 0.000000 1.000000 0.000000
0.999357 0.035860 0.000000 9.503363 -0.035860 0.999357 0.000000 0.226398 0.000000 0.000000 1.000000 0.000000
0.999498 0.031677 0.000000 9.875128 -0.031677 0.999498 0.000000 0.212026 0.000000 0.000000 1.000000 0.000000
0.999594 0.028486 0.000000 10.249088 -0.028486 0.999594 0.000000 0.215251 0.000000 0.000000 1.000000 0.000000
0.999695 0.024713 0.000000 10.619262 -0.024713 0.999695 0.000000 0.227727 0.000000 0.000000 1.000000 0.000000
0.999770 0.021469 0.000000 10.966578 -0.021469 0.999770 0.000000 0.250800 0.000000 0.000000 1.000000 0.000000
0.999843 0.017700 0.000000 11.326537 -0.017700 0.999843 0.000000 0.257062 0.000000 0.000000 1.000000 0.000000
0.999894 0.014544 0.000000 11.687180 -0.014544 0.999894 0.000000 0.277218 0.000000 0.000000 1.000000 0.000000
0.999945 0.010510 0.000000 12.059364 -0.010510 0.999945 0.000000 0.276916 0.000000 0.000000 1.000000 0.000000
0.999976 0.006903 0.000000 12.428622 -0.006903 0.999976 0.000000 0.296250 0.000000 0.000000 1.000000 0.000000
0.999995 0.003239 0.000000 12.762619 -0.003239 0.999995 0.000000 0.303290 0.000000 0.000000 1.000000 0.000000
1.000000 0.000586 0.000000 13.106844 -0.000586 1.000000 0.000000 0.331680 0.000000 0.000000 1.000000 0.000000
0.999994 -0.003415 0.000000 13.412868 0.003415 0.999994 0.000000 0.337859 0.000000 0.000000 1.000000 0.000000
0.999982 -0.005968 0.000000 13.740973 0.005968 0.999982 0.000000 0.328680 0.000000 0.000000 1.000000 0.000000
0.999966 -0.008211 0.000000 14.067778 0.008211 0.999966 0.000000 0.349274 0.000000 0.000000 1.000000 0.000000
0.999952 -0.009763 0.000000 14.370414 0.009763 0.999952 0.000000 0.392688 0.000000 0.000000 1.000000 0.000000
0.999920 -0.012614 0.000000 14.698532 0.012614 0.999920 0.000000 0.400148 0.000000 0.000000 1.000000 0.000000
0.999900 -0.014133 0.000000 15.021313 0.014133 0.999900 0.000000 0.432007 0.000000 0.000000 1.000000 0.000000
0.999878 -0.015592 0.000000 15.363100 0.015592 0.999878 0.000000 0.435008 0.000000 0.000000 1.000000 0.000000
0.999872 -0.016024 0.000000 15.736189 0.016024 0.999872 0.000000 0.448025 0.000000 0.000000 1.000000 0.000000
0.999842 -0.017764 0.000000 16.037588 0.017764 0.999842 0.000000 0.462152 0.000000 0.000000 1.000000 0.000000
0.999828 -0.018532 0.000000 16.383197 0.018532 0.999828 0.000000 0.479933 0.000000 0.000000 1.000000 0.000000
0.999813 -0.019353 0.000000 16.713537 0.019353 0.999813 0.000000 0.492692 0.000000 0.000000 1.000000 0.000000
0.999829 -0.018500 0.000000 17.038246 0.018500 0.999829 0.000000 0.521167 0.000000 0.000000 1.000000 0.000000
0.999825 -0.018732 0.000000 17.365245 0.018732 0.999825 0.000000 0.543828 0.000000 0.000000 1.000000 0.000000
0.999804 -0.019777 0.000000 17.737662 0.019777 0.999804 0.000000 0.549378 0.000000 0.000000 1.000000 0.000000
0.999793 -0.020328 0.000000 18.069725 0.020328 0.999793 0.000000 0.563315 0.000000 0.000000 1.000000 0.000000
0.999774 -0.021267 0.000000 18.390413 0.021267 0.999774 0.000000 0.603613 0.000000 0.000000 1.000000 0.000000
0.999739 -0.022825 0.000000 18.714962 0.022825 0.999739 0.000000 0.614325 0.000000 0.000000 1.000000 0.000000
0.999724 -0.023473 0.000000 19.049278 0.023473 0.999724 0.000000 0.638729 0.000000 0.000000 1.000000 0.000000
0.999681 -0.025239 0.000000 19.368592 0.025239 0.999681 0.000000 0.668479 0.000000 0.000000 1.000000 0.000000
0.999627 -0.027319 0.000000 19.686201 0.027319 0.999627 0.000000 0.676668 0.000000 0.000000 1.000000 0.000000
0.999594 -0.028508 0.000000 19.983103 0.028508 0.999594 0.000000 0.699890 0.000000 0.000000 1.000000 0.000000
0.999557 -0.029776 0.000000 20.327383 0.029776 0.999557 0.000000 0.730204 0.000000 0.000000 1.000000 0.000000
0.999511 -0.031273 0.000000 20.651979 0.031273 0.999511 0.000000 0.752683 0.000000 0.000000 1.000000 0.000000
0.999458 -0.032908 0.000000 20.944662 0.032908 0.999458 0.000000 0.784029 0.000000 0.000000 1.000000 0.000000
0.999423 -0.033971 0.000000 21.220609 0.033971 0.999423 0.000000 0.801316 0.000000 0.000000 1.000000 0.000000
0.999354 -0.035948 0.000000 21.517750 0.035948 0.999354 0.000000 0.818000 0.000000 0.000000 1.000000 0.000000
0.999314 -0.037039 0.000000 21.837254 0.037039 0.999314 0.000000 0.829688 0.000000 0.000000 1.000000 0.000000
0.999257 -0.038538 0.000000 22.165757 0.038538 0.999257 0.000000 0.862904 0.000000 0.000000 1.000000 0.000000
0.999232 -0.039192 0.000000 22.454982 0.039192 0.999232 0.000000 0.892109 0.000000 0.000000 1.000000 0.000000
0.999238 -0.039038 0.000000 22.748033 0.039038 0.999238 0.000000 0.902160 0.000000 0.000000 1.000000 0.000000
0.999290 -0.037665 0.000000 23.064551 0.037665 0.999290 0.000000 0.915317 0.000000 0.000000 1.000000 0.000000
0.999365 -0.035629 0.000000 23.365427 0.035629 0.999365 0.000000 0.955933 0.000000 0.000000 1.000000 0.000000
0.999407 -0.034420 0.000000 23.657490 0.034420 0.999407 0.000000 0.987770 0.000000 0.000000 1.000000 0.000000
0.999458 -0.032923 0.000000 23.941146 0.032923 0.999458 0.000000 1.000953 0.000000 0.000000 1.000000 0.000000
0.999512 -0.031247 0.000000 24.235842 0.031247 0.999512 0.000000 1.021001 0.000000 0.000000 1.000000 0.000000
0.999562 -0.029606 0.000000 24.505330 0.029606 0.999562 0.000000 1.027480 0.000000 0.000000 1.000000 0.000000
0.999589 -0.028679 0.000000 24.797198 0.028679 0.999589 0.000000 1.029484 0.000000 0.000000 1.000000 0.000000
0.999663 -0.025947 0.000000 25.124899 0.025947 0.999663 0.000000 1.042901 0.000000 0.000000 1.000000 0.000000
0.999703 -0.024370 0.000000 25.407323 0.024370 0.999703 0.000000 1.070600 0.000000 0.000000 1.000000 0.000000
0.999729 -0.023283 0.000000 25.707594 0.023283 0.999729 0.000000 1.085444 0.000000 0.000000 1.000000 0.000000
0.999791 -0.020461 0.000000 25.989776 0.020461 0.999791 0.000000 1.098719 0.000000 0.000000 1.000000 0.000000
0.999814 -0.019274 0.000000 26.261091 0.019274 0.999814 0.000000 1.119674 0.000000 0.000000 1.000000 0.000000
0.999838 -0.017987 0.000000 26.556786 0.017987 0.999838 0.000000 1.152923 0.000000 0.000000 1.000000 0.000000
0.999847 -0.017491 0.000000 26.825067 0.017491 0.999847 0.000000 1.158831 0.000000 0.000000 1.000000 0.000000
0.999860 -0.016711 0.000000 27.102773 0.016711 0.999860 0.000000 1.178714 0.000000 0.000000 1.000000 0.000000
0.999868 -0.016256 0.000000 27.389303 0.016256 0.999868 0.000000 1.206105 0.000000 0.000000 1.000000 0.000000
0.999883 -0.015317 0.000000 27.716620 0.015317 0.999883 0.000000 1.217209 0.000000 0.000000 1.000000 0.000000
0.999907 -0.013668 0.000000 28.007474 0.013668 0.999907 0.000000 1.209133 0.000000 0.000000 1.000000 0.000000
0.999930 -0.011831 0.000000 28.309508 0.011831 0.999930 0.000000 1.225306 0.000000 0.000000 1.000000 0.000000
0.999941 -0.010887 0.000000 28.606007 0.010887 0.999941 0.000000 1.239254 0.000000 0.000000 1.000000 0.000000
0.999959 -0.009064 0.000000 28.908175 0.009064 0.999959 0.000000 1.250713 0.000000 0.000000 1.000000 0.000000
0.999981 -0.006216 0.000000 29.237062 0.006216 0.999981 0.000000 1.261440 0.000000 0.000000 1.000000 0.000000
0.999992 -0.004008 0.000000 29.537521 0.004008 0.999992 0.000000 1.273428 0.000000 0.000000 1.000000 0.000000
1.000000 -0.000577 0.000000 29.850181 0.000577 1.000000 0.000000 1.274836 0.000000 0.000000 1.000000 0.000000
0.999998 0.001928 0.000000 30.144645 -0.001928 0.999998 0.000000 1.283345 0.000000 0.000000 1.000000 0.000000
0.999989 0.004793 0.000000 30.442513 -0.004793 0.999989 0.000000 1.297240 0.000000 0.000000 1.000000 0.000000
0.999975 0.007112 0.000000 30.715413 -0.007112 0.999975 0.000000 1.296051 0.000000 0.000000 1.000000 0.000000
0.999955 0.009531 0.000000 31.025659 -0.009531 0.999955 0.000000 1.286276 0.000000 0.000000 1.000000 0.000000
0.999936 0.011356 0.000000 31.352637 -0.011356 0.999936 0.000000 1.290029 0.000000 0.000000 1.000000 0.000000
0.999919 0.012701 0.000000 31.677369 -0.012701 0.999919 0.000000 1.288786 0.000000 0.000000 1.000000 0.000000
0.999907 0.013622 0.000000 32.019153 -0.013622 0.999907 0.000000 1.301423 0.000000 0.000000 1.000000 0.000000
0.999888 0.014999 0.000000 32.357107 -0.014999 0.999888 0.000000 1.304334 0.000000 0.000000 1.000000 0.000000
0.999883 0.015288 0.000000 32.675640 -0.015288 0.999883 0.000000 1.298918 0.000000 0.000000 1.000000 0.000000
0.999863 0.016549 0.000000 33.028065 -0.016549 0.999863 0.000000 1.305990 0.000000 0.000000 1.000000 0.000000
0.999860 0.016754 0.000000 33.357803 -0.016754 0.999860 0.000000 1.300694 0.000000 0.000000 1.000000 0.000000
0.999865 0.016403 0.000000 33.662488 -0.016403 0.999865 0.000000 1.319429 0.000000 0.000000 1.000000 0.000000
0.999870 0.016113 0.000000 34.012339 -0.016113 0.999870 0.000000 1.324415 0.000000 0.000000 1.000000 0.000000
0.999880 0.015506 0.000000 34.347875 -0.015506 0.999880 0.000000 1.335754 0.000000 0.000000 1.000000 0.000000
0.999878 0.015616 0.000000 34.699064 -0.015616 0.999878 0.000000 1.341332 0.000000 0.000000 1.000000 0.000000
0.999885 0.015140 0.000000 35.026652 -0.015140 0.999885 0.000000 1.347891 0.000000 0.000000 1.000000 0.000000
0.999887 0.015000 0.000000 35.361494 -0.015000 0.999887 0.000000 1.355443 0.000000 0.000000 1.000000 0.000000
0.999892 0.014673 0.000000 35.680788 -0.014673 0.999892 0.000000 1.362533 0.000000 0.000000 1.000000 0.000000
0.999919 0.012749 0.000000 36.011099 -0.012749 0.999919 0.000000 1.362748 0.000000 0.000000 1.000000 0.000000
0.999923 0.012439 0.000000 36.297577 -0.012439 0.999923 0.000000 1.359739 0.000000 0.000000 1.000000 0.000000
0.999928 0.012012 0.000000 36.601477 -0.012012 0.999928 0.000000 1.360122 0.000000 0.000000 1.000000 0.000000
0.999932 0.011670 0.000000 36.899879 -0.011670 0.999932 0.000000 1.381090 0.000000 0.000000 1.000000 0.000000
0.999940 0.010947 0.000000 37.203352 -0.010947 0.999940 0.000000 1.399213 0.000000 0.000000 1.000000 0.000000
0.999955 0.009535 0.000000 37.535418 -0.009535 0.999955 0.000000 1.396093 0.000000 0.000000 1.000000 0.000000
0.999965 0.008309 0.000000 37.871938 -0.008309 0.999965 0.000000 1.414859 0.000000 0.000000 1.000000 0.000000
0.999976 0.006942 0.000000 38.193764 -0.006942 0.999976 0.000000 1.429016 0.000000 0.000000 1.000000 0.000000
0.999981 0.006174 0.000000 38.536545 -0.006174 0.999981 0.000000 1.442777 0.000000 0.000000 1.000000 0.000000
0.999988 0.004817 0.000000 38.931248 -0.004817 0.999988 0.000000 1.444951 0.000000 0.000000 1.000000 0.000000
0.999996 0.002965 0.000000 39.259851 -0.002965 0.999996 0.000000 1.449809 0.000000 0.000000 1.000000 0.000000
0.999998 0.002233 0.000000 39.568517 -0.002233 0.999998 0.000000 1.463482 0.000000 0.000000 1.000000 0.000000
0.999999 0.001405 0.000000 39.912412 -0.001405 0.999999 0.000000 1.480523 0.000000 0.000000 1.000000 0.000000
1.000000 -0.000792 0.000000 40.258807 0.000792 1.000000 0.000000 1.493524 0.000000 0.000000 1.000000 0.000000
0.999997 -0.002364 0.000000 40.586932 0.002364 0.999997 0.000000 1.507764 0.000000 0.000000 1.000000 0.000000
0.999991 -0.004126 0.000000 40.943439 0.004126 0.999991 0.000000 1.512784 0.000000 0.000000 1.000000 0.000000
0.999982 -0.005936 0.000000 41.328510 0.005936 0.999982 0.000000 1.520078 0.000000 0.000000 1.000000 0.000000
0.999973 -0.007376 0.000000 41.702364 0.007376 0.999973 0.000000 1.542838 0.000000 0.000000 1.000000 0.000000
0.999961 -0.008778 0.000000 42.091417 0.008778 0.999961 0.000000 1.563289 0.000000 0.000000 1.000000 0.000000
0.999950 -0.009973 0.000000 42.449472 0.009973 0.999950 0.000000 1.582664 0.000000 0.000000 1.000000 0.000000
0.999943 -0.010656 0.000000 42.744576 0.010656 0.999943 0.000000 1.592036 0.000000 0.000000 1.000000 0.000000
0.999934 -0.011468 0.000000 43.089924 0.011468 0.999934 0.000000 1.603305 0.000000 0.000000 1.000000 0.000000
0.999910 -0.013392 0.000000 43.474206 0.013392 0.999910 0.000000 1.622933 0.000000 0.000000 1.000000 0.000000
0.999896 -0.014415 0.000000 43.825925 0.014415 0.999896 0.000000 1.652026 0.000000 0.000000 1.000000 0.000000
0.999890 -0.014860 0.000000 44.162068 0.014860 0.999890 0.000000 1.674509 0.000000 0.000000 1.000000 0.000000
0.999869 -0.016191 0.000000 44.436789 0.016191 0.999869 0.000000 1.675011 0.000000 0.000000 1.000000 0.000000
0.999857 -0.016914 0.000000 44.776319 0.016914 0.999857 0.000000 1.694836 0.000000 0.000000 1.000000 0.000000
0.999819 -0.019045 0.000000 45.141275 0.019045 0.999819 0.000000 1.716470 0.000000 0.000000 1.000000 0.000000
0.999812 -0.019415 0.000000 45.429837 0.019415 0.999812 0.000000 1.742635 0.000000 0.000000 1.000000 0.000000
0.999775 -0.021205 0.000000 45.732268 0.021205 0.999775 0.000000 1.756778 0.000000 0.000000 1.000000 0.000000
0.999742 -0.022707 0.000000 46.024925 0.022707 0.999742 0.000000 1.759302 0.000000 0.000000 1.000000 0.000000
0.999729 -0.023296 0.000000 46.383252 0.023296 0.999729 0.000000 1.797898 0.000000 0.000000 1.000000 0.000000
0.999706 -0.024258 0.000000 46.720314 0.024258 0.999706 0.000000 1.818727 0.000000 0.000000 1.000000 0.000000
0.999694 -0.024754 0.000000 47.055918 0.024754 0.999694 0.000000 1.855154 0.000000 0.000000 1.000000 0.000000
0.999680 -0.025315 0.000000 47.379005 0.025315 0.999680 0.000000 1.860727 0.000000 0.000000 1.000000 0.000000
0.999665 -0.025890 0.000000 47.639456 0.025890 0.999665 0.000000 1.883971 0.000000 0.000000 1.000000 0.000000
0.999642 -0.026772 0.000000 47.970787 0.026772 0.999642 0.000000 1.895169 0.000000 0.000000 1.000000 0.000000
0.999628 -0.027272 0.000000 48.254066 0.027272 0.999628 0.000000 1.931294 0.000000 0.000000 1.000000 0.000000
0.999594 -0.028509 0.000000 48.540372 0.028509 0.999594 0.000000 1.944393 0.000000 0.000000 1.000000 0.000000
0.999573 -0.029206 0.000000 48.785328 0.029206 0.999573 0.000000 1.964848 0.000000 0.000000 1.000000 0.000000
0.999542 -0.030264 0.000000 49.097499 0.030264 0.999542 0.000000 1.980020 0.000000 0.000000 1.000000 0.000000
0.999523 -0.030877 0.000000 49.398765 0.030877 0.999523 0.000000 1.998660 0.000000 0.000000 1.000000 0.000000
0.999518 -0.031056 0.000000 49.665151 0.031056 0.999518 0.000000 2.018059 0.000000 0.000000 1.000000 0.000000
0.999509 -0.031334 0.000000 49.990069 0.031334 0.999509 0.000000 2.013505 0.000000 0.000000 1.000000 0.000000
0.999531 -0.030618 0.000000 50.257755 0.030618 0.999531 0.000000 2.033702 0.000000 0.000000 1.000000 0.000000
0.999572 -0.029248 0.000000 50.500814 0.029248 0.999572 0.000000 2.051789 0.000000 0.000000 1.000000 0.000000
0.999616 -0.027722 0.000000 50.765850 0.027722 0.999616 0.000000 2.060210 0.000000 0.000000 1.000000 0.000000
0.999654 -0.026313 0.000000 51.058780 0.026313 0.999654 0.000000 2.083640 0.000000 0.000000 1.000000 0.000000
0.999660 -0.026070 0.000000 51.343797 0.026070 0.999660 0.000000 2.107573 0.000000 0.000000 1.000000 0.000000
0.999656 -0.026235 0.000000 51.632927 0.026235 0.999656 0.000000 2.123364 0.000000 0.000000 1.000000 0.000000
0.999660 -0.026081 0.000000 51.900812 0.026081 0.999660 0.000000 2.138887 0.000000 0.000000 1.000000 0.000000
0.999663 -0.025944 0.000000 52.202246 0.025944 0.999663 0.000000 2.159120 0.000000 0.000000 1.000000 0.000000
0.999642 -0.026742 0.000000 52.524096 0.026742 0.999642 0.000000 2.174914 0.000000 0.000000 1.000000 0.000000
0.999644 -0.026698 0.000000 52.794317 0.026698 0.999644 0.000000 2.188323 0.000000 0.000000 1.000000 0.000000
0.999634 -0.027047 0.000000 53.049637 0.027047 0.999634 0.000000 2.204488 0.000000 0.000000 1.000000 0.000000
0.999613 -0.027818 0.000000 53.330588 0.027818 0.999613 0.000000 2.220481 0.000000 0.000000 1.000000 0.000000
0.999597 -0.028388 0.000000 53.599093 0.028388 0.999597 0.000000 2.233038 0.000000 0.000000 1.000000 0.000000
0.999613 -0.027815 0.000000 53.888314 0.027815 0.999613 0.000000 2.262258 0.000000 0.000000 1.000000 0.000000
0.999604 -0.028122 0.000000 54.243203 0.028122 0.999604 0.000000 2.287619 0.000000 0.000000 1.000000 0.000000
0.999602 -0.028201 0.000000 54.536163 0.028201 0.999602 0.000000 2.317006 0.000000 0.000000 1.000000 0.000000
0.999605 -0.028116 0.000000 54.874170 0.028116 0.999605 0.000000 2.325288 0.000000 0.000000 1.000000 0.000000
0.999588 -0.028717 0.000000 55.131623 0.028717 0.999588 0.000000 2.349446 0.000000 0.000000 1.000000 0.000000
0.999595 -0.028448 0.000000 55.464349 0.028448 0.999595 0.000000 2.362469 0.000000 0.000000 1.000000 0.000000
0.999604 -0.028142 0.000000 55.807656 0.028142 0.999604 0.000000 2.384908 0.000000 0.000000 1.000000 0.000000
0.999579 -0.029023 0.000000 56.079434 0.029023 0.999579 0.000000 2.423070 0.000000 0.000000 1.000000 0.000000
0.999549 -0.030018 0.000000 56.360926 0.030018 0.999549 0.000000 2.438550 0.000000 0.000000 1.000000 0.000000
0.999548 -0.030061 0.000000 56.649972 0.030061 0.999548 0.000000 2.450186 0.000000 0.000000 1.000000 0.000000
0.999565 -0.029479 0.000000 56.972137 0.029479 0.999565 0.000000 2.482218 0.000000 0.000000 1.000000 0.000000
0.999530 -0.030664 0.000000 57.357906 0.030664 0.999530 0.000000 2.498649 0.000000 0.000000 1.000000 0.000000
0.999548 -0.030075 0.000000 57.629410 0.030075 0.999548 0.000000 2.514892 0.000000 0.000000 1.000000 0.000000
0.999529 -0.030693 0.000000 57.979659 0.030693 0.999529 0.000000 2.545791 0.000000 0.000000 1.000000 0.000000
0.999543 -0.030222 0.000000 58.283193 0.030222 0.999543 0.000000 2.563631 0.000000 0.000000 1.000000 0.000000
0.999532 -0.030590 0.000000 58.607358 0.030590 0.999532 0.000000 2.584304 0.000000 0.000000 1.000000 0.000000
0.999516 -0.031109 0.000000 58.911846 0.031109 0.999516 0.000000 2.613392 0.000000 0.000000 1.000000 0.000000
0.999489 -0.031978 0.000000 59.219695 0.031978 0.999489 0.000000 2.640621 0.000000 0.000000 1.000000 0.000000
0.999523 -0.030891 0.000000 59.502134 0.030891 0.999523 0.000000 2.653229 0.000000 0.000000 1.000000 0.000000
0.999450 -0.033152 0.000000 59.863436 0.033152 0.999450 0.000000 2.677811 0.000000 0.000000 1.000000 0.000000
0.999430 -0.033766 0.000000 60.155697 0.033766 0.999430 0.000000 2.701271 0.000000 0.000000 1.000000 0.000000
0.999420 -0.034052 0.000000 60.458966 0.034052 0.999420 0.000000 2.723447 0.000000 0.000000 1.000000 0.000000
0.999398 -0.034691 0.000000 60.776077 0.034691 0.999398 0.000000 2.750612 0.000000 0.000000 1.000000 0.000000
0.999346 -0.036148 0.000000 61.113037 0.036148 0.999346 0.000000 2.777809 0.000000 0.000000 1.000000 0.000000
0.999263 -0.038383 0.000000 61.387820 0.038383 0.999263 0.000000 2.804570 0.000000 0.000000 1.000000 0.000000
0.999220 -0.039477 0.000000 61.693537 0.039477 0.999220 0.000000 2.826795 0.000000 0.000000 1.000000 0.000000
0.999196 -0.040104 0.000000 61.985915 0.040104 0.999196 0.000000 2.862480 0.000000 0.000000 1.000000 0.000000
0.999204 -0.039885 0.000000 62.259605 0.039885 0.999204 0.000000 2.869611 0.000000 0.000000 1.000000 0.000000
0.999211 -0.039724 0.000000 62.569981 0.039724 0.999211 0.000000 2.880317 0.000000 0.000000 1.000000 0.000000
0.999169 -0.040771 0.000000 62.860325 0.040771 0.999169 0.000000 2.923401 0.000000 0.000000 1.000000 0.000000
0.999210 -0.039747 0.000000 63.136719 0.039747 0.999210 0.000000 2.939845 0.000000 0.000000 1.000000 0.000000
0.999223 -0.039410 0.000000 63.455663 0.039410 0.999223 0.000000 2.972000 0.000000 0.000000 1.000000 0.000000
0.999233 -0.039153 0.000000 63.765410 0.039153 0.999233 0.000000 2.991349 0.000000 0.000000 1.000000 0.000000
0.999263 -0.038393 0.000000 64.014916 0.038393 0.999263 0.000000 3.010288 0.000000 0.000000 1.000000 0.000000
0.999312 -0.037097 0.000000 64.284646 0.037097 0.999312 0.000000 3.026168 0.000000 0.000000 1.000000 0.000000
0.999346 -0.036149 0.000000 64.606642 0.036149 0.999346 0.000000 3.049566 0.000000 0.000000 1.000000 0.000000
0.999383 -0.035120 0.000000 64.888377 0.035120 0.999383 0.000000 3.062146 0.000000 0.000000 1.000000 0.000000
0.999390 -0.034913 0.000000 65.155916 0.034913 0.999390 0.000000 3.076266 0.000000 0.000000 1.000000 0.000000
0.999434 -0.033640 0.000000 65.453348 0.033640 0.999434 0.000000 3.107571 0.000000 0.000000 1.000000 0.000000
0.999499 -0.031638 0.000000 65.744619 0.031638 0.999499 0.000000 3.134133 0.000000 0.000000 1.000000 0.000000
0.999549 -0.030037 0.000000 66.051220 0.030037 0.999549 0.000000 3.142087 0.000000 0.000000 1.000000 0.000000
0.999586 -0.028785 0.000000 66.321234 0.028785 0.999586 0.000000 3.146575 0.000000 0.000000 1.000000 0.000000
0.999625 -0.027372 0.000000 66.613973 0.027372 0.999625 0.000000 3.190713 0.000000 0.000000 1.000000 0.000000
0.999650 -0.026456 0.000000 66.878062 0.026456 0.999650 0.000000 3.204657 0.000000 0.000000 1.000000 0.000000
0.999676 -0.025453 0.000000 67.183976 0.025453 0.999676 0.000000 3.186590 0.000000 0.000000 1.000000 0.000000
0.999702 -0.024393 0.000000 67.427573 0.024393 0.999702 0.000000 3.209948 0.000000 0.000000 1.000000 0.000000
0.999719 -0.023698 0.000000 67.723262 0.023698 0.999719 0.000000 3.228098 0.000000 0.000000 1.000000 0.000000
0.999754 -0.022160 0.000000 68.018546 0.022160 0.999754 0.000000 3.233561 0.000000 0.000000 1.000000 0.000000
0.999786 -0.020705 0.000000 68.305655 0.020705 0.999786 0.000000 3.260349 0.000000 0.000000 1.000000 0.000000
0.999787 -0.020618 0.000000 68.579722 0.020618 0.999787 0.000000 3.298173 0.000000 0.000000 1.000000 0.000000
0.999792 -0.020390 0.000000 68.879112 0.020390 0.999792 0.000000 3.307736 0.000000 0.000000 1.000000 0.000000
0.999828 -0.018526 0.000000 69.185168 0.018526 0.999828 0.000000 3.297901 0.000000 0.000000 1.000000 0.000000
0.999848 -0.017415 0.000000 69.519811 0.017415 0.999848 0.000000 3.326954 0.000000 0.000000 1.000000 0.000000
0.999840 -0.017907 0.000000 69.825696 0.017907 0.999840 0.000000 3.349022 0.000000 0.000000 1.000000 0.000000
0.999842 -0.017788 0.000000 70.102860 0.017788 0.999842 0.000000 3.355525 0.000000 0.000000 1.000000 0.000000
0.999840 -0.017908 0.000000 70.419456 0.017908 0.999840 0.000000 3.355249 0.000000 0.000000 1.000000 0.000000
0.999836 -0.018086 0.000000 70.683791 0.018086 0.999836 0.000000 3.369741 0.000000 0.000000 1.000000 0.000000
0.999840 -0.017900 0.000000 70.919939 0.017900 0.999840 0.000000 3.384050 0.000000 0.000000 1.000000 0.000000
0.999838 -0.017994 0.000000 71.239093 0.017994 0.999838 0.000000 3.396682 0.000000 0.000000 1.000000 0.000000
0.999838 -0.017978 0.000000 71.464362 0.017978 0.999838 0.000000 3.397146 0.000000 0.000000 1.000000 0.000000
0.999833 -0.018263 0.000000 71.795803 0.018263 0.999833 0.000000 3.415308 0.000000 0.000000 1.000000 0.000000
0.999826 -0.018637 0.000000 72.104816 0.018637 0.999826 0.000000 3.442760 0.000000 0.000000 1.000000 0.000000
0.999821 -0.018926 0.000000 72.417662 0.018926 0.999821 0.000000 3.455824 0.000000 0.000000 1.000000 0.000000
0.999831 -0.018395 0.000000 72.690732 0.018395 0.999831 0.000000 3.470819 0.000000 0.000000 1.000000 0.000000
0.999823 -0.018800 0.000000 73.009612 0.018800 0.999823 0.000000 3.470662 0.000000 0.000000 1.000000 0.000000
0.999799 -0.020061 0.000000 73.306749 0.020061 0.999799 0.000000 3.499677 0.000000 0.000000 1.000000 0.000000
0.999795 -0.020248 0.000000 73.642947 0.020248 0.999795 0.000000 3.509180 0.000000 0.000000 1.000000 0.000000
0.999791 -0.020461 0.000000 73.969945 0.020461 0.999791 0.000000 3.536050 0.000000 0.000000 1.000000 0.000000
0.999776 -0.021141 0.000000 74.272307 0.021141 0.999776 0.000000 3.547519 0.000000 0.000000 1.000000 0.000000
0.999781 -0.020914 0.000000 74.582568 0.020914 0.999781 0.000000 3.558336 0.000000 0.000000 1.000000 0.000000
0.999778 -0.021072 0.000000 74.850500 0.021072 0.999778 0.000000 3.556134 0.000000 0.000000 1.000000 0.000000
0.999759 -0.021947 0.000000 75.167203 0.021947 0.999759 0.000000 3.578027 0.000000 0.000000 1.000000 0.000000
0.999735 -0.023010 0.000000 75.476831 0.023010 0.999735 0.000000 3.601706 0.000000 0.000000 1.000000 0.000000
0.999686 -0.025075 0.000000 75.791731 0.025075 0.999686 0.000000 3.618431 0.000000 0.000000 1.000000 0.000000
0.999664 -0.025913 0.000000 76.065979 0.025913 0.999664 0.000000 3.645193 0.000000 0.000000 1.000000 0.000000
0.999631 -0.027150 0.000000 76.363841 0.027150 0.999631 0.000000 3.683189 0.000000 0.000000 1.000000 0.000000
0.999612 -0.027860 0.000000 76.707939 0.027860 0.999612 0.000000 3.686208 0.000000 0.000000 1.000000 0.000000
0.999582 -0.028914 0.000000 77.006236 0.028914 0.999582 0.000000 3.711263 0.000000 0.000000 1.000000 0.000000
0.999551 -0.029961 0.000000 77.319671 0.029961 0.999551 0.000000 3.728098 0.000000 0.000000 1.000000 0.000000
0.999517 -0.031073 0.000000 77.638165 0.031073 0.999517 0.000000 3.747685 0.000000 0.000000 1.000000 0.000000
0.999475 -0.032404 0.000000 77.934556 0.032404 0.999475 0.000000 3.775889 0.000000 0.000000 1.000000 0.000000
0.999455 -0.033025 0.000000 78.224485 0.033025 0.999455 0.000000 3.795880 0.000000 0.000000 1.000000 0.000000
0.999393 -0.034823 0.000000 78.509901 0.034823 0.999393 0.000000 3.805299 0.000000 0.000000 1.000000 0.000000
0.999352 -0.036006 0.000000 78.877382 0.036006 0.999352 0.000000 3.851691 0.000000 0.000000 1.000000 0.000000
0.999292 -0.037629 0.000000 79.199371 0.037629 0.999292 0.000000 3.885220 0.000000 0.000000 1.000000 0.000000
0.999255 -0.038583 0.000000 79.518546 0.038583 0.999255 0.000000 3.883558 0.000000 0.000000 1.000000 0.000000
0.999200 -0.039998 0.000000 79.796212 0.039998 0.999200 0.000000 3.925284 0.000000 0.000000 1.000000 0.000000
0.999155 -0.041092 0.000000 80.089423 0.041092 0.999155 0.000000 3.942991 0.000000 0.000000 1.000000 0.000000
0.999117 -0.042025 0.000000 80.370777 0.042025 0.999117 0.000000 3.962710 0.000000 0.000000 1.000000 0.000000
0.999075 -0.042999 0.000000 80.681481 0.042999 0.999075 0.000000 3.981894 0.000000 0.000000 1.000000 0.000000
0.999045 -0.043691 0.000000 80.970273 0.043691 0.999045 0.000000 4.032787 0.000000 0.000000 1.000000 0.000000
0.998980 -0.045153 0.000000 81.249477 0.045153 0.998980 0.000000 4.024212 0.000000 0.000000 1.000000 0.000000
0.998923 -0.046405 0.000000 81.524960 0.046405 0.998923 0.000000 4.044674 0.000000 0.000000 1.000000 0.000000
0.998887 -0.047165 0.000000 81.823551 0.047165 0.998887 0.000000 4.073667 0.000000 0.000000 1.000000 0.000000
0.998875 -0.047419 0.000000 82.176776 0.047419 0.998875 0.000000 4.126476 0.000000 0.000000 1.000000 0.000000
0.998862 -0.047690 0.000000 82.485616 0.047690 0.998862 0.000000 4.136299 0.000000 0.000000 1.000000 0.000000
0.998866 -0.047609 0.000000 82.814372 0.047609 0.998866 0.000000 4.160684 0.000000 0.000000 1.000000 0.000000
0.998852 -0.047893 0.000000 83.116904 0.047893 0.998852 0.000000 4.198025 0.000000 0.000000 1.000000 0.000000
0.998830 -0.048363 0.000000 83.393033 0.048363 0.998830 0.000000 4.213227 0.000000 0.000000 1.000000 0.000000
0.998849 -0.047972 0.000000 83.680189 0.047972 0.998849 0.000000 4.233261 0.000000 0.000000 1.000000 0.000000
0.998909 -0.046701 0.000000 84.004766 0.046701 0.998909 0.000000 4.281773 0.000000 0.000000 1.000000 0.000000
0.998937 -0.046106 0.000000 84.285401 0.046106 0.998937 0.000000 4.265626 0.000000 0.000000 1.000000 0.000000
0.999084 -0.042781 0.000000 84.577513 0.042781 0.999084 0.000000 4.279122 0.000000 0.000000 1.000000 0.000000
0.999228 -0.039280 0.000000 84.852889 0.039280 0.999228 0.000000 4.331366 0.000000 0.000000 1.000000 0.000000
0.999448 -0.033223 0.000000 85.152484 0.033223 0.999448 0.000000 4.377918 0.000000 0.000000 1.000000 0.000000
0.999610 -0.027927 0.000000 85.465346 0.027927 0.999610 0.000000 4.395432 0.000000 0.000000 1.000000 0.000000
0.999843 -0.017738 0.000000 85.813359 0.017738 0.999843 0.000000 4.370313 0.000000 0.000000 1.000000 0.000000
0.999968 -0.007982 0.000000 86.170775 0.007982 0.999968 0.000000 4.360286 0.000000 0.000000 1.000000 0.000000
0.999999 0.001146 0.000000 86.468753 -0.001146 0.999999 0.000000 4.358628 0.000000 0.000000 1.000000 0.000000
0.999952 0.009757 0.000000 86.810261 -0.009757 0.999952 0.000000 4.341908 0.000000 0.000000 1.000000 0.000000
0.999781 0.020938 0.000000 87.144303 -0.020938 0.999781 0.000000 4.351216 0.000000 0.000000 1.000000 0.000000
0.999488 0.031980 0.000000 87.492755 -0.031980 0.999488 0.000000 4.350260 0.000000 0.000000 1.000000 0.000000
0.998982 0.045108 0.000000 87.798644 -0.045108 0.998982 0.000000 4.354696 0.000000 0.000000 1.000000 0.000000
0.998350 0.057426 0.000000 88.077765 -0.057426 0.998350 0.000000 4.325767 0.000000 0.000000 1.000000 0.000000
0.997341 0.072870 0.000000 88.368526 -0.072870 0.997341 0.000000 4.291227 0.000000 0.000000 1.000000 0.000000
0.996238 0.086658 0.000000 88.670142 -0.086658 0.996238 0.000000 4.295326 0.000000 0.000000 1.000000 0.000000
0.994505 0.104690 0.000000 88.933193 -0.104690 0.994505 0.000000 4.266484 0.000000 0.000000 1.000000 0.000000
0.992395 0.123092 0.000000 89.271902 -0.123092 0.992395 0.000000 4.180085 0.000000 0.000000 1.000000 0.000000
0.989891 0.141829 0.000000 89.529385 -0.141829 0.989891 0.000000 4.172378 0.000000 0.000000 1.000000 0.000000
0.986784 0.162044 0.000000 89.834444 -0.162044 0.986784 0.000000 4.132999 0.000000 0.000000 1.000000 0.000000
0.982620 0.185628 0.000000 90.066954 -0.185628 0.982620 0.000000 4.046416 0.000000 0.000000 1.000000 0.000000
0.977876 0.209184 0.000000 90.335107 -0.209184 0.977876 0.000000 4.004776 0.000000 0.000000 1.000000 0.000000
0.973115 0.230321 0.000000 90.594237 -0.230321 0.973115 0.000000 3.912045 0.000000 0.000000 1.000000 0.000000
0.966790 0.255574 0.000000 90.799867 -0.255574 0.966790 0.000000 3.829403 0.000000 0.000000 1.000000 0.000000
0.960015 0.279950 0.000000 91.119638 -0.279950 0.960015 0.000000 3.759437 0.000000 0.000000 1.000000 0.000000
0.953450 0.301552 0.000000 91.334964 -0.301552 0.953450 0.000000 3.680892 0.000000 0.000000 1.000000 0.000000
0.945785 0.324794 0.000000 91.569655 -0.324794 0.945785 0.000000 3.572764 0.000000 0.000000 1.000000 0.000000
0.936611 0.350371 0.000000 91.772879 -0.350371 0.936611 0.000000 3.468619 0.000000 0.000000 1.000000 0.000000
0.927078 0.374868 0.000000 91.969172 -0.374868 0.927078 0.000000 3.346473 0.000000 0.000000 1.000000 0.000000
0.916582 0.399847 0.000000 92.239960 -0.399847 0.916582 0.000000 3.248303 0.000000 0.000000 1.000000 0.000000
0.904838 0.425755 0.000000 92.478217 -0.425755 0.904838 0.000000 3.130027 0.000000 0.000000 1.000000 0.000000
0.894212 0.447644 0.000000 92.704717 -0.447644 0.894212 0.000000 3.018433 0.000000 0.000000 1.000000 0.000000
0.883371 0.468675 0.000000 92.875375 -0.468675 0.883371 0.000000 2.884714 0.000000 0.000000 1.000000 0.000000
0.870730 0.491761 0.000000 93.117356 -0.491761 0.870730 0.000000 2.739398 0.000000 0.000000 1.000000 0.000000
0.857967 0.513705 0.000000 93.368764 -0.513705 0.857967 0.000000 2.600342 0.000000 0.000000 1.000000 0.000000
0.843453 0.537204 0.000000 93.548683 -0.537204 0.843453 0.000000 2.421299 0.000000 0.000000 1.000000 0.000000
0.827845 0.560956 0.000000 93.822996 -0.560956 0.827845 0.000000 2.255999 0.000000 0.000000 1.000000 0.000000
0.810083 0.586315 0.000000 94.021174 -0.586315 0.810083 0.000000 2.054687 0.000000 0.000000 1.000000 0.000000
0.787445 0.616384 0.000000 94.289768 -0.616384 0.787445 0.000000 1.867992 0.000000 0.000000 1.000000 0.000000
0.762615 0.646853 0.000000 94.522498 -0.646853 0.762615 0.000000 1.635972 0.000000 0.000000 1.000000 0.000000
0.735350 0.677687 0.000000 94.676151 -0.677687 0.735350 0.000000 1.448190 0.000000 0.000000 1.000000 0.000000
0.705510 0.708700 0.000000 94.906327 -0.708700 0.705510 0.000000 1.201790 0.000000 0.000000 1.000000 0.000000
0.673349 0.739325 0.000000 95.042988 -0.739325 0.673349 0.000000 0.942371 0.000000 0.000000 1.000000 0.000000
0.640061 0.768324 0.000000 95.295396 -0.768324 0.640061 0.000000 0.766655 0.000000 0.000000 1.000000 0.000000
0.605107 0.796144 0.000000 95.457937 -0.796144 0.605107 0.000000 0.507776 0.000000 0.000000 1.000000 0.000000
0.569824 0.821767 0.000000 95.584281 -0.821767 0.569824 0.000000 0.262568 0.000000 0.000000 1.000000 0.000000
0.533932 0.845527 0.000000 95.737266 -0.845527 0.533932 0.000000 0.015385 0.000000 0.000000 1.000000 0.000000
0.497716 0.867340 0.000000 95.860339 -0.867340 0.497716 0.000000 -0.253568 0.000000 0.000000 1.000000 0.000000
0.460968 0.887417 0.000000 95.967918 -0.887417 0.460968 0.000000 -0.526770 0.000000 0.000000 1.000000 0.000000
0.423885 0.905716 0.000000 96.075570 -0.905716 0.423885 0.000000 -0.801818 0.000000 0.000000 1.000000 0.000000
0.386224 0.922405 0.000000 96.181718 -0.922405 0.386224 0.000000 -1.098411 0.000000 0.000000 1.000000 0.000000
0.350672 0.936498 0.000000 96.204451 -0.936498 0.350672 0.000000 -1.402006 0.000000 0.000000 1.000000 0.000000
0.316542 0.948579 0.000000 96.281268 -0.948579 0.316542 0.000000 -1.671009 0.000000 0.000000 1.000000 0.000000
0.285358 0.958421 0.000000 96.352012 -0.958421 0.285358 0.000000 -1.973100 0.000000 0.000000 1.000000 0.000000
0.260729 0.965412 0.000000 96.341801 -0.965412 0.260729 0.000000 -2.281809 0.000000 0.000000 1.000000 0.000000
0.235730 0.971819 0.000000 96.418214 -0.971819 0.235730 0.000000 -2.571941 0.000000 0.000000 1.000000 0.000000
0.211715 0.977332 0.000000 96.483027 -0.977332 0.211715 0.000000 -2.906563 0.000000 0.000000 1.000000 0.000000
0.195639 0.980676 0.000000 96.490579 -0.980676 0.195639 0.000000 -3.213876 0.000000 0.000000 1.000000 0.000000
0.177104 0.984192 0.000000 96.535904 -0.984192 0.177104 0.000000 -3.498917 0.000000 0.000000 1.000000 0.000000
0.160753 0.986995 0.000000 96.570525 -0.986995 0.160753 0.000000 -3.803146 0.000000 0.000000 1.000000 0.000000
0.146914 0.989149 0.000000 96.576206 -0.989149 0.146914 0.000000 -4.094677 0.000000 0.000000 1.000000 0.000000
