1.000000 0.000000 0.000000 0.000000 0.000000 1.000000 0.000000 0.000000 0.000000 0.000000 1.000000 0.000000
1.000000 0.000043 0.000000 0.002932 -0.000043 1.000000 0.000000 0.002422 0.000000 0.000000 1.000000 0.000000
1.000000 0.000147 0.000000 -0.005262 -0.000147 1.000000 0.000000 -0.003406 0.000000 0.000000 1.000000 0.000000
1.000000 -0.000035 0.000000 -0.000092 0.000035 1.000000 0.000000 -0.006486 0.000000 0.000000 1.000000 0.000000
1.000000 0.000044 0.000000 -0.003889 -0.000044 1.000000 0.000000 -0.002537 0.000000 0.000000 1.000000 0.000000
1.000000 -0.000020 0.000000 -0.004225 0.000020 1.000000 0.000000 -0.005791 0.000000 0.000000 1.000000 0.000000
1.000000 -0.000053 0.000000 0.000745 0.000053 1.000000 0.000000 -0.004177 0.000000 0.000000 1.000000 0.000000
1.000000 -0.000014 0.000000 -0.005568 0.000014 1.000000 0.000000 -0.004158 0.000000 0.000000 1.000000 0.000000
1.000000 -0.000055 0.000000 -0.002558 0.000055 1.000000 0.000000 -0.005594 0.000000 0.000000 1.000000 0.000000
1.000000 0.000007 0.000000 -0.001242 -0.000007 1.000000 0.000000 -0.003661 0.000000 0.000000 1.000000 0.000000
1.000000 -0.000040 0.000000 -0.000083 0.000040 1.000000 0.000000 -0.001294 0.000000 0.000000 1.000000 0.000000
1.000000 0.000024 0.000000 -0.004363 -0.000024 1.000000 0.000000 0.003438 0.000000 0.000000 1.000000 0.000000
1.000000 -0.000083 0.000000 -0.007813 0.000083 1.000000 0.000000 0.003461 0.000000 0.000000 1.000000 0.000000
1.000000 -0.000088 0.000000 -0.003752 0.000088 1.000000 0.000000 0.001773 0.000000 0.000000 1.000000 0.000000
1.000000 -0.000043 0.000000 -0.006580 0.000043 1.000000 0.000000 -0.004139 0.000000 0.000000 1.000000 0.000000
1.000000 -0.000071 0.000000 -0.008921 0.000071 1.000000 0.000000 -0.000267 0.000000 0.000000 1.000000 0.000000
1.000000 -0.000061 0.000000 -0.006387 0.000061 1.000000 0.000000 -0.007662 0.000000 0.000000 1.000000 0.000000
1.000000 -0.000123 0.000000 -0.001949 0.000123 1.000000 0.000000 -0.002813 0.000000 0.000000 1.000000 0.000000
1.000000 -0.000129 0.000000 -0.006508 0.000129 1.000000 0.000000 -0.005911 0.000000 0.000000 1.000000 0.000000
1.000000 0.000014 0.000000 -0.004003 -0.000014 1.000000 0.000000 -0.003593 0.000000 0.000000 1.000000 0.000000
1.000000 0.000013 0.000000 -0.005192 -0.000013 1.000000 0.000000 -0.002914 0.000000 0.000000 1.000000 0.000000
1.000000 -0.000045 0.000000 -0.001418 0.000045 1.000000 0.000000 -0.000536 0.000000 0.000000 1.000000 0.000000
1.000000 0.000018 0.000000 -0.004006 -0.000018 1.000000 0.000000 -0.000424 0.000000 0.000000 1.000000 0.000000
1.000000 -0.000035 0.000000 -0.002381 0.000035 1.000000 0.000000 0.003033 0.000000 0.000000 1.000000 0.000000
1.000000 -0.000241 0.000000 0.002769 0.000241 1.000000 0.000000 -0.003958 0.000000 0.000000 1.000000 0.000000
1.000000 0.000001 0.000000 -0.006038 -0.000001 1.000000 0.000000 0.001676 0.000000 0.000000 1.000000 0.000000
1.000000 -0.000089 0.000000 -0.001727 0.000089 1.000000 0.000000 0.003728 0.000000 0.000000 1.000000 0.000000
1.000000 -0.000070 0.000000 -0.002452 0.000070 1.000000 0.000000 -0.002715 0.000000 0.000000 1.000000 0.000000
1.000000 -0.000023 0.000000 -0.009301 0.000023 1.000000 0.000000 -0.000289 0.000000 0.000000 1.000000 0.000000
1.000000 -0.000122 0.000000 -0.007872 0.000122 1.000000 0.000000 -0.000980 0.000000 0.000000 1.000000 0.000000
1.000000 0.000009 0.000000 -0.002371 -0.000009 1.000000 0.000000 -0.001834 0.000000 0.000000 1.000000 0.000000
1.000000 -0.000021 0.000000 0.001846 0.000021 1.000000 0.000000 0.002208 0.000000 0.000000 1.000000 0.000000
1.000000 -0.000132 0.000000 -0.001222 0.000132 1.000000 0.000000 -0.006138 0.000000 0.000000 1.000000 0.000000
1.000000 -0.000123 0.000000 -0.003993 0.000123 1.000000 0.000000 -0.003844 0.000000 0.000000 1.000000 0.000000
1.000000 -0.000137 0.000000 -0.005485 0.000137 1.000000 0.000000 -0.007362 0.000000 0.000000 1.000000 0.000000
1.000000 -0.000092 0.000000 0.000416 0.000092 1.000000 0.000000 -0.007335 0.000000 0.000000 1.000000 0.000000
1.000000 -0.000065 0.000000 -0.000702 0.000065 1.000000 0.000000 -0.012000 0.000000 0.000000 1.000000 0.000000
1.000000 -0.000215 0.000000 -0.001419 0.000215 1.000000 0.000000 -0.006975 0.000000 0.000000 1.000000 0.000000
1.000000 -0.000058 0.000000 -0.002489 0.000058 1.000000 0.000000 -0.003752 0.000000 0.000000 1.000000 0.000000
1.000000 -0.000047 0.000000 -0.004748 0.000047 1.000000 0.000000 -0.001465 0.000000 0.000000 1.000000 0.000000
1.000000 -0.000031 0.000000 -0.000082 0.000031 1.000000 0.000000 0.001181 0.000000 0.000000 1.000000 0.000000
1.000000 0.000097 0.000000 -0.001811 -0.000097 1.000000 0.000000 0.002964 0.000000 0.000000 1.000000 0.000000
1.000000 -0.000162 0.000000 -0.005008 0.000162 1.000000 0.000000 -0.001585 0.000000 0.000000 1.000000 0.000000
1.000000 -0.000080 0.000000 -0.006327 0.000080 1.000000 0.000000 0.001944 0.000000 0.000000 1.000000 0.000000
1.000000 0.000012 0.000000 -0.001384 -0.000012 1.000000 0.000000 0.003550 0.000000 0.000000 1.000000 0.000000
1.000000 0.000065 0.000000 0.002365 -0.000065 1.000000 0.000000 -0.000275 0.000000 0.000000 1.000000 0.000000
1.000000 -0.000141 0.000000 0.001955 0.000141 1.000000 0.000000 0.001763 0.000000 0.000000 1.000000 0.000000
1.000000 -0.000122 0.000000 0.002679 0.000122 1.000000 0.000000 0.000822 0.000000 0.000000 1.000000 0.000000
1.000000 0.000063 0.000000 -0.000080 -0.000063 1.000000 0.000000 -0.003618 0.000000 0.000000 1.000000 0.000000
1.000000 -0.000006 0.000000 -0.001053 0.000006 1.000000 0.000000 0.003118 0.000000 0.000000 1.000000 0.000000
1.000000 0.000091 0.000000 -0.001005 -0.000091 1.000000 0.000000 0.008255 0.000000 0.000000 1.000000 0.000000
1.000000 -0.000058 0.000000 -0.006831 0.000058 1.000000 0.000000 0.004257 0.000000 0.000000 1.000000 0.000000
1.000000 -0.000033 0.000000 -0.014898 0.000033 1.000000 0.000000 0.005555 0.000000 0.000000 1.000000 0.000000
1.000000 -0.000133 0.000000 -0.004761 0.000133 1.000000 0.000000 -0.002150 0.000000 0.000000 1.000000 0.000000
1.000000 -0.000019 0.000000 0.002827 0.000019 1.000000 0.000000 -0.000439 0.000000 0.000000 1.000000 0.000000
1.000000 -0.000031 0.000000 0.005406 0.000031 1.000000 0.000000 -0.001528 0.000000 0.000000 1.000000 0.000000
1.000000 -0.000071 0.000000 -0.004365 0.000071 1.000000 0.000000 0.001434 0.000000 0.000000 1.000000 0.000000
1.000000 -0.000075 0.000000 -0.005526 0.000075 1.000000 0.000000 -0.000010 0.000000 0.000000 1.000000 0.000000
1.000000 -0.000191 0.000000 0.000662 0.000191 1.000000 0.000000 -0.008869 0.000000 0.000000 1.000000 0.000000
1.000000 -0.000135 0.000000 -0.002388 0.000135 1.000000 0.000000 0.001284 0.000000 0.000000 1.000000 0.000000
1.000000 -0.000206 0.000000 -0.008926 0.000206 1.000000 0.000000 0.000291 0.000000 0.000000 1.000000 0.000000
1.000000 -0.000201 0.000000 -0.000325 0.000201 1.000000 0.000000 0.001707 0.000000 0.000000 1.000000 0.000000
1.000000 -0.000249 0.000000 -0.001291 0.000249 1.000000 0.000000 -0.003828 0.000000 0.000000 1.000000 0.000000
1.000000 -0.000116 0.000000 -0.003780 0.000116 1.000000 0.000000 -0.004603 0.000000 0.000000 1.000000 0.000000
1.000000 0.000033 0.000000 0.001402 -0.000033 1.000000 0.000000 -0.008643 0.000000 0.000000 1.000000 0.000000
1.000000 -0.000009 0.000000 0.000522 0.000009 1.000000 0.000000 0.002541 0.000000 0.000000 1.000000 0.000000
1.000000 -0.000012 0.000000 0.003751 0.000012 1.000000 0.000000 0.001005 0.000000 0.000000 1.000000 0.000000
1.000000 0.000050 0.000000 -0.002479 -0.000050 1.000000 0.000000 0.006198 0.000000 0.000000 1.000000 0.000000
1.000000 -0.000029 0.000000 -0.003098 0.000029 1.000000 0.000000 -0.003136 0.000000 0.000000 1.000000 0.000000
1.000000 -0.000100 0.000000 0.002354 0.000100 1.000000 0.000000 0.006995 0.000000 0.000000 1.000000 0.000000
1.000000 -0.000077 0.000000 -0.001436 0.000077 1.000000 0.000000 0.000297 0.000000 0.000000 1.000000 0.000000
1.000000 -0.000037 0.000000 -0.003400 0.000037 1.000000 0.000000 0.006110 0.000000 0.000000 1.000000 0.000000
1.000000 -0.000024 0.000000 -0.005804 0.000024 1.000000 0.000000 -0.004294 0.000000 0.000000 1.000000 0.000000
1.000000 -0.000018 0.000000 -0.010027 0.000018 1.000000 0.000000 0.003753 0.000000 0.000000 1.000000 0.000000
1.000000 -0.000118 0.000000 -0.004545 0.000118 1.000000 0.000000 0.003526 0.000000 0.000000 1.000000 0.000000
1.000000 -0.000268 0.000000 -0.004554 0.000268 1.000000 0.000000 0.003428 0.000000 0.000000 1.000000 0.000000
1.000000 -0.000091 0.000000 -0.009643 0.000091 1.000000 0.000000 0.002920 0.000000 0.000000 1.000000 0.000000
1.000000 0.000067 0.000000 -0.006683 -0.000067 1.000000 0.000000 0.003458 0.000000 0.000000 1.000000 0.000000
1.000000 -0.000112 0.000000 -0.005852 0.000112 1.000000 0.000000 0.001667 0.000000 0.000000 1.000000 0.000000
1.000000 -0.000039 0.000000 -0.003706 0.000039 1.000000 0.000000 0.004631 0.000000 0.000000 1.000000 0.000000
1.000000 -0.000026 0.000000 0.007380 0.000026 1.000000 0.000000 -0.001640 0.000000 0.000000 1.000000 0.000000
1.000000 0.000036 0.000000 -0.006200 -0.000036 1.000000 0.000000 0.004884 0.000000 0.000000 1.000000 0.000000
1.000000 0.000062 0.000000 -0.000794 -0.000062 1.000000 0.000000 -0.003897 0.000000 0.000000 1.000000 0.000000
1.000000 -0.000013 0.000000 -0.001476 0.000013 1.000000 0.000000 0.004982 0.000000 0.000000 1.000000 0.000000
1.000000 -0.000007 0.000000 -0.000764 0.000007 1.000000 0.000000 0.003594 0.000000 0.000000 1.000000 0.000000
1.000000 -0.000186 0.000000 0.001125 0.000186 1.000000 0.000000 -0.001178 0.000000 0.000000 1.000000 0.000000
1.000000 -0.000130 0.000000 0.000482 0.000130 1.000000 0.000000 -0.003138 0.000000 0.000000 1.000000 0.000000
1.000000 -0.000135 0.000000 0.000942 0.000135 1.000000 0.000000 0.005845 0.000000 0.000000 1.000000 0.000000
1.000000 -0.000027 0.000000 0.000005 0.000027 1.000000 0.000000 0.005822 0.000000 0.000000 1.000000 0.000000
1.000000 0.000076 0.000000 -0.001587 -0.000076 1.000000 0.000000 0.004693 0.000000 0.000000 1.000000 0.000000
1.000000 -0.000011 0.000000 -0.001818 0.000011 1.000000 0.000000 0.000551 0.000000 0.000000 1.000000 0.000000
1.000000 0.000054 0.000000 -0.004875 -0.000054 1.000000 0.000000 0.004119 0.000000 0.000000 1.000000 0.000000
1.000000 -0.000051 0.000000 0.000669 0.000051 1.000000 0.000000 -0.000953 0.000000 0.000000 1.000000 0.000000
1.000000 -0.000031 0.000000 -0.010624 0.000031 1.000000 0.000000 0.004289 0.000000 0.000000 1.000000 0.000000
1.000000 0.000044 0.000000 -0.005413 -0.000044 1.000000 0.000000 0.002778 0.000000 0.000000 1.000000 0.000000
1.000000 -0.000024 0.000000 0.007055 0.000024 1.000000 0.000000 0.012161 0.000000 0.000000 1.000000 0.000000
1.000000 0.000068 0.000000 0.003382 -0.000068 1.000000 0.000000 0.002333 0.000000 0.000000 1.000000 0.000000
1.000000 0.000059 0.000000 0.000884 -0.000059 1.000000 0.000000 0.010329 0.000000 0.000000 1.000000 0.000000
1.000000 -0.000006 0.000000 -0.002006 0.000006 1.000000 0.000000 -0.002263 0.000000 0.000000 1.000000 0.000000
1.000000 -0.000101 0.000000 -0.000903 0.000101 1.000000 0.000000 -0.006184 0.000000 0.000000 1.000000 0.000000
1.000000 -0.000165 0.000000 -0.003777 0.000165 1.000000 0.000000 -0.004373 0.000000 0.000000 1.000000 0.000000
1.000000 -0.000119 0.000000 -0.001877 0.000119 1.000000 0.000000 -0.012480 0.000000 0.000000 1.000000 0.000000
1.000000 -0.000042 0.000000 -0.003407 0.000042 1.000000 0.000000 -0.000717 0.000000 0.000000 1.000000 0.000000
1.000000 -0.000260 0.000000 -0.002578 0.000260 1.000000 0.000000 -0.002814 0.000000 0.000000 1.000000 0.000000
1.000000 -0.000153 0.000000 -0.008356 0.000153 1.000000 0.000000 0.000841 0.000000 0.000000 1.000000 0.000000
1.000000 -0.000286 0.000000 -0.005989 0.000286 1.000000 0.000000 0.002128 0.000000 0.000000 1.000000 0.000000
1.000000 -0.000000 0.000000 -0.001466 0.000000 1.000000 0.000000 0.010008 0.000000 0.000000 1.000000 0.000000
1.000000 0.000030 0.000000 0.003913 -0.000030 1.000000 0.000000 -0.003607 0.000000 0.000000 1.000000 0.000000
1.000000 -0.000094 0.000000 0.001763 0.000094 1.000000 0.000000 -0.001648 0.000000 0.000000 1.000000 0.000000
1.000000 0.000031 0.000000 -0.003291 -0.000031 1.000000 0.000000 -0.000571 0.000000 0.000000 1.000000 0.000000
1.000000 -0.000084 0.000000 0.002284 0.000084 1.000000 0.000000 0.000911 0.000000 0.000000 1.000000 0.000000
1.000000 -0.000116 0.000000 0.003137 0.000116 1.000000 0.000000 0.002891 0.000000 0.000000 1.000000 0.000000
1.000000 -0.000147 0.000000 -0.000744 0.000147 1.000000 0.000000 0.000199 0.000000 0.000000 1.000000 0.000000
1.000000 -0.000163 0.000000 -0.002683 0.000163 1.000000 0.000000 0.001470 0.000000 0.000000 1.000000 0.000000
1.000000 -0.000025 0.000000 0.000361 0.000025 1.000000 0.000000 0.005275 0.000000 0.000000 1.000000 0.000000
1.000000 0.000030 0.000000 0.009083 -0.000030 1.000000 0.000000 -0.001221 0.000000 0.000000 1.000000 0.000000
1.000000 -0.000001 0.000000 0.004718 0.000001 1.000000 0.000000 0.002827 0.000000 0.000000 1.000000 0.000000
1.000000 -0.000062 0.000000 0.000383 0.000062 1.000000 0.000000 0.000013 0.000000 0.000000 1.000000 0.000000
1.000000 -0.000018 0.000000 0.001637 0.000018 1.000000 0.000000 0.004908 0.000000 0.000000 1.000000 0.000000
1.000000 -0.000101 0.000000 0.002542 0.000101 1.000000 0.000000 0.000813 0.000000 0.000000 1.000000 0.000000
1.000000 0.000034 0.000000 0.003356 -0.000034 1.000000 0.000000 0.001457 0.000000 0.000000 1.000000 0.000000
1.000000 -0.000052 0.000000 -0.001988 0.000052 1.000000 0.000000 -0.009268 0.000000 0.000000 1.000000 0.000000
1.000000 0.000035 0.000000 -0.009431 -0.000035 1.000000 0.000000 0.005140 0.000000 0.000000 1.000000 0.000000
1.000000 0.000040 0.000000 -0.009093 -0.000040 1.000000 0.000000 0.011465 0.000000 0.000000 1.000000 0.000000
1.000000 -0.000050 0.000000 0.000737 0.000050 1.000000 0.000000 0.004169 0.000000 0.000000 1.000000 0.000000
1.000000 -0.000142 0.000000 -0.000984 0.000142 1.000000 0.000000 0.001699 0.000000 0.000000 1.000000 0.000000
1.000000 -0.000053 0.000000 0.001528 0.000053 1.000000 0.000000 0.002615 0.000000 0.000000 1.000000 0.000000
1.000000 0.000000 0.000000 0.002950 -0.000000 1.000000 0.000000 0.002043 0.000000 0.000000 1.000000 0.000000
1.000000 -0.000075 0.000000 -0.003687 0.000075 1.000000 0.000000 0.001552 0.000000 0.000000 1.000000 0.000000
1.000000 -0.000127 0.000000 -0.004312 0.000127 1.000000 0.000000 -0.007085 0.000000 0.000000 1.000000 0.000000
1.000000 -0.000214 0.000000 -0.002397 0.000214 1.000000 0.000000 -0.012423 0.000000 0.000000 1.000000 0.000000
1.000000 0.000002 0.000000 0.004444 -0.000002 1.000000 0.000000 0.001352 0.000000 0.000000 1.000000 0.000000
1.000000 0.000051 0.000000 0.002817 -0.000051 1.000000 0.000000 0.002510 0.000000 0.000000 1.000000 0.000000
1.000000 0.000101 0.000000 -0.003484 -0.000101 1.000000 0.000000 0.002864 0.000000 0.000000 1.000000 0.000000
1.000000 0.000166 0.000000 -0.001532 -0.000166 1.000000 0.000000 -0.002208 0.000000 0.000000 1.000000 0.000000
1.000000 0.000015 0.000000 -0.010440 -0.000015 1.000000 0.000000 0.001761 0.000000 0.000000 1.000000 0.000000
1.000000 -0.000211 0.000000 -0.003670 0.000211 1.000000 0.000000 -0.001297 0.000000 0.000000 1.000000 0.000000
1.000000 -0.000392 0.000000 -0.006754 0.000392 1.000000 0.000000 -0.006359 0.000000 0.000000 1.000000 0.000000
1.000000 -0.000480 0.000000 0.017642 0.000480 1.000000 0.000000 -0.011499 0.000000 0.000000 1.000000 0.000000
0.999999 -0.001028 0.000000 0.091009 0.001028 0.999999 0.000000 -0.015200 0.000000 0.000000 1.000000 0.000000
0.999997 -0.002602 0.000000 0.211945 0.002602 0.999997 0.000000 -0.025999 0.000000 0.000000 1.000000 0.000000
0.999965 -0.008345 0.000000 0.384663 0.008345 0.999965 0.000000 0.017708 0.000000 0.000000 1.000000 0.000000
0.999840 -0.017910 0.000000 0.739066 0.017910 0.999840 0.000000 0.063939 0.000000 0.000000 1.000000 0.000000
0.999532 -0.030601 0.000000 1.191874 0.030601 0.999532 0.000000 0.078833 0.000000 0.000000 1.000000 0.000000
0.998992 -0.044890 0.000000 1.764134 0.044890 0.998992 0.000000 0.146837 0.000000 0.000000 1.000000 0.000000
0.998136 -0.061036 0.000000 2.411279 0.061036 0.998136 0.000000 0.176868 0.000000 0.000000 1.000000 0.000000
0.997010 -0.077268 0.000000 3.169715 0.077268 0.997010 0.000000 0.249774 0.000000 0.000000 1.000000 0.000000
0.995777 -0.091802 0.000000 4.112752 0.091802 0.995777 0.000000 0.326676 0.000000 0.000000 1.000000 0.000000
0.994657 -0.103237 0.000000 5.105417 0.103237 0.994657 0.000000 0.435094 0.000000 0.000000 1.000000 0.000000
0.994113 -0.108350 0.000000 6.274109 0.108350 0.994113 0.000000 0.538565 0.000000 0.000000 1.000000 0.000000
0.993867 -0.110578 0.000000 7.506456 0.110578 0.993867 0.000000 0.685402 0.000000 0.000000 1.000000 0.000000
0.994178 -0.107747 0.000000 8.902434 0.107747 0.994178 0.000000 0.819107 0.000000 0.000000 1.000000 0.000000
0.994459 -0.105122 0.000000 10.335423 0.105122 0.994459 0.000000 0.970437 0.000000 0.000000 1.000000 0.000000
0.994726 -0.102565 0.000000 11.924070 0.102565 0.994726 0.000000 1.161587 0.000000 0.000000 1.000000 0.000000
0.995107 -0.098798 0.000000 13.728617 0.098798 0.995107 0.000000 1.367017 0.000000 0.000000 1.000000 0.000000
0.995458 -0.095199 0.000000 15.546936 0.095199 0.995458 0.000000 1.522624 0.000000 0.000000 1.000000 0.000000
0.995844 -0.091081 0.000000 17.453390 0.091081 0.995844 0.000000 1.659017 0.000000 0.000000 1.000000 0.000000
0.996247 -0.086556 0.000000 19.466600 0.086556 0.996247 0.000000 1.822621 0.000000 0.000000 1.000000 0.000000
0.996740 -0.080686 0.000000 21.520242 0.080686 0.996740 0.000000 2.014313 0.000000 0.000000 1.000000 0.000000
0.997277 -0.073750 0.000000 23.674910 0.073750 0.997277 0.000000 2.174494 0.000000 0.000000 1.000000 0.000000
0.997729 -0.067357 0.000000 25.810967 0.067357 0.997729 0.000000 2.325585 0.000000 0.000000 1.000000 0.000000
0.998133 -0.061078 0.000000 28.045947 0.061078 0.998133 0.000000 2.429014 0.000000 0.000000 1.000000 0.000000
0.998341 -0.057585 0.000000 30.307536 0.057585 0.998341 0.000000 2.577317 0.000000 0.000000 1.000000 0.000000
0.998462 -0.055437 0.000000 32.612344 0.055437 0.998462 0.000000 2.661942 0.000000 0.000000 1.000000 0.000000
0.998479 -0.055137 0.000000 34.947690 0.055137 0.998479 0.000000 2.811386 0.000000 0.000000 1.000000 0.000000
0.998636 -0.052219 0.000000 37.351802 0.052219 0.998636 0.000000 2.921241 0.000000 0.000000 1.000000 0.000000
0.998783 -0.049312 0.000000 39.713036 0.049312 0.998783 0.000000 3.015401 0.000000 0.000000 1.000000 0.000000
0.998945 -0.045925 0.000000 42.099224 0.045925 0.998945 0.000000 3.113006 0.000000 0.000000 1.000000 0.000000
0.999235 -0.039098 0.000000 44.373729 0.039098 0.999235 0.000000 3.213084 0.000000 0.000000 1.000000 0.000000
0.999472 -0.032477 0.000000 46.677642 0.032477 0.999472 0.000000 3.249633 0.000000 0.000000 1.000000 0.000000
0.999663 -0.025952 0.000000 48.925662 0.025952 0.999663 0.000000 3.278321 0.000000 0.000000 1.000000 0.000000
0.999731 -0.023187 0.000000 51.150748 0.023187 0.999731 0.000000 3.336551 0.000000 0.000000 1.000000 0.000000
0.999705 -0.024276 0.000000 53.417576 0.024276 0.999705 0.000000 3.377484 0.000000 0.000000 1.000000 0.000000
0.999688 -0.024963 0.000000 55.671947 0.024963 0.999688 0.000000 3.462092 0.000000 0.000000 1.000000 0.000000
0.999623 -0.027456 0.000000 57.964116 0.027456 0.999623 0.000000 3.504565 0.000000 0.000000 1.000000 0.000000
0.999474 -0.032421 0.000000 60.227250 0.032421 0.999474 0.000000 3.572632 0.000000 0.000000 1.000000 0.000000
0.999208 -0.039789 0.000000 62.511443 0.039789 0.999208 0.000000 3.625510 0.000000 0.000000 1.000000 0.000000
0.998944 -0.045949 0.000000 64.748027 0.045949 0.998944 0.000000 3.706194 0.000000 0.000000 1.000000 0.000000
0.998693 -0.051120 0.000000 66.944047 0.051120 0.998693 0.000000 3.804390 0.000000 0.000000 1.000000 0.000000
0.998335 -0.057682 0.000000 69.210004 0.057682 0.998335 0.000000 3.948455 0.000000 0.000000 1.000000 0.000000
0.997909 -0.064629 0.000000 71.497994 0.064629 0.997909 0.000000 4.120099 0.000000 0.000000 1.000000 0.000000
0.997157 -0.075353 0.000000 73.745523 0.075353 0.997157 0.000000 4.305998 0.000000 0.000000 1.000000 0.000000
0.996600 -0.082395 0.000000 76.063531 0.082395 0.996600 0.000000 4.396516 0.000000 0.000000 1.000000 0.000000
0.995861 -0.090886 0.000000 78.375519 0.090886 0.995861 0.000000 4.586102 0.000000 0.000000 1.000000 0.000000
0.995493 -0.094830 0.000000 80.662142 0.094830 0.995493 0.000000 4.791659 0.000000 0.000000 1.000000 0.000000
0.995388 -0.095936 0.000000 83.029437 0.095936 0.995388 0.000000 5.040913 0.000000 0.000000 1.000000 0.000000
0.996100 -0.088235 0.000000 85.375150 0.088235 0.996100 0.000000 5.296901 0.000000 0.000000 1.000000 0.000000
0.997383 -0.072299 0.000000 87.818798 0.072299 0.997383 0.000000 5.431441 0.000000 0.000000 1.000000 0.000000
0.998414 -0.056301 0.000000 90.229020 0.056301 0.998414 0.000000 5.591924 0.000000 0.000000 1.000000 0.000000
0.999179 -0.040511 0.000000 92.653179 0.040511 0.999179 0.000000 5.641166 0.000000 0.000000 1.000000 0.000000
0.999513 -0.031199 0.000000 95.232744 0.031199 0.999513 0.000000 5.663478 0.000000 0.000000 1.000000 0.000000
0.999682 -0.025222 0.000000 97.811226 0.025222 0.999682 0.000000 5.699204 0.000000 0.000000 1.000000 0.000000
0.999607 -0.028027 0.000000 100.474088 0.028027 0.999607 0.000000 5.808633 0.000000 0.000000 1.000000 0.000000
0.999612 -0.027838 0.000000 103.033876 0.027838 0.999612 0.000000 5.900802 0.000000 0.000000 1.000000 0.000000
0.999573 -0.029214 0.000000 105.702477 0.029214 0.999573 0.000000 5.931593 0.000000 0.000000 1.000000 0.000000
0.999535 -0.030477 0.000000 108.412868 0.030477 0.999535 0.000000 6.024494 0.000000 0.000000 1.000000 0.000000
0.999423 -0.033961 0.000000 111.072566 0.033961 0.999423 0.000000 6.140777 0.000000 0.000000 1.000000 0.000000
0.999310 -0.037130 0.000000 113.797169 0.037130 0.999310 0.000000 6.210479 0.000000 0.000000 1.000000 0.000000
0.999172 -0.040680 0.000000 116.541038 0.040680 0.999172 0.000000 6.262267 0.000000 0.000000 1.000000 0.000000
0.999087 -0.042718 0.000000 119.204033 0.042718 0.999087 0.000000 6.396642 0.000000 0.000000 1.000000 0.000000
0.999035 -0.043932 0.000000 121.868849 0.043932 0.999035 0.000000 6.453931 0.000000 0.000000 1.000000 0.000000
0.998948 -0.045857 0.000000 124.497724 0.045857 0.998948 0.000000 6.613638 0.000000 0.000000 1.000000 0.000000
0.998868 -0.047572 0.000000 127.141709 0.047572 0.998868 0.000000 6.731808 0.000000 0.000000 1.000000 0.000000
0.998791 -0.049163 0.000000 129.739908 0.049163 0.998791 0.000000 6.879243 0.000000 0.000000 1.000000 0.000000
0.998679 -0.051381 0.000000 132.420896 0.051381 0.998679 0.000000 7.024540 0.000000 0.000000 1.000000 0.000000
0.998639 -0.052151 0.000000 135.017677 0.052151 0.998639 0.000000 7.212149 0.000000 0.000000 1.000000 0.000000
0.998542 -0.053975 0.000000 137.689226 0.053975 0.998542 0.000000 7.314603 0.000000 0.000000 1.000000 0.000000
0.998271 -0.058773 0.000000 140.334938 0.058773 0.998271 0.000000 7.389450 0.000000 0.000000 1.000000 0.000000
0.998061 -0.062242 0.000000 142.973060 0.062242 0.998061 0.000000 7.537740 0.000000 0.000000 1.000000 0.000000
0.997973 -0.063638 0.000000 145.612809 0.063638 0.997973 0.000000 7.675824 0.000000 0.000000 1.000000 0.000000
0.997854 -0.065473 0.000000 148.253474 0.065473 0.997854 0.000000 7.790825 0.000000 0.000000 1.000000 0.000000
0.997648 -0.068547 0.000000 150.993096 0.068547 0.997648 0.000000 7.936273 0.000000 0.000000 1.000000 0.000000
0.997439 -0.071519 0.000000 153.583516 0.071519 0.997439 0.000000 8.105145 0.000000 0.000000 1.000000 0.000000
0.997349 -0.072762 0.000000 156.223362 0.072762 0.997349 0.000000 8.321940 0.000000 0.000000 1.000000 0.000000
0.997236 -0.074300 0.000000 158.863329 0.074300 0.997236 0.000000 8.529682 0.000000 0.000000 1.000000 0.000000
0.997048 -0.076785 0.000000 161.529098 0.076785 0.997048 0.000000 8.699216 0.000000 0.000000 1.000000 0.000000
0.996950 -0.078044 0.000000 164.113072 0.078044 0.996950 0.000000 8.953996 0.000000 0.000000 1.000000 0.000000
0.996854 -0.079259 0.000000 166.726113 0.079259 0.996854 0.000000 9.135311 0.000000 0.000000 1.000000 0.000000
0.996687 -0.081332 0.000000 169.328203 0.081332 0.996687 0.000000 9.328028 0.000000 0.000000 1.000000 0.000000
0.996544 -0.083072 0.000000 171.903892 0.083072 0.996544 0.000000 9.569016 0.000000 0.000000 1.000000 0.000000
0.996390 -0.084891 0.000000 174.530986 0.084891 0.996390 0.000000 9.786446 0.000000 0.000000 1.000000 0.000000
0.996238 -0.086657 0.000000 177.059193 0.086657 0.996238 0.000000 9.995174 0.000000 0.000000 1.000000 0.000000
0.996181 -0.087316 0.000000 179.606831 0.087316 0.996181 0.000000 10.269381 0.000000 0.000000 1.000000 0.000000
0.995935 -0.090077 0.000000 182.200663 0.090077 0.995935 0.000000 10.480582 0.000000 0.000000 1.000000 0.000000
0.995764 -0.091944 0.000000 184.732965 0.091944 0.995764 0.000000 10.683003 0.000000 0.000000 1.000000 0.000000
0.995696 -0.092679 0.000000 187.268821 0.092679 0.995696 0.000000 10.913054 0.000000 0.000000 1.000000 0.000000
0.995392 -0.095894 0.000000 189.842313 0.095894 0.995392 0.000000 11.128966 0.000000 0.000000 1.000000 0.000000
0.994870 -0.101164 0.000000 192.294602 0.101164 0.994870 0.000000 11.353438 0.000000 0.000000 1.000000 0.000000
0.994121 -0.108277 0.000000 194.770868 0.108277 0.994121 0.000000 11.645039 0.000000 0.000000 1.000000 0.000000
0.993122 -0.117087 0.000000 197.164801 0.117087 0.993122 0.000000 11.914933 0.000000 0.000000 1.000000 0.000000
0.991594 -0.129385 0.000000 199.639171 0.129385 0.991594 0.000000 12.161054 0.000000 0.000000 1.000000 0.000000
0.990159 -0.139947 0.000000 202.071683 0.139947 0.990159 0.000000 12.458156 0.000000 0.000000 1.000000 0.000000
0.988786 -0.149337 0.000000 204.365689 0.149337 0.988786 0.000000 12.850503 0.000000 0.000000 1.000000 0.000000
0.987514 -0.157533 0.000000 206.659761 0.157533 0.987514 0.000000 13.172123 0.000000 0.000000 1.000000 0.000000
0.985999 -0.166754 0.000000 208.863902 0.166754 0.985999 0.000000 13.653449 0.000000 0.000000 1.000000 0.000000
0.985221 -0.171287 0.000000 211.162921 0.171287 0.985221 0.000000 14.050610 0.000000 0.000000 1.000000 0.000000
0.984309 -0.176454 0.000000 213.349755 0.176454 0.984309 0.000000 14.443411 0.000000 0.000000 1.000000 0.000000
0.983589 -0.180425 0.000000 215.466540 0.180425 0.983589 0.000000 14.850099 0.000000 0.000000 1.000000 0.000000
0.983277 -0.182118 0.000000 217.724627 0.182118 0.983277 0.000000 15.253287 0.000000 0.000000 1.000000 0.000000
0.982827 -0.184528 0.000000 219.869639 0.184528 0.982827 0.000000 15.671780 0.000000 0.000000 1.000000 0.000000
0.981885 -0.189475 0.000000 222.075285 0.189475 0.981885 0.000000 16.031456 0.000000 0.000000 1.000000 0.000000
0.980948 -0.194270 0.000000 224.171324 0.194270 0.980948 0.000000 16.519582 0.000000 0.000000 1.000000 0.000000
0.979002 -0.203853 0.000000 226.280861 0.203853 0.979002 0.000000 16.951117 0.000000 0.000000 1.000000 0.000000
0.977564 -0.210638 0.000000 228.403425 0.210638 0.977564 0.000000 17.409853 0.000000 0.000000 1.000000 0.000000
0.976155 -0.217076 0.000000 230.456260 0.217076 0.976155 0.000000 17.853486 0.000000 0.000000 1.000000 0.000000
0.975074 -0.221882 0.000000 232.534904 0.221882 0.975074 0.000000 18.336291 0.000000 0.000000 1.000000 0.000000
0.973989 -0.226594 0.000000 234.594522 0.226594 0.973989 0.000000 18.854256 0.000000 0.000000 1.000000 0.000000
0.973914 -0.226918 0.000000 236.591488 0.226918 0.973914 0.000000 19.295246 0.000000 0.000000 1.000000 0.000000
0.973786 -0.227466 0.000000 238.627592 0.227466 0.973786 0.000000 19.767829 0.000000 0.000000 1.000000 0.000000
0.974407 -0.224793 0.000000 240.608443 0.224793 0.974407 0.000000 20.231316 0.000000 0.000000 1.000000 0.000000
0.976795 -0.214176 0.000000 242.604583 0.214176 0.976795 0.000000 20.724468 0.000000 0.000000 1.000000 0.000000
0.979531 -0.201294 0.000000 244.649461 0.201294 0.979531 0.000000 21.079799 0.000000 0.000000 1.000000 0.000000
0.982136 -0.188171 0.000000 246.711310 0.188171 0.982136 0.000000 21.470494 0.000000 0.000000 1.000000 0.000000
0.984119 -0.177513 0.000000 248.865872 0.177513 0.984119 0.000000 21.885481 0.000000 0.000000 1.000000 0.000000
0.986443 -0.164102 0.000000 250.897795 0.164102 0.986443 0.000000 22.186276 0.000000 0.000000 1.000000 0.000000
0.987724 -0.156208 0.000000 252.972200 0.156208 0.987724 0.000000 22.439961 0.000000 0.000000 1.000000 0.000000
0.988463 -0.151461 0.000000 255.085893 0.151461 0.988463 0.000000 22.747166 0.000000 0.000000 1.000000 0.000000
0.988882 -0.148705 0.000000 257.241057 0.148705 0.988882 0.000000 23.031027 0.000000 0.000000 1.000000 0.000000
0.989133 -0.147024 0.000000 259.360804 0.147024 0.989133 0.000000 23.380896 0.000000 0.000000 1.000000 0.000000
0.989007 -0.147869 0.000000 261.500415 0.147869 0.989007 0.000000 23.691411 0.000000 0.000000 1.000000 0.000000
0.989154 -0.146883 0.000000 263.761417 0.146883 0.989154 0.000000 23.991583 0.000000 0.000000 1.000000 0.000000
0.988963 -0.148166 0.000000 266.035802 0.148166 0.988963 0.000000 24.318496 0.000000 0.000000 1.000000 0.000000
0.988792 -0.149302 0.000000 268.283447 0.149302 0.988792 0.000000 24.669519 0.000000 0.000000 1.000000 0.000000
0.988544 -0.150936 0.000000 270.548208 0.150936 0.988544 0.000000 24.928395 0.000000 0.000000 1.000000 0.000000
0.988497 -0.151237 0.000000 272.861251 0.151237 0.988497 0.000000 25.288710 0.000000 0.000000 1.000000 0.000000
0.988349 -0.152206 0.000000 275.140913 0.152206 0.988349 0.000000 25.646749 0.000000 0.000000 1.000000 0.000000
0.988559 -0.150837 0.000000 277.421530 0.150837 0.988559 0.000000 25.983840 0.000000 0.000000 1.000000 0.000000
0.988965 -0.148150 0.000000 279.732419 0.148150 0.988965 0.000000 26.245482 0.000000 0.000000 1.000000 0.000000
0.989236 -0.146327 0.000000 282.020400 0.146327 0.989236 0.000000 26.582227 0.000000 0.000000 1.000000 0.000000
0.989506 -0.144491 0.000000 284.238115 0.144491 0.989506 0.000000 26.879629 0.000000 0.000000 1.000000 0.000000
0.989942 -0.141470 0.000000 286.414185 0.141470 0.989942 0.000000 27.206665 0.000000 0.000000 1.000000 0.000000
0.990405 -0.138195 0.000000 288.655444 0.138195 0.990405 0.000000 27.459454 0.000000 0.000000 1.000000 0.000000
0.990745 -0.135736 0.000000 290.843492 0.135736 0.990745 0.000000 27.780327 0.000000 0.000000 1.000000 0.000000
0.991287 -0.131718 0.000000 293.073954 0.131718 0.991287 0.000000 28.049918 0.000000 0.000000 1.000000 0.000000
0.991781 -0.127951 0.000000 295.282610 0.127951 0.991781 0.000000 28.284304 0.000000 0.000000 1.000000 0.000000
0.992087 -0.125549 0.000000 297.454338 0.125549 0.992087 0.000000 28.461989 0.000000 0.000000 1.000000 0.000000
0.992472 -0.122469 0.000000 299.588779 0.122469 0.992472 0.000000 28.756652 0.000000 0.000000 1.000000 0.000000
0.993050 -0.117693 0.000000 301.715139 0.117693 0.993050 0.000000 29.065566 0.000000 0.000000 1.000000 0.000000
0.993232 -0.116151 0.000000 303.893201 0.116151 0.993232 0.000000 29.306928 0.000000 0.000000 1.000000 0.000000
0.993441 -0.114349 0.000000 306.054947 0.114349 0.993441 0.000000 29.526376 0.000000 0.000000 1.000000 0.000000
0.993927 -0.110045 0.000000 308.180572 0.110045 0.993927 0.000000 29.721875 0.000000 0.000000 1.000000 0.000000
0.994140 -0.108102 0.000000 310.295481 0.108102 0.994140 0.000000 29.980771 0.000000 0.000000 1.000000 0.000000
0.994394 -0.105740 0.000000 312.425135 0.105740 0.994394 0.000000 30.216547 0.000000 0.000000 1.000000 0.000000
0.994585 -0.103930 0.000000 314.583389 0.103930 0.994585 0.000000 30.438612 0.000000 0.000000 1.000000 0.000000
0.994854 -0.101320 0.000000 316.755635 0.101320 0.994854 0.000000 30.611775 0.000000 0.000000 1.000000 0.000000
0.995172 -0.098144 0.000000 318.919607 0.098144 0.995172 0.000000 30.752549 0.000000 0.000000 1.000000 0.000000
0.995301 -0.096834 0.000000 321.082181 0.096834 0.995301 0.000000 30.957653 0.000000 0.000000 1.000000 0.000000
0.995561 -0.094119 0.000000 323.263221 0.094119 0.995561 0.000000 31.173264 0.000000 0.000000 1.000000 0.000000
0.995653 -0.093143 0.000000 325.442405 0.093143 0.995653 0.000000 31.365670 0.000000 0.000000 1.000000 0.000000
0.995695 -0.092690 0.000000 327.595756 0.092690 0.995695 0.000000 31.569884 0.000000 0.000000 1.000000 0.000000
0.995783 -0.091741 0.000000 329.844479 0.091741 0.995783 0.000000 31.708604 0.000000 0.000000 1.000000 0.000000
0.995771 -0.091868 0.000000 332.074949 0.091868 0.995771 0.000000 31.954163 0.000000 0.000000 1.000000 0.000000
0.995806 -0.091487 0.000000 334.351027 0.091487 0.995806 0.000000 32.184684 0.000000 0.000000 1.000000 0.000000
0.995840 -0.091122 0.000000 336.622931 0.091122 0.995840 0.000000 32.330258 0.000000 0.000000 1.000000 0.000000
0.995741 -0.092198 0.000000 338.901267 0.092198 0.995741 0.000000 32.466187 0.000000 0.000000 1.000000 0.000000
0.995814 -0.091403 0.000000 341.208417 0.091403 0.995814 0.000000 32.716556 0.000000 0.000000 1.000000 0.000000
0.995889 -0.090577 0.000000 343.537846 0.090577 0.995889 0.000000 32.938214 0.000000 0.000000 1.000000 0.000000
0.995952 -0.089882 0.000000 345.798835 0.089882 0.995952 0.000000 33.145604 0.000000 0.000000 1.000000 0.000000
0.996174 -0.087392 0.000000 348.091688 0.087392 0.996174 0.000000 33.316184 0.000000 0.000000 1.000000 0.000000
0.996275 -0.086232 0.000000 350.458669 0.086232 0.996275 0.000000 33.507650 0.000000 0.000000 1.000000 0.000000
0.996777 -0.080219 0.000000 352.845635 0.080219 0.996777 0.000000 33.728718 0.000000 0.000000 1.000000 0.000000
0.997314 -0.073248 0.000000 355.121065 0.073248 0.997314 0.000000 33.907195 0.000000 0.000000 1.000000 0.000000
0.997878 -0.065107 0.000000 357.537493 0.065107 0.997878 0.000000 34.013885 0.000000 0.000000 1.000000 0.000000
0.998525 -0.054296 0.000000 359.920825 0.054296 0.998525 0.000000 34.185698 0.000000 0.000000 1.000000 0.000000
0.999100 -0.042425 0.000000 362.341062 0.042425 0.999100 0.000000 34.276582 0.000000 0.000000 1.000000 0.000000
0.999440 -0.033472 0.000000 364.741666 0.033472 0.999440 0.000000 34.344632 0.000000 0.000000 1.000000 0.000000
0.999685 -0.025108 0.000000 367.187708 0.025108 0.999685 0.000000 34.400988 0.000000 0.000000 1.000000 0.000000
0.999823 -0.018836 0.000000 369.587934 0.018836 0.999823 0.000000 34.405150 0.000000 0.000000 1.000000 0.000000
0.999902 -0.014026 0.000000 372.019062 0.014026 0.999902 0.000000 34.458327 0.000000 0.000000 1.000000 0.000000
0.999940 -0.010923 0.000000 374.420150 0.010923 0.999940 0.000000 34.500303 0.000000 0.000000 1.000000 0.000000
0.999951 -0.009916 0.000000 376.854228 0.009916 0.999951 0.000000 34.507595 0.000000 0.000000 1.000000 0.000000
0.999941 -0.010863 0.000000 379.354091 0.010863 0.999941 0.000000 34.519722 0.000000 0.000000 1.000000 0.000000
0.999913 -0.013196 0.000000 381.858135 0.013196 0.999913 0.000000 34.560824 0.000000 0.000000 1.000000 0.000000
0.999868 -0.016220 0.000000 384.341012 0.016220 0.999868 0.000000 34.570338 0.000000 0.000000 1.000000 0.000000
0.999757 -0.022029 0.000000 386.853686 0.022029 0.999757 0.000000 34.592753 0.000000 0.000000 1.000000 0.000000
0.999511 -0.031272 0.000000 389.337948 0.031272 0.999511 0.000000 34.666954 0.000000 0.000000 1.000000 0.000000
0.999178 -0.040542 0.000000 391.793965 0.040542 0.999178 0.000000 34.757039 0.000000 0.000000 1.000000 0.000000
0.998780 -0.049386 0.000000 394.287786 0.049386 0.998780 0.000000 34.891892 0.000000 0.000000 1.000000 0.000000
0.998422 -0.056156 0.000000 396.781646 0.056156 0.998422 0.000000 35.001019 0.000000 0.000000 1.000000 0.000000
0.998013 -0.063011 0.000000 399.211917 0.063011 0.998013 0.000000 35.114709 0.000000 0.000000 1.000000 0.000000
0.997923 -0.064424 0.000000 401.602600 0.064424 0.997923 0.000000 35.294087 0.000000 0.000000 1.000000 0.000000
0.997862 -0.065358 0.000000 403.978580 0.065358 0.997862 0.000000 35.380713 0.000000 0.000000 1.000000 0.000000
0.997924 -0.064400 0.000000 406.381501 0.064400 0.997924 0.000000 35.552309 0.000000 0.000000 1.000000 0.000000
0.997978 -0.063563 0.000000 408.728669 0.063563 0.997978 0.000000 35.689822 0.000000 0.000000 1.000000 0.000000
0.997895 -0.064851 0.000000 410.987882 0.064851 0.997895 0.000000 35.790414 0.000000 0.000000 1.000000 0.000000
0.997678 -0.068108 0.000000 413.212958 0.068108 0.997678 0.000000 35.961208 0.000000 0.000000 1.000000 0.000000
0.997363 -0.072577 0.000000 415.338754 0.072577 0.997363 0.000000 36.075999 0.000000 0.000000 1.000000 0.000000
0.996941 -0.078153 0.000000 417.424931 0.078153 0.996941 0.000000 36.266150 0.000000 0.000000 1.000000 0.000000
0.996504 -0.083541 0.000000 419.467498 0.083541 0.996504 0.000000 36.389866 0.000000 0.000000 1.000000 0.000000
0.996078 -0.088480 0.000000 421.477521 0.088480 0.996078 0.000000 36.550983 0.000000 0.000000 1.000000 0.000000
0.995764 -0.091942 0.000000 423.443094 0.091942 0.995764 0.000000 36.716080 0.000000 0.000000 1.000000 0.000000
0.995439 -0.095401 0.000000 425.368725 0.095401 0.995439 0.000000 36.884090 0.000000 0.000000 1.000000 0.000000
0.995340 -0.096432 0.000000 427.171525 0.096432 0.995340 0.000000 37.053358 0.000000 0.000000 1.000000 0.000000
0.995691 -0.092735 0.000000 428.930257 0.092735 0.995691 0.000000 37.248803 0.000000 0.000000 1.000000 0.000000
0.996221 -0.086855 0.000000 430.638566 0.086855 0.996221 0.000000 37.352248 0.000000 0.000000 1.000000 0.000000
0.996898 -0.078701 0.000000 432.253311 0.078701 0.996898 0.000000 37.463513 0.000000 0.000000 1.000000 0.000000
0.997965 -0.063768 0.000000 433.755838 0.063768 0.997965 0.000000 37.573354 0.000000 0.000000 1.000000 0.000000
0.999239 -0.038996 0.000000 435.188036 0.038996 0.999239 0.000000 37.633610 0.000000 0.000000 1.000000 0.000000
0.999998 0.001760 0.000000 436.501609 -0.001760 0.999998 0.000000 37.627552 0.000000 0.000000 1.000000 0.000000
0.998060 0.062255 0.000000 437.771226 -0.062255 0.998060 0.000000 37.427616 0.000000 0.000000 1.000000 0.000000
0.991860 0.127333 0.000000 439.019907 -0.127333 0.991860 0.000000 37.226950 0.000000 0.000000 1.000000 0.000000
0.981321 0.192379 0.000000 440.131917 -0.192379 0.981321 0.000000 36.905032 0.000000 0.000000 1.000000 0.000000
0.965604 0.260016 0.000000 441.118336 -0.260016 0.965604 0.000000 36.609972 0.000000 0.000000 1.000000 0.000000
0.945303 0.326192 0.000000 442.105332 -0.326192 0.945303 0.000000 36.224488 0.000000 0.000000 1.000000 0.000000
0.920917 0.389758 0.000000 442.956907 -0.389758 0.920917 0.000000 35.759894 0.000000 0.000000 1.000000 0.000000
0.891037 0.453930 0.000000 443.707487 -0.453930 0.891037 0.000000 35.323039 0.000000 0.000000 1.000000 0.000000
0.856127 0.516765 0.000000 444.409797 -0.516765 0.856127 0.000000 34.838365 0.000000 0.000000 1.000000 0.000000
0.816392 0.577499 0.000000 445.065479 -0.577499 0.816392 0.000000 34.334048 0.000000 0.000000 1.000000 0.000000
0.766121 0.642697 0.000000 445.682167 -0.642697 0.766121 0.000000 33.847475 0.000000 0.000000 1.000000 0.000000
0.705912 0.708299 0.000000 446.210593 -0.708299 0.705912 0.000000 33.183014 0.000000 0.000000 1.000000 0.000000
0.637229 0.770674 0.000000 446.701492 -0.770674 0.637229 0.000000 32.503638 0.000000 0.000000 1.000000 0.000000
0.559368 0.828919 0.000000 447.061538 -0.828919 0.559368 0.000000 31.799417 0.000000 0.000000 1.000000 0.000000
0.473855 0.880603 0.000000 447.377128 -0.880603 0.473855 0.000000 31.059666 0.000000 0.000000 1.000000 0.000000
0.378377 0.925651 0.000000 447.642181 -0.925651 0.378377 0.000000 30.288623 0.000000 0.000000 1.000000 0.000000
0.272752 0.962084 0.000000 447.765058 -0.962084 0.272752 0.000000 29.483858 0.000000 0.000000 1.000000 0.000000
0.156133 0.987736 0.000000 447.831577 -0.987736 0.156133 0.000000 28.578376 0.000000 0.000000 1.000000 0.000000
0.034558 0.999403 0.000000 447.797815 -0.999403 0.034558 0.000000 27.678341 0.000000 0.000000 1.000000 0.000000
-0.090359 0.995909 0.000000 447.642211 -0.995909 -0.090359 0.000000 26.732602 0.000000 0.000000 1.000000 0.000000
-0.213131 0.977024 0.000000 447.375470 -0.977024 -0.213131 0.000000 25.724559 0.000000 0.000000 1.000000 0.000000
-0.330075 0.943955 0.000000 446.922919 -0.943955 -0.330075 0.000000 24.793061 0.000000 0.000000 1.000000 0.000000
