-0.797006 0.603939 -0.006271 353887.750561 -0.603910 -0.796731 0.022636 4026221.838817 0.008674 0.021829 0.999724 0.000000
-0.795617 0.605760 -0.006885 353887.502531 -0.605747 -0.795348 0.022193 4026221.660652 0.007968 0.021828 0.999730 0.000000
-0.794237 0.607565 -0.007262 353887.221566 -0.607556 -0.793952 0.022720 4026221.455731 0.008038 0.022457 0.999715 0.000000
-0.792820 0.609407 -0.007739 353886.905797 -0.609402 -0.792518 0.023327 4026221.221586 0.008082 0.023210 0.999698 0.000000
-0.791432 0.611209 -0.007675 353886.552774 -0.611198 -0.791117 0.023902 4026220.956715 0.008537 0.023608 0.999685 0.000000
-0.790231 0.612763 -0.007488 353886.157386 -0.612748 -0.789923 0.023703 4026220.656054 0.008610 0.023319 0.999691 0.000000
-0.788802 0.614601 -0.007572 353885.718339 -0.614588 -0.788496 0.023559 4026220.319189 0.008509 0.023237 0.999694 0.000000
-0.787319 0.616490 -0.008319 353885.229348 -0.616487 -0.786985 0.024455 4026219.939091 0.008529 0.024382 0.999666 0.000000
-0.786033 0.618114 -0.009368 353884.689113 -0.618126 -0.785658 0.025732 4026219.515906 0.008545 0.026016 0.999625 0.000000
-0.784778 0.619671 -0.011461 353884.094217 -0.619736 -0.784377 0.026089 4026219.045708 0.007177 0.027577 0.999594 0.000000
-0.783459 0.621317 -0.012531 353883.439843 -0.621400 -0.783005 0.027668 4026218.524174 0.007379 0.029464 0.999539 0.000000
-0.782324 0.622694 -0.014864 353882.728594 -0.622844 -0.781842 0.028081 4026217.952859 0.005865 0.031227 0.999495 0.000000
-0.781699 0.623441 -0.016367 353881.961644 -0.623636 -0.781194 0.028527 4026217.337875 0.005000 0.032506 0.999459 0.000000
-0.781875 0.623184 -0.017736 353881.140420 -0.623422 -0.781350 0.028924 4026216.683538 0.004167 0.033671 0.999424 0.000000
-0.781650 0.623435 -0.018747 353880.262380 -0.623706 -0.781110 0.029289 4026215.982809 0.003616 0.034586 0.999395 0.000000
-0.781760 0.623295 -0.018829 353879.331144 -0.623571 -0.781236 0.028822 4026215.240210 0.003255 0.034273 0.999407 0.000000
-0.781714 0.623371 -0.018189 353878.344937 -0.623627 -0.781209 0.028304 4026214.453654 0.003434 0.033469 0.999434 0.000000
-0.781531 0.623586 -0.018700 353877.295573 -0.623860 -0.781041 0.027808 4026213.615684 0.002735 0.033399 0.999438 0.000000
-0.781728 0.623363 -0.017900 353876.195677 -0.623614 -0.781272 0.026835 4026212.738096 0.002743 0.032141 0.999480 0.000000
-0.781331 0.623872 -0.017473 353875.041413 -0.624110 -0.780880 0.026721 4026211.813802 0.003026 0.031783 0.999490 0.000000
-0.780971 0.624289 -0.018619 353873.829720 -0.624565 -0.780543 0.025902 4026210.842433 0.001637 0.031858 0.999491 0.000000
-0.780880 0.624390 -0.019090 353872.567095 -0.624681 -0.780510 0.024016 4026209.829179 0.000095 0.030679 0.999529 0.000000
-0.780776 0.624534 -0.018621 353871.251987 -0.624811 -0.780451 0.022528 4026208.771791 -0.000463 0.029224 0.999573 0.000000
-0.780540 0.624852 -0.017805 353869.884557 -0.625104 -0.780277 0.020312 4026207.669771 -0.001201 0.026985 0.999635 0.000000
-0.780712 0.624638 -0.017786 353868.463830 -0.624887 -0.780486 0.018900 4026206.525584 -0.002076 0.025870 0.999663 0.000000
-0.781082 0.624221 -0.016081 353866.990503 -0.624427 -0.780877 0.017959 4026205.340420 -0.001347 0.024069 0.999709 0.000000
-0.781346 0.623924 -0.014745 353865.473543 -0.624098 -0.781143 0.017826 4026204.122459 -0.000396 0.023131 0.999732 0.000000
-0.781554 0.623706 -0.012849 353863.902095 -0.623838 -0.781388 0.016072 4026202.861060 -0.000016 0.020577 0.999788 0.000000
-0.781871 0.623319 -0.012261 353862.293583 -0.623439 -0.781742 0.014232 4026201.575684 -0.000714 0.018771 0.999824 0.000000
-0.782245 0.622884 -0.010372 353860.644083 -0.622970 -0.782151 0.012175 4026200.260272 -0.000529 0.015985 0.999872 0.000000
-0.782523 0.622508 -0.011873 353858.946822 -0.622620 -0.782424 0.012576 4026198.908985 -0.001461 0.017233 0.999850 0.000000
-0.783193 0.621530 -0.017593 353857.202880 -0.621769 -0.783026 0.016524 4026197.523011 -0.003506 0.023881 0.999709 0.000000
-0.783791 0.620852 -0.014627 353855.394284 -0.621024 -0.783577 0.018328 4026196.087924 -0.000083 0.023449 0.999725 0.000000
-0.784329 0.620115 -0.016884 353853.536642 -0.620335 -0.784180 0.015683 4026194.615112 -0.003515 0.022774 0.999734 0.000000
-0.784660 0.619759 -0.014380 353851.620067 -0.619919 -0.784549 0.013514 4026193.099328 -0.002906 0.019518 0.999805 0.000000
-0.784621 0.619844 -0.012783 353849.670113 -0.619976 -0.784471 0.015326 4026191.558948 -0.000528 0.019950 0.999801 0.000000
-0.784006 0.620560 -0.015502 353847.685784 -0.620718 -0.783984 0.008882 4026189.989845 -0.006642 0.016586 0.999840 0.000000
-0.783460 0.621279 -0.014263 353845.663909 -0.621424 -0.783406 0.010330 4026188.388520 -0.004756 0.016956 0.999845 0.000000
-0.783027 0.621833 -0.013874 353843.607761 -0.621980 -0.782932 0.012582 4026186.757848 -0.003039 0.018481 0.999825 0.000000
-0.782508 0.622467 -0.014716 353841.528158 -0.622633 -0.782401 0.013331 4026185.104583 -0.003216 0.019594 0.999803 0.000000
-0.782040 0.623119 -0.011661 353839.414385 -0.623228 -0.781927 0.013282 4026183.419935 -0.000842 0.017655 0.999844 0.000000
-0.782303 0.622795 -0.011307 353837.287878 -0.622895 -0.782228 0.011004 4026181.725223 -0.001992 0.015652 0.999876 0.000000
-0.782573 0.622501 -0.008475 353835.152438 -0.622559 -0.782497 0.010884 4026180.026041 0.000144 0.013794 0.999905 0.000000
-0.782797 0.622173 -0.011402 353832.996987 -0.622265 -0.782765 0.008071 4026178.311441 -0.003904 0.013413 0.999902 0.000000
-0.783151 0.621787 -0.007418 353830.824359 -0.621831 -0.783082 0.010417 4026176.584018 0.000668 0.012771 0.999918 0.000000
-0.783396 0.621518 -0.002644 353828.616301 -0.621504 -0.783331 0.011187 4026174.829733 0.004882 0.010407 0.999934 0.000000
-0.783397 0.621519 0.001846 353826.379226 -0.621480 -0.783375 0.009299 4026173.054733 0.007225 0.006138 0.999955 0.000000
-0.783536 0.621335 0.003794 353824.135708 -0.621296 -0.783536 0.007938 4026171.274463 0.007905 0.003863 0.999961 0.000000
-0.783530 0.621325 0.005989 353821.865697 -0.621307 -0.783553 0.004786 4026169.473268 0.007667 0.000029 0.999971 0.000000
-0.783879 0.620908 0.002864 353819.576650 -0.620892 -0.783881 0.004866 4026167.658401 0.005266 0.002036 0.999984 0.000000
-0.783538 0.621315 0.005929 353817.262472 -0.621294 -0.783561 0.005136 4026165.824181 0.007836 0.000341 0.999969 0.000000
-0.783792 0.620976 0.007688 353814.922050 -0.620993 -0.783816 0.000108 4026163.969136 0.006093 -0.004690 0.999970 0.000000
-0.783876 0.620917 0.000682 353812.566393 -0.620908 -0.783857 -0.006410 4026162.103353 -0.003446 -0.005448 0.999979 0.000000
-0.784147 0.620542 -0.006411 353810.178338 -0.620521 -0.784173 -0.005051 4026160.211920 -0.008162 0.000017 0.999967 0.000000
-0.784431 0.620204 -0.003742 353807.786339 -0.620202 -0.784440 -0.001782 4026158.320262 -0.004041 0.000923 0.999991 0.000000
-0.784628 0.619957 0.003429 353805.346496 -0.619948 -0.784635 0.003385 4026156.391633 0.004789 0.000530 0.999988 0.000000
-0.784740 0.619818 0.003054 353802.899130 -0.619798 -0.784742 0.005564 4026154.459322 0.005845 0.002474 0.999980 0.000000
-0.784914 0.619598 -0.002929 353800.455444 -0.619605 -0.784902 0.004389 4026152.530411 0.000421 0.005260 0.999986 0.000000
-0.784959 0.619546 -0.001452 353797.999378 -0.619542 -0.784937 0.006453 4026150.592221 0.002858 0.005965 0.999978 0.000000
-0.784825 0.619713 -0.002475 353795.493467 -0.619717 -0.784813 0.004398 4026148.613885 0.000783 0.004986 0.999987 0.000000
-0.784874 0.619616 -0.006975 353793.002251 -0.619640 -0.784884 0.001752 4026146.647337 -0.004389 0.005697 0.999974 0.000000
-0.784925 0.619547 -0.007423 353790.544298 -0.619583 -0.784920 0.004149 4026144.706533 -0.003256 0.007855 0.999964 0.000000
-0.785153 0.619259 -0.007306 353788.088153 -0.619300 -0.785124 0.006828 4026142.768432 -0.001508 0.009885 0.999950 0.000000
-0.785357 0.618976 -0.009105 353785.615540 -0.619029 -0.785355 0.004629 4026140.818124 -0.004285 0.009271 0.999948 0.000000
-0.785603 0.618701 -0.006100 353783.163587 -0.618731 -0.785574 0.006760 4026138.886653 -0.000609 0.009085 0.999959 0.000000
-0.785746 0.618547 -0.001924 353780.719642 -0.618542 -0.785717 0.007432 4026136.962896 0.003085 0.007029 0.999971 0.000000
-0.785970 0.618250 -0.004282 353778.286348 -0.618264 -0.785959 0.004089 4026135.048797 -0.000837 0.005861 0.999982 0.000000
-0.786061 0.618132 -0.004588 353775.833639 -0.618149 -0.786032 0.006734 4026133.120472 0.000556 0.008130 0.999967 0.000000
-0.785937 0.618305 -0.001817 353773.384534 -0.618304 -0.785921 0.005296 4026131.195708 0.001846 0.005285 0.999984 0.000000
-0.786069 0.618110 -0.005919 353770.943794 -0.618137 -0.786052 0.005335 4026129.275670 -0.001355 0.007853 0.999968 0.000000
-0.785945 0.618273 -0.005370 353768.508753 -0.618296 -0.785904 0.007989 4026127.359938 0.000719 0.009599 0.999954 0.000000
-0.786030 0.618135 -0.008165 353766.051177 -0.618185 -0.786004 0.006776 4026125.425686 -0.002229 0.010374 0.999944 0.000000
-0.785980 0.618214 -0.006897 353763.606418 -0.618252 -0.785939 0.007981 4026123.501029 -0.000487 0.010537 0.999944 0.000000
-0.786080 0.618109 -0.004488 353761.161915 -0.618123 -0.786038 0.008264 4026121.578081 0.001580 0.009270 0.999956 0.000000
-0.786147 0.618031 -0.003390 353758.719179 -0.618032 -0.786097 0.009325 4026119.657373 0.003098 0.009426 0.999951 0.000000
-0.786158 0.618003 -0.005277 353756.265481 -0.618025 -0.786110 0.008787 4026117.726015 0.001282 0.010169 0.999947 0.000000
-0.786376 0.617712 -0.006699 353753.813741 -0.617748 -0.786329 0.008599 4026115.796685 0.000044 0.010901 0.999941 0.000000
-0.786640 0.617363 -0.007795 353751.374968 -0.617411 -0.786601 0.007876 4026113.879579 -0.001269 0.011009 0.999939 0.000000
-0.786931 0.616992 -0.007736 353748.919074 -0.617039 -0.786894 0.007799 4026111.952395 -0.001276 0.010911 0.999940 0.000000
-0.786977 0.616952 -0.006151 353746.436093 -0.616981 -0.786909 0.010411 4026110.005436 0.001583 0.011988 0.999927 0.000000
-0.786933 0.616985 -0.008129 353743.939217 -0.617038 -0.786875 0.009540 4026108.047644 -0.000511 0.012523 0.999921 0.000000
-0.786749 0.617229 -0.007386 353741.446677 -0.617273 -0.786708 0.008091 4026106.093181 -0.000817 0.010925 0.999940 0.000000
-0.786767 0.617181 -0.009194 353738.930333 -0.617247 -0.786722 0.008625 4026104.119334 -0.001910 0.012460 0.999921 0.000000
-0.786661 0.617294 -0.010580 353736.356839 -0.617377 -0.786623 0.008424 4026102.100758 -0.003123 0.013159 0.999909 0.000000
-0.786706 0.617286 -0.007164 353733.816811 -0.617328 -0.786652 0.009249 4026100.108053 0.000073 0.011699 0.999932 0.000000
-0.786665 0.617340 -0.007029 353731.252196 -0.617380 -0.786627 0.007756 4026098.095313 -0.000741 0.010441 0.999945 0.000000
-0.786582 0.617454 -0.006289 353728.680653 -0.617485 -0.786560 0.005933 4026096.077473 -0.001283 0.008551 0.999963 0.000000
-0.786537 0.617519 -0.005499 353726.066735 -0.617543 -0.786500 0.007575 4026094.023811 0.000352 0.009354 0.999956 0.000000
-0.786602 0.617439 -0.005150 353723.441884 -0.617460 -0.786567 0.007409 4026091.962100 0.000524 0.009008 0.999959 0.000000
-0.786675 0.617351 -0.004560 353720.831091 -0.617368 -0.786646 0.006695 4026089.913155 0.000546 0.008082 0.999967 0.000000
-0.786655 0.617384 -0.003262 353718.202315 -0.617390 -0.786628 0.006752 4026087.849490 0.001602 0.007326 0.999972 0.000000
-0.786766 0.617241 -0.003570 353715.517181 -0.617248 -0.786731 0.007655 4026085.742165 0.001916 0.008226 0.999964 0.000000
-0.786696 0.617311 -0.006063 353712.827714 -0.617341 -0.786668 0.006672 4026083.630829 -0.000651 0.008992 0.999959 0.000000
-0.786730 0.617277 -0.005084 353710.156693 -0.617298 -0.786707 0.006015 4026081.534279 -0.000287 0.007871 0.999969 0.000000
-0.786635 0.617419 -0.000401 353707.471614 -0.617408 -0.786618 0.006296 4026079.427234 0.003572 0.005201 0.999980 0.000000
-0.786560 0.617511 -0.001678 353704.728769 -0.617510 -0.786544 0.005489 4026077.274403 0.002069 0.005354 0.999984 0.000000
-0.786339 0.617793 -0.001691 353701.971429 -0.617787 -0.786311 0.007293 4026075.109653 0.003175 0.006779 0.999972 0.000000
-0.786321 0.617796 -0.005235 353699.267109 -0.617818 -0.786294 0.006442 4026072.984772 -0.000137 0.008300 0.999966 0.000000
-0.786238 0.617906 -0.004686 353696.526406 -0.617924 -0.786220 0.005374 4026070.830920 -0.000364 0.007120 0.999975 0.000000
-0.786389 0.617709 -0.005325 353693.752038 -0.617729 -0.786383 0.003623 4026068.651107 -0.001950 0.006138 0.999979 0.000000
-0.786451 0.617602 -0.007907 353691.001114 -0.617640 -0.786453 0.003564 4026066.489585 -0.004018 0.007687 0.999962 0.000000
-0.786572 0.617466 -0.006281 353688.289410 -0.617496 -0.786556 0.005327 4026064.359846 -0.001651 0.008068 0.999966 0.000000
-0.786765 0.617215 -0.006805 353685.571739 -0.617249 -0.786747 0.005664 4026062.226726 -0.001858 0.008657 0.999961 0.000000
-0.786659 0.617343 -0.007418 353682.809075 -0.617387 -0.786602 0.009537 4026060.058250 0.000053 0.012082 0.999927 0.000000
-0.785429 0.618914 -0.006881 353680.060433 -0.618950 -0.785407 0.006032 4026057.895654 -0.001671 0.008997 0.999958 0.000000
-0.783972 0.620780 -0.004482 353677.331075 -0.620792 -0.783972 0.002017 4026055.739958 -0.002261 0.004364 0.999988 0.000000
-0.782562 0.622568 -0.002549 353674.606361 -0.622573 -0.782554 0.003481 4026053.577766 0.000173 0.004311 0.999991 0.000000
-0.781232 0.624233 -0.003236 353671.847062 -0.624240 -0.781230 0.001956 4026051.378106 -0.001307 0.003548 0.999993 0.000000
-0.779994 0.625787 0.000727 353669.095060 -0.625778 -0.779988 0.004548 4026049.175605 0.003413 0.003093 0.999989 0.000000
-0.778538 0.627559 -0.007020 353666.370093 -0.627583 -0.778548 0.001794 4026046.984218 -0.004339 0.005802 0.999974 0.000000
-0.776918 0.629599 -0.002019 353663.665363 -0.629598 -0.776920 -0.001034 4026044.797889 -0.002220 0.000468 0.999997 0.000000
-0.775643 0.631172 0.000306 353660.935728 -0.631172 -0.775642 -0.000596 4026042.579699 -0.000139 -0.000655 1.000000 0.000000
-0.774536 0.632513 -0.004637 353658.237663 -0.632530 -0.774519 0.005153 4026040.379401 -0.000332 0.006925 0.999976 0.000000
-0.773018 0.634373 -0.003754 353655.592773 -0.634373 -0.772956 0.010493 4026038.214091 0.003755 0.010493 0.999938 0.000000
-0.770749 0.637105 -0.006624 353652.958118 -0.637139 -0.770710 0.007768 4026036.044618 -0.000156 0.010207 0.999948 0.000000
-0.768545 0.639754 -0.007320 353650.324489 -0.639795 -0.768512 0.007185 4026033.859880 -0.001029 0.010205 0.999947 0.000000
-0.766414 0.642313 -0.006695 353647.717744 -0.642347 -0.766384 0.006802 4026031.685148 -0.000762 0.009514 0.999954 0.000000
-0.763595 0.645626 -0.009418 353645.159292 -0.645687 -0.763576 0.006261 4026029.531512 -0.003149 0.010862 0.999936 0.000000
-0.760742 0.648930 -0.012701 353642.630865 -0.649048 -0.760676 0.010406 4026027.385240 -0.002908 0.016160 0.999865 0.000000
-0.757866 0.652338 -0.009676 353640.098330 -0.652408 -0.757738 0.014056 4026025.216972 0.001837 0.016965 0.999854 0.000000
-0.754979 0.655705 -0.007616 353637.596578 -0.655747 -0.754894 0.011439 4026023.056478 0.001751 0.013631 0.999906 0.000000
-0.751929 0.659186 -0.008750 353635.136030 -0.659243 -0.751888 0.007958 4026020.909795 -0.001333 0.011752 0.999930 0.000000
-0.748850 0.662722 -0.004756 353632.698204 -0.662728 -0.748778 0.011049 4026018.763312 0.003761 0.011426 0.999928 0.000000
-0.745698 0.666251 -0.006661 353630.262030 -0.666283 -0.745638 0.009539 4026016.599881 0.001389 0.011552 0.999932 0.000000
-0.742952 0.669293 -0.008247 353627.857457 -0.669344 -0.742881 0.010313 4026014.444367 0.000776 0.013182 0.999913 0.000000
-0.742132 0.670218 -0.006936 353625.499390 -0.670250 -0.742052 0.011131 4026012.316208 0.002313 0.012910 0.999914 0.000000
-0.745279 0.666716 -0.006973 353623.155823 -0.666751 -0.745259 0.005652 4026010.208390 -0.001428 0.008862 0.999960 0.000000
-0.748515 0.663081 -0.006969 353620.824192 -0.663117 -0.748485 0.006781 4026008.134222 -0.000720 0.009697 0.999953 0.000000
-0.751820 0.659337 -0.006430 353618.515270 -0.659368 -0.751774 0.008394 4026006.100173 0.000701 0.010551 0.999944 0.000000
-0.755462 0.655185 -0.002982 353616.227878 -0.655174 -0.755401 0.010784 4026004.105627 0.004813 0.010101 0.999937 0.000000
-0.759483 0.650518 -0.003594 353613.939704 -0.650523 -0.759445 0.007910 4026002.133624 0.002417 0.008345 0.999962 0.000000
-0.764111 0.645076 -0.003318 353611.662261 -0.645083 -0.764086 0.006329 4026000.196948 0.001548 0.006977 0.999974 0.000000
-0.768723 0.639580 -0.001579 353609.400516 -0.639568 -0.768687 0.008528 4025998.301086 0.004241 0.007566 0.999962 0.000000
-0.773205 0.634151 -0.002513 353607.152249 -0.634152 -0.773180 0.006645 4025996.443195 0.002271 0.006732 0.999975 0.000000
-0.777161 0.629288 -0.004184 353604.959671 -0.629300 -0.777125 0.007566 4025994.656556 0.001510 0.008512 0.999963 0.000000
-0.778877 0.627146 -0.006262 353602.802867 -0.627177 -0.778838 0.007826 4025992.915052 0.000031 0.010023 0.999950 0.000000
-0.778936 0.627071 -0.006346 353600.705362 -0.627102 -0.778918 0.005523 4025991.227194 -0.001480 0.008281 0.999965 0.000000
-0.778669 0.627392 -0.007318 353598.677161 -0.627424 -0.778670 0.003326 4025989.593211 -0.003612 0.007181 0.999968 0.000000
-0.779835 0.625948 -0.006804 353596.721618 -0.625966 -0.779850 0.000598 4025988.019958 -0.004931 0.004725 0.999977 0.000000
-0.781083 0.624406 -0.005210 353594.832953 -0.624426 -0.781072 0.004247 4025986.507032 -0.001418 0.006570 0.999977 0.000000
-0.781960 0.623311 -0.004636 353593.024372 -0.623328 -0.781939 0.005771 4025985.062380 -0.000028 0.007402 0.999973 0.000000
-0.782294 0.622877 -0.006416 353591.289274 -0.622907 -0.782279 0.005152 4025983.680113 -0.001810 0.008027 0.999966 0.000000
-0.781989 0.623260 -0.006310 353589.640959 -0.623287 -0.781984 0.003726 4025982.366998 -0.002612 0.006847 0.999973 0.000000
-0.781496 0.623890 -0.005134 353588.070481 -0.623908 -0.781490 0.003511 4025981.113281 -0.001822 0.005947 0.999981 0.000000
-0.781157 0.624324 -0.003663 353586.574628 -0.624335 -0.781143 0.004587 4025979.918193 0.000002 0.005870 0.999983 0.000000
-0.780891 0.624658 -0.003572 353585.151771 -0.624668 -0.780882 0.003647 4025978.780008 -0.000511 0.005079 0.999987 0.000000
-0.780493 0.625132 -0.006354 353583.811468 -0.625147 -0.780507 0.000561 4025977.706527 -0.004609 0.004410 0.999980 0.000000
-0.780426 0.625220 -0.005900 353582.538073 -0.625236 -0.780435 0.001252 4025976.685552 -0.003822 0.004666 0.999982 0.000000
-0.780390 0.625279 -0.004204 353581.320979 -0.625293 -0.780380 0.004075 4025975.709233 -0.000733 0.005809 0.999983 0.000000
-0.780252 0.625401 -0.008967 353580.166123 -0.625442 -0.780266 0.002629 4025974.783451 -0.005352 0.007660 0.999956 0.000000
-0.779940 0.625750 -0.011391 353579.088538 -0.625791 -0.779991 0.000043 4025973.918818 -0.008858 0.007162 0.999935 0.000000
-0.779777 0.625950 -0.011586 353578.105883 -0.625993 -0.779829 0.000100 4025973.129440 -0.008973 0.007331 0.999933 0.000000
-0.779490 0.626323 -0.010676 353577.211300 -0.626338 -0.779548 -0.002295 4025972.410878 -0.009760 0.004898 0.999940 0.000000
-0.779440 0.626372 -0.011447 353576.416561 -0.626407 -0.779496 -0.000717 4025971.772773 -0.009372 0.006612 0.999934 0.000000
-0.779489 0.626353 -0.008880 353575.712134 -0.626375 -0.779522 -0.000359 4025971.206517 -0.007147 0.005282 0.999961 0.000000
-0.779403 0.626462 -0.008712 353575.096288 -0.626489 -0.779430 0.000461 4025970.712177 -0.006501 0.005817 0.999962 0.000000
-0.779358 0.626512 -0.009114 353574.571541 -0.626553 -0.779376 0.002241 4025970.290099 -0.005700 0.007457 0.999956 0.000000
-0.779485 0.626382 -0.007008 353574.137818 -0.626411 -0.779487 0.003002 4025969.941555 -0.003582 0.006730 0.999971 0.000000
-0.779512 0.626341 -0.007617 353573.781102 -0.626377 -0.779511 0.003843 4025969.654674 -0.003531 0.007767 0.999964 0.000000
-0.779305 0.626585 -0.008659 353573.497422 -0.626634 -0.779299 0.004770 4025969.427272 -0.003759 0.009143 0.999951 0.000000
-0.779411 0.626451 -0.008792 353573.288251 -0.626501 -0.779406 0.004856 4025969.258610 -0.003811 0.009293 0.999950 0.000000
-0.779349 0.626531 -0.008641 353573.157143 -0.626579 -0.779343 0.004799 4025969.153592 -0.003728 0.009154 0.999951 0.000000
-0.779339 0.626568 -0.006604 353573.079697 -0.626602 -0.779308 0.006905 4025969.090878 -0.000820 0.009520 0.999954 0.000000
-0.779341 0.626568 -0.006272 353573.027971 -0.626600 -0.779303 0.007764 4025969.049964 -0.000023 0.009981 0.999950 0.000000
-0.779326 0.626583 -0.006700 353572.997591 -0.626619 -0.779294 0.007044 4025969.025000 -0.000808 0.009688 0.999953 0.000000
-0.779315 0.626600 -0.006327 353572.990485 -0.626632 -0.779281 0.007264 4025969.019265 -0.000379 0.009626 0.999954 0.000000
-0.779303 0.626621 -0.005675 353572.991223 -0.626647 -0.779264 0.007843 4025969.020025 0.000492 0.009668 0.999953 0.000000
-0.779301 0.626625 -0.005620 353572.991307 -0.626650 -0.779261 0.007867 4025969.020119 0.000550 0.009652 0.999953 0.000000
-0.779298 0.626629 -0.005564 353572.991391 -0.626654 -0.779258 0.007891 4025969.020212 0.000609 0.009636 0.999953 0.000000
-0.779295 0.626633 -0.005508 353572.991475 -0.626657 -0.779255 0.007915 4025969.020306 0.000668 0.009619 0.999954 0.000000
-0.779292 0.626637 -0.005452 353572.991559 -0.626660 -0.779252 0.007939 4025969.020399 0.000726 0.009603 0.999954 0.000000
-0.779289 0.626641 -0.005396 353572.991643 -0.626664 -0.779249 0.007963 4025969.020492 0.000785 0.009587 0.999954 0.000000
-0.779287 0.626645 -0.005340 353572.991727 -0.626667 -0.779246 0.007987 4025969.020586 0.000843 0.009571 0.999954 0.000000
-0.779284 0.626649 -0.005285 353572.991811 -0.626670 -0.779243 0.008011 4025969.020679 0.000902 0.009554 0.999954 0.000000
-0.779281 0.626653 -0.005229 353572.991895 -0.626674 -0.779240 0.008035 4025969.020772 0.000961 0.009538 0.999954 0.000000
-0.779278 0.626657 -0.005173 353572.991979 -0.626677 -0.779237 0.008059 4025969.020866 0.001019 0.009522 0.999954 0.000000
-0.779276 0.626660 -0.005117 353572.992063 -0.626680 -0.779234 0.008083 4025969.020959 0.001078 0.009506 0.999954 0.000000
-0.779275 0.626662 -0.005091 353572.992130 -0.626681 -0.779234 0.008094 4025969.021000 0.001106 0.009498 0.999954 0.000000
-0.779276 0.626660 -0.005087 353572.992183 -0.626680 -0.779235 0.008096 4025969.021000 0.001109 0.009497 0.999954 0.000000
-0.779277 0.626659 -0.005083 353572.992236 -0.626679 -0.779235 0.008097 4025969.021000 0.001113 0.009495 0.999954 0.000000
-0.779278 0.626658 -0.005079 353572.992289 -0.626678 -0.779236 0.008099 4025969.021000 0.001117 0.009494 0.999954 0.000000
-0.779278 0.626657 -0.005076 353572.992342 -0.626677 -0.779237 0.008100 4025969.021000 0.001121 0.009493 0.999954 0.000000
-0.779279 0.626656 -0.005072 353572.992395 -0.626676 -0.779238 0.008102 4025969.021000 0.001125 0.009492 0.999954 0.000000
-0.779280 0.626655 -0.005068 353572.992448 -0.626675 -0.779239 0.008103 4025969.021000 0.001129 0.009491 0.999954 0.000000
-0.779281 0.626654 -0.005064 353572.992501 -0.626673 -0.779240 0.008104 4025969.021000 0.001132 0.009489 0.999954 0.000000
-0.779282 0.626653 -0.005060 353572.992556 -0.626672 -0.779241 0.008106 4025969.021000 0.001136 0.009488 0.999954 0.000000
-0.779283 0.626652 -0.005057 353572.992607 -0.626671 -0.779242 0.008107 4025969.021000 0.001140 0.009487 0.999954 0.000000
-0.779284 0.626651 -0.005053 353572.992660 -0.626670 -0.779242 0.008109 4025969.021000 0.001144 0.009486 0.999954 0.000000
-0.779285 0.626650 -0.005049 353572.992713 -0.626669 -0.779243 0.008110 4025969.021000 0.001148 0.009484 0.999954 0.000000
-0.779286 0.626649 -0.005045 353572.992767 -0.626668 -0.779244 0.008112 4025969.021000 0.001152 0.009483 0.999954 0.000000
-0.779287 0.626648 -0.005042 353572.992820 -0.626667 -0.779245 0.008113 4025969.021000 0.001155 0.009482 0.999954 0.000000
-0.779287 0.626646 -0.005038 353572.992873 -0.626666 -0.779246 0.008115 4025969.021000 0.001159 0.009481 0.999954 0.000000
-0.779287 0.626647 -0.005034 353572.992942 -0.626666 -0.779245 0.008117 4025969.021046 0.001164 0.009480 0.999954 0.000000
-0.779285 0.626650 -0.005030 353572.993027 -0.626669 -0.779243 0.008121 4025969.021141 0.001169 0.009480 0.999954 0.000000
-0.779283 0.626652 -0.005025 353572.993112 -0.626672 -0.779241 0.008124 4025969.021235 0.001175 0.009480 0.999954 0.000000
-0.779281 0.626655 -0.005021 353572.993197 -0.626674 -0.779239 0.008128 4025969.021330 0.001181 0.009480 0.999954 0.000000
-0.779278 0.626658 -0.005017 353572.993282 -0.626677 -0.779237 0.008131 4025969.021425 0.001186 0.009480 0.999954 0.000000
-0.779276 0.626660 -0.005013 353572.993368 -0.626679 -0.779235 0.008135 4025969.021520 0.001192 0.009481 0.999954 0.000000
-0.779274 0.626663 -0.005008 353572.993453 -0.626682 -0.779233 0.008138 4025969.021615 0.001197 0.009481 0.999954 0.000000
-0.779272 0.626666 -0.005004 353572.993538 -0.626685 -0.779231 0.008142 4025969.021709 0.001203 0.009481 0.999954 0.000000
-0.779270 0.626668 -0.005000 353572.993624 -0.626687 -0.779228 0.008145 4025969.021804 0.001208 0.009481 0.999954 0.000000
-0.779268 0.626671 -0.004996 353572.993709 -0.626690 -0.779226 0.008149 4025969.021899 0.001214 0.009481 0.999954 0.000000
-0.779266 0.626674 -0.004991 353572.993794 -0.626692 -0.779224 0.008152 4025969.021994 0.001220 0.009481 0.999954 0.000000
-0.779259 0.626683 -0.004975 353572.993861 -0.626701 -0.779217 0.008155 4025969.022076 0.001234 0.009473 0.999954 0.000000
-0.779251 0.626692 -0.004958 353572.993926 -0.626711 -0.779209 0.008158 4025969.022157 0.001250 0.009464 0.999954 0.000000
-0.779244 0.626702 -0.004940 353572.993991 -0.626720 -0.779202 0.008161 4025969.022238 0.001265 0.009456 0.999954 0.000000
-0.779236 0.626711 -0.004923 353572.994056 -0.626729 -0.779194 0.008164 4025969.022320 0.001281 0.009447 0.999955 0.000000
-0.779228 0.626721 -0.004906 353572.994120 -0.626739 -0.779187 0.008167 4025969.022401 0.001296 0.009438 0.999955 0.000000
-0.779221 0.626730 -0.004888 353572.994186 -0.626748 -0.779179 0.008169 4025969.022482 0.001311 0.009430 0.999955 0.000000
-0.779213 0.626740 -0.004871 353572.994250 -0.626757 -0.779172 0.008172 4025969.022563 0.001327 0.009421 0.999955 0.000000
-0.779206 0.626749 -0.004853 353572.994316 -0.626767 -0.779164 0.008175 4025969.022644 0.001342 0.009412 0.999955 0.000000
-0.779198 0.626759 -0.004836 353572.994381 -0.626776 -0.779157 0.008178 4025969.022726 0.001358 0.009403 0.999955 0.000000
-0.779191 0.626768 -0.004819 353572.994446 -0.626785 -0.779149 0.008181 4025969.022807 0.001373 0.009395 0.999955 0.000000
-0.779183 0.626778 -0.004801 353572.994511 -0.626795 -0.779141 0.008184 4025969.022888 0.001388 0.009386 0.999955 0.000000
-0.779176 0.626787 -0.004784 353572.994575 -0.626804 -0.779134 0.008186 4025969.022969 0.001404 0.009377 0.999955 0.000000
-0.779171 0.626793 -0.004776 353572.994643 -0.626809 -0.779130 0.008186 4025969.023039 0.001410 0.009372 0.999955 0.000000
-0.779169 0.626795 -0.004773 353572.994712 -0.626812 -0.779128 0.008185 4025969.023102 0.001412 0.009369 0.999955 0.000000
-0.779167 0.626798 -0.004770 353572.994781 -0.626815 -0.779125 0.008183 4025969.023164 0.001413 0.009366 0.999955 0.000000
-0.779165 0.626801 -0.004767 353572.994850 -0.626817 -0.779123 0.008181 4025969.023227 0.001414 0.009362 0.999955 0.000000
-0.779163 0.626803 -0.004763 353572.994919 -0.626820 -0.779121 0.008180 4025969.023290 0.001416 0.009359 0.999955 0.000000
-0.779161 0.626806 -0.004760 353572.994987 -0.626823 -0.779119 0.008178 4025969.023352 0.001417 0.009356 0.999955 0.000000
-0.779159 0.626809 -0.004757 353572.995056 -0.626825 -0.779117 0.008176 4025969.023415 0.001418 0.009353 0.999955 0.000000
-0.779157 0.626811 -0.004754 353572.995125 -0.626828 -0.779115 0.008174 4025969.023478 0.001420 0.009349 0.999955 0.000000
-0.779154 0.626814 -0.004751 353572.995194 -0.626830 -0.779113 0.008173 4025969.023540 0.001421 0.009346 0.999955 0.000000
-0.779152 0.626817 -0.004748 353572.995263 -0.626833 -0.779111 0.008171 4025969.023602 0.001422 0.009343 0.999955 0.000000
-0.779150 0.626819 -0.004745 353572.995332 -0.626836 -0.779109 0.008169 4025969.023665 0.001424 0.009339 0.999955 0.000000
-0.779148 0.626822 -0.004742 353572.995401 -0.626838 -0.779106 0.008167 4025969.023728 0.001425 0.009336 0.999955 0.000000
-0.779146 0.626825 -0.004739 353572.995470 -0.626841 -0.779104 0.008166 4025969.023791 0.001426 0.009333 0.999955 0.000000
-0.779144 0.626827 -0.004736 353572.995538 -0.626844 -0.779102 0.008164 4025969.023853 0.001428 0.009330 0.999955 0.000000
-0.779142 0.626830 -0.004733 353572.995607 -0.626846 -0.779100 0.008162 4025969.023916 0.001429 0.009326 0.999955 0.000000
-0.779139 0.626833 -0.004730 353572.995676 -0.626849 -0.779098 0.008161 4025969.023978 0.001430 0.009323 0.999956 0.000000
-0.779138 0.626835 -0.004736 353572.995733 -0.626851 -0.779096 0.008168 4025969.024000 0.001430 0.009333 0.999955 0.000000
-0.779136 0.626837 -0.004747 353572.995783 -0.626854 -0.779094 0.008181 4025969.024000 0.001430 0.009350 0.999955 0.000000
-0.779134 0.626839 -0.004758 353572.995833 -0.626856 -0.779092 0.008194 4025969.024000 0.001429 0.009367 0.999955 0.000000
-0.779132 0.626842 -0.004769 353572.995883 -0.626858 -0.779090 0.008207 4025969.024000 0.001429 0.009384 0.999955 0.000000
-0.779130 0.626844 -0.004780 353572.995934 -0.626860 -0.779088 0.008220 4025969.024000 0.001429 0.009400 0.999955 0.000000
-0.779128 0.626846 -0.004791 353572.995984 -0.626863 -0.779086 0.008232 4025969.024000 0.001428 0.009417 0.999955 0.000000
-0.779127 0.626848 -0.004802 353572.996034 -0.626865 -0.779084 0.008245 4025969.024000 0.001428 0.009434 0.999954 0.000000
-0.779125 0.626850 -0.004813 353572.996084 -0.626867 -0.779082 0.008258 4025969.024000 0.001427 0.009451 0.999954 0.000000
-0.779123 0.626853 -0.004824 353572.996134 -0.626870 -0.779080 0.008271 4025969.024000 0.001427 0.009468 0.999954 0.000000
-0.779121 0.626855 -0.004835 353572.996184 -0.626872 -0.779078 0.008284 4025969.024000 0.001426 0.009485 0.999954 0.000000
-0.779119 0.626857 -0.004845 353572.996234 -0.626874 -0.779076 0.008296 4025969.024000 0.001426 0.009501 0.999954 0.000000
-0.779117 0.626859 -0.004856 353572.996284 -0.626876 -0.779074 0.008309 4025969.024000 0.001425 0.009518 0.999954 0.000000
-0.779116 0.626861 -0.004867 353572.996335 -0.626879 -0.779073 0.008322 4025969.024000 0.001425 0.009535 0.999954 0.000000
-0.779114 0.626864 -0.004878 353572.996385 -0.626881 -0.779071 0.008335 4025969.024000 0.001424 0.009552 0.999953 0.000000
-0.779112 0.626866 -0.004889 353572.996435 -0.626883 -0.779069 0.008348 4025969.024000 0.001424 0.009569 0.999953 0.000000
-0.779110 0.626868 -0.004900 353572.996485 -0.626885 -0.779067 0.008360 4025969.024000 0.001423 0.009585 0.999953 0.000000
-0.779109 0.626869 -0.004899 353572.996548 -0.626887 -0.779065 0.008367 4025969.024053 0.001428 0.009590 0.999953 0.000000
-0.779108 0.626871 -0.004893 353572.996616 -0.626888 -0.779064 0.008370 4025969.024129 0.001435 0.009588 0.999953 0.000000
-0.779107 0.626872 -0.004886 353572.996684 -0.626889 -0.779063 0.008373 4025969.024205 0.001442 0.009587 0.999953 0.000000
-0.779106 0.626873 -0.004880 353572.996752 -0.626891 -0.779062 0.008377 4025969.024280 0.001449 0.009585 0.999953 0.000000
-0.779105 0.626875 -0.004874 353572.996820 -0.626892 -0.779061 0.008380 4025969.024356 0.001456 0.009584 0.999953 0.000000
-0.779104 0.626876 -0.004867 353572.996889 -0.626893 -0.779060 0.008383 4025969.024432 0.001463 0.009583 0.999953 0.000000
-0.779103 0.626877 -0.004861 353572.996957 -0.626894 -0.779059 0.008386 4025969.024508 0.001470 0.009581 0.999953 0.000000
-0.779102 0.626878 -0.004855 353572.997026 -0.626896 -0.779058 0.008390 4025969.024584 0.001477 0.009580 0.999953 0.000000
-0.779101 0.626880 -0.004848 353572.997094 -0.626897 -0.779057 0.008393 4025969.024661 0.001484 0.009579 0.999953 0.000000
-0.779100 0.626881 -0.004842 353572.997163 -0.626898 -0.779056 0.008396 4025969.024737 0.001491 0.009577 0.999953 0.000000
-0.779099 0.626882 -0.004836 353572.997231 -0.626899 -0.779055 0.008400 4025969.024813 0.001498 0.009576 0.999953 0.000000
-0.779098 0.626884 -0.004829 353572.997300 -0.626900 -0.779054 0.008403 4025969.024889 0.001505 0.009574 0.999953 0.000000
-0.779097 0.626885 -0.004823 353572.997368 -0.626902 -0.779053 0.008406 4025969.024965 0.001512 0.009573 0.999953 0.000000
-0.779098 0.626884 -0.004832 353572.997449 -0.626901 -0.779054 0.008419 4025969.025061 0.001513 0.009589 0.999953 0.000000
-0.779100 0.626881 -0.004855 353572.997539 -0.626898 -0.779055 0.008439 4025969.025173 0.001508 0.009619 0.999953 0.000000
-0.779101 0.626879 -0.004878 353572.997629 -0.626896 -0.779057 0.008459 4025969.025286 0.001503 0.009649 0.999952 0.000000
-0.779103 0.626876 -0.004901 353572.997719 -0.626894 -0.779059 0.008480 4025969.025399 0.001497 0.009679 0.999952 0.000000
-0.779105 0.626874 -0.004924 353572.997810 -0.626891 -0.779060 0.008500 4025969.025512 0.001492 0.009709 0.999952 0.000000
-0.779107 0.626871 -0.004947 353572.997900 -0.626889 -0.779062 0.008520 4025969.025625 0.001487 0.009739 0.999951 0.000000
-0.779109 0.626868 -0.004970 353572.997990 -0.626886 -0.779064 0.008540 4025969.025738 0.001482 0.009769 0.999951 0.000000
-0.779111 0.626866 -0.004993 353572.998080 -0.626884 -0.779066 0.008561 4025969.025850 0.001477 0.009799 0.999951 0.000000
-0.779113 0.626863 -0.005016 353572.998171 -0.626881 -0.779067 0.008581 4025969.025963 0.001471 0.009830 0.999951 0.000000
-0.779113 0.626863 -0.005015 353572.998284 -0.626881 -0.779068 0.008580 4025969.026000 0.001472 0.009829 0.999951 0.000000
-0.779113 0.626864 -0.005002 353572.998410 -0.626882 -0.779067 0.008570 4025969.026000 0.001475 0.009812 0.999951 0.000000
-0.779112 0.626865 -0.004989 353572.998534 -0.626883 -0.779066 0.008559 4025969.026000 0.001478 0.009796 0.999951 0.000000
-0.779111 0.626866 -0.004977 353572.998660 -0.626884 -0.779065 0.008549 4025969.026000 0.001481 0.009780 0.999951 0.000000
-0.779110 0.626868 -0.004964 353572.998785 -0.626885 -0.779065 0.008538 4025969.026000 0.001485 0.009764 0.999951 0.000000
-0.779109 0.626869 -0.004952 353572.998910 -0.626886 -0.779064 0.008527 4025969.026000 0.001488 0.009748 0.999951 0.000000
-0.779108 0.626870 -0.004939 353572.999035 -0.626888 -0.779063 0.008517 4025969.026000 0.001491 0.009732 0.999952 0.000000
-0.779108 0.626871 -0.004916 353572.999064 -0.626888 -0.779062 0.008527 4025969.025968 0.001515 0.009725 0.999952 0.000000
-0.779107 0.626872 -0.004881 353572.998991 -0.626889 -0.779062 0.008558 4025969.025901 0.001562 0.009727 0.999951 0.000000
-0.779106 0.626873 -0.004846 353572.998917 -0.626890 -0.779061 0.008590 4025969.025834 0.001609 0.009730 0.999951 0.000000
-0.779106 0.626874 -0.004811 353572.998844 -0.626890 -0.779060 0.008621 4025969.025767 0.001656 0.009733 0.999951 0.000000
-0.779105 0.626875 -0.004776 353572.998771 -0.626891 -0.779059 0.008652 4025969.025701 0.001703 0.009735 0.999951 0.000000
-0.779105 0.626876 -0.004742 353572.998697 -0.626891 -0.779058 0.008684 4025969.025634 0.001750 0.009738 0.999951 0.000000
-0.779104 0.626877 -0.004707 353572.998624 -0.626892 -0.779057 0.008715 4025969.025567 0.001796 0.009740 0.999951 0.000000
-0.779103 0.626878 -0.004672 353572.998551 -0.626893 -0.779057 0.008746 4025969.025501 0.001843 0.009743 0.999951 0.000000
-0.779103 0.626879 -0.004637 353572.998477 -0.626893 -0.779056 0.008778 4025969.025434 0.001890 0.009746 0.999951 0.000000
-0.779102 0.626880 -0.004602 353572.998404 -0.626894 -0.779055 0.008809 4025969.025367 0.001937 0.009748 0.999951 0.000000
-0.779102 0.626881 -0.004567 353572.998330 -0.626894 -0.779054 0.008841 4025969.025300 0.001984 0.009751 0.999950 0.000000
-0.779101 0.626882 -0.004533 353572.998257 -0.626895 -0.779053 0.008872 4025969.025234 0.002031 0.009754 0.999950 0.000000
-0.779100 0.626883 -0.004498 353572.998183 -0.626896 -0.779052 0.008903 4025969.025167 0.002077 0.009756 0.999950 0.000000
-0.779100 0.626884 -0.004463 353572.998110 -0.626896 -0.779051 0.008935 4025969.025100 0.002124 0.009759 0.999950 0.000000
-0.779099 0.626885 -0.004428 353572.998037 -0.626897 -0.779051 0.008966 4025969.025033 0.002171 0.009761 0.999950 0.000000
-0.779113 0.626872 -0.003824 353572.992846 -0.626877 -0.779062 0.009323 4025969.021491 0.002865 0.009661 0.999949 0.000000
-0.779063 0.626935 -0.003573 353572.970780 -0.626936 -0.779009 0.009804 4025969.003908 0.003363 0.009878 0.999946 0.000000
-0.779028 0.626984 -0.002722 353572.928980 -0.626976 -0.778973 0.010112 4025968.969765 0.004219 0.009584 0.999945 0.000000
-0.779082 0.626922 -0.000823 353572.855117 -0.626887 -0.779022 0.011698 4025968.910413 0.006693 0.009630 0.999931 0.000000
-0.779155 0.626830 -0.000857 353572.735757 -0.626797 -0.779099 0.011429 4025968.814222 0.006497 0.009442 0.999934 0.000000
-0.779183 0.626796 -0.000233 353572.569495 -0.626755 -0.779128 0.011721 4025968.680920 0.007166 0.009279 0.999931 0.000000
-0.779348 0.626591 0.000419 353572.349163 -0.626543 -0.779297 0.011849 4025968.503574 0.007751 0.008972 0.999930 0.000000
-0.779527 0.626368 0.000246 353572.067964 -0.626315 -0.779466 0.012733 4025968.277487 0.008168 0.009772 0.999919 0.000000
-0.779660 0.626203 -0.000214 353571.722941 -0.626155 -0.779595 0.012685 4025968.000201 0.007777 0.010024 0.999920 0.000000
-0.779877 0.625933 0.000169 353571.310875 -0.625879 -0.779814 0.012906 4025967.669128 0.008210 0.009960 0.999917 0.000000
-0.780183 0.625551 0.000552 353570.829788 -0.625494 -0.780123 0.012870 4025967.283622 0.008481 0.009696 0.999917 0.000000
-0.780353 0.625339 -0.000754 353570.272225 -0.625298 -0.780285 0.012549 4025966.836428 0.007259 0.010264 0.999921 0.000000
-0.780695 0.624911 0.000889 353569.659813 -0.624856 -0.780644 0.012232 4025966.346011 0.008339 0.008994 0.999925 0.000000
-0.781057 0.624458 0.001240 353568.970112 -0.624415 -0.781024 0.010319 4025965.794520 0.007413 0.007285 0.999946 0.000000
-0.781364 0.624076 -0.000308 353568.220174 -0.624044 -0.781319 0.010487 4025965.194795 0.006304 0.008387 0.999945 0.000000
-0.781932 0.623364 0.000608 353567.410705 -0.623330 -0.781899 0.009690 4025964.548741 0.006515 0.007198 0.999953 0.000000
-0.782358 0.622828 0.001518 353566.544606 -0.622786 -0.782330 0.009844 4025963.857935 0.007319 0.006757 0.999950 0.000000
-0.782936 0.622101 0.001000 353565.626734 -0.622065 -0.782906 0.009656 4025963.128119 0.006790 0.006937 0.999953 0.000000
-0.783413 0.621499 0.001608 353564.654792 -0.621460 -0.783389 0.009440 4025962.356707 0.007126 0.006396 0.999954 0.000000
-0.783972 0.620795 -0.001545 353563.633571 -0.620783 -0.783935 0.008668 4025961.547147 0.004170 0.007754 0.999961 0.000000
-0.784611 0.619982 -0.002868 353562.584244 -0.619988 -0.784595 0.005013 4025960.717223 0.000857 0.005711 0.999983 0.000000
-0.785088 0.619374 -0.003559 353561.505858 -0.619384 -0.785073 0.004871 4025959.865624 0.000223 0.006029 0.999982 0.000000
-0.785805 0.618466 -0.003205 353560.392142 -0.618474 -0.785794 0.004149 4025958.985407 0.000048 0.005243 0.999986 0.000000
-0.786276 0.617873 -0.001897 353559.243602 -0.617873 -0.786259 0.005335 4025958.080411 0.001805 0.005367 0.999984 0.000000
-0.786700 0.617333 -0.001590 353558.083513 -0.617332 -0.786686 0.005118 4025957.167585 0.001909 0.005008 0.999986 0.000000
-0.786706 0.617321 -0.002961 353556.928148 -0.617328 -0.786698 0.003503 4025956.260052 -0.000167 0.004584 0.999989 0.000000
-0.786650 0.617397 -0.001403 353555.779392 -0.617395 -0.786635 0.005375 4025955.354761 0.002215 0.005095 0.999985 0.000000
-0.785872 0.618389 0.000336 353554.643590 -0.618377 -0.785859 0.005984 4025954.459564 0.003964 0.004495 0.999982 0.000000
-0.783410 0.621505 -0.000444 353553.527019 -0.621487 -0.783382 0.008190 4025953.577209 0.004742 0.006692 0.999966 0.000000
-0.776729 0.629834 0.000452 353552.427149 -0.629781 -0.776673 0.012407 4025952.696119 0.008166 0.009352 0.999923 0.000000
-0.765339 0.643627 -0.000925 353551.361341 -0.643590 -0.765279 0.011806 4025951.812091 0.006891 0.009631 0.999930 0.000000
-0.749427 0.662072 -0.004495 353550.320833 -0.662076 -0.749357 0.010889 4025950.913471 0.003841 0.011136 0.999931 0.000000
-0.728204 0.685343 -0.004865 353549.313473 -0.685342 -0.728114 0.012484 4025949.994945 0.005013 0.012425 0.999910 0.000000
