1.000000 0.000000 0.000000 0.000000 0.000000 1.000000 0.000000 0.000000 0.000000 0.000000 1.000000 0.000000
1.000000 0.000153 0.000000 -0.001187 -0.000153 1.000000 0.000000 -0.002348 0.000000 0.000000 1.000000 0.000000
1.000000 0.000107 0.000000 0.009713 -0.000107 1.000000 0.000000 -0.004150 0.000000 0.000000 1.000000 0.000000
1.000000 0.000285 0.000000 0.007501 -0.000285 1.000000 0.000000 0.005909 0.000000 0.000000 1.000000 0.000000
1.000000 0.000148 0.000000 0.010907 -0.000148 1.000000 0.000000 -0.006102 0.000000 0.000000 1.000000 0.000000
1.000000 0.000359 0.000000 -0.002906 -0.000359 1.000000 0.000000 0.003264 0.000000 0.000000 1.000000 0.000000
1.000000 0.000367 0.000000 0.010533 -0.000367 1.000000 0.000000 0.000950 0.000000 0.000000 1.000000 0.000000
1.000000 0.000318 0.000000 0.006443 -0.000318 1.000000 0.000000 0.000737 0.000000 0.000000 1.000000 0.000000
1.000000 0.000192 0.000000 0.003099 -0.000192 1.000000 0.000000 0.002902 0.000000 0.000000 1.000000 0.000000
1.000000 0.000266 0.000000 0.014955 -0.000266 1.000000 0.000000 0.004871 0.000000 0.000000 1.000000 0.000000
1.000000 0.000152 0.000000 0.011263 -0.000152 1.000000 0.000000 0.003332 0.000000 0.000000 1.000000 0.000000
1.000000 0.000336 0.000000 0.000544 -0.000336 1.000000 0.000000 0.006880 0.000000 0.000000 1.000000 0.000000
1.000000 0.000087 0.000000 -0.002173 -0.000087 1.000000 0.000000 0.001759 0.000000 0.000000 1.000000 0.000000
1.000000 0.000007 0.000000 -0.004717 -0.000007 1.000000 0.000000 -0.001079 0.000000 0.000000 1.000000 0.000000
1.000000 0.000364 0.000000 -0.010345 -0.000364 1.000000 0.000000 0.004952 0.000000 0.000000 1.000000 0.000000
1.000000 0.000115 0.000000 0.006071 -0.000115 1.000000 0.000000 -0.003442 0.000000 0.000000 1.000000 0.000000
1.000000 0.000038 0.000000 -0.006388 -0.000038 1.000000 0.000000 0.001406 0.000000 0.000000 1.000000 0.000000
1.000000 0.000393 0.000000 -0.002624 -0.000393 1.000000 0.000000 0.003093 0.000000 0.000000 1.000000 0.000000
1.000000 0.000335 0.000000 0.006761 -0.000335 1.000000 0.000000 0.004237 0.000000 0.000000 1.000000 0.000000
1.000000 0.000217 0.000000 -0.001415 -0.000217 1.000000 0.000000 0.003570 0.000000 0.000000 1.000000 0.000000
1.000000 0.000004 0.000000 -0.003122 -0.000004 1.000000 0.000000 0.001084 0.000000 0.000000 1.000000 0.000000
1.000000 0.000142 0.000000 0.006394 -0.000142 1.000000 0.000000 0.005841 0.000000 0.000000 1.000000 0.000000
1.000000 0.000173 0.000000 0.006475 -0.000173 1.000000 0.000000 -0.001435 0.000000 0.000000 1.000000 0.000000
1.000000 0.000388 0.000000 0.006287 -0.000388 1.000000 0.000000 0.007227 0.000000 0.000000 1.000000 0.000000
1.000000 0.000063 0.000000 -0.005051 -0.000063 1.000000 0.000000 -0.001695 0.000000 0.000000 1.000000 0.000000
1.000000 0.000346 0.000000 0.000882 -0.000346 1.000000 0.000000 0.002949 0.000000 0.000000 1.000000 0.000000
1.000000 -0.000027 0.000000 0.001796 0.000027 1.000000 0.000000 -0.001329 0.000000 0.000000 1.000000 0.000000
1.000000 0.000333 0.000000 0.001374 -0.000333 1.000000 0.000000 0.002406 0.000000 0.000000 1.000000 0.000000
1.000000 0.000377 0.000000 0.008328 -0.000377 1.000000 0.000000 0.002741 0.000000 0.000000 1.000000 0.000000
1.000000 0.000095 0.000000 0.002939 -0.000095 1.000000 0.000000 0.001881 0.000000 0.000000 1.000000 0.000000
1.000000 0.000361 0.000000 0.029199 -0.000361 1.000000 0.000000 0.017616 0.000000 0.000000 1.000000 0.000000
1.000000 0.000501 0.000000 0.066739 -0.000501 1.000000 0.000000 0.021837 0.000000 0.000000 1.000000 0.000000
1.000000 0.000495 0.000000 0.161328 -0.000495 1.000000 0.000000 0.019968 0.000000 0.000000 1.000000 0.000000
1.000000 0.000086 0.000000 0.266743 -0.000086 1.000000 0.000000 0.035101 0.000000 0.000000 1.000000 0.000000
1.000000 -0.000197 0.000000 0.371804 0.000197 1.000000 0.000000 0.039448 0.000000 0.000000 1.000000 0.000000
0.999999 -0.001334 0.000000 0.487682 0.001334 0.999999 0.000000 0.038687 0.000000 0.000000 1.000000 0.000000
0.999999 -0.001069 0.000000 0.622250 0.001069 0.999999 0.000000 0.038868 0.000000 0.000000 1.000000 0.000000
1.000000 -0.000924 0.000000 0.806622 0.000924 1.000000 0.000000 0.032826 0.000000 0.000000 1.000000 0.000000
1.000000 -0.000936 0.000000 0.995566 0.000936 1.000000 0.000000 0.040717 0.000000 0.000000 1.000000 0.000000
0.999999 -0.001579 0.000000 1.230090 0.001579 0.999999 0.000000 0.081790 0.000000 0.000000 1.000000 0.000000
0.999999 -0.001285 0.000000 1.480924 0.001285 0.999999 0.000000 0.068138 0.000000 0.000000 1.000000 0.000000
1.000000 0.000326 0.000000 1.801008 -0.000326 1.000000 0.000000 0.078414 0.000000 0.000000 1.000000 0.000000
1.000000 0.000387 0.000000 2.074358 -0.000387 1.000000 0.000000 0.084819 0.000000 0.000000 1.000000 0.000000
1.000000 0.000355 0.000000 2.371102 -0.000355 1.000000 0.000000 0.081394 0.000000 0.000000 1.000000 0.000000
1.000000 0.000214 0.000000 2.665007 -0.000214 1.000000 0.000000 0.091945 0.000000 0.000000 1.000000 0.000000
1.000000 0.000747 0.000000 3.050225 -0.000747 1.000000 0.000000 0.083246 0.000000 0.000000 1.000000 0.000000
0.999999 0.001270 0.000000 3.398640 -0.001270 0.999999 0.000000 0.086287 0.000000 0.000000 1.000000 0.000000
0.999999 0.001577 0.000000 3.695102 -0.001577 0.999999 0.000000 0.112140 0.000000 0.000000 1.000000 0.000000
0.999998 0.002085 0.000000 4.055597 -0.002085 0.999998 0.000000 0.143839 0.000000 0.000000 1.000000 0.000000
0.999996 0.002714 0.000000 4.428934 -0.002714 0.999996 0.000000 0.151983 0.000000 0.000000 1.000000 0.000000
0.999995 0.003063 0.000000 4.761551 -0.003063 0.999995 0.000000 0.139483 0.000000 0.000000 1.000000 0.000000
0.999991 0.004258 0.000000 5.150588 -0.004258 0.999991 0.000000 0.174784 0.000000 0.000000 1.000000 0.000000
0.999985 0.005415 0.000000 5.551214 -0.005415 0.999985 0.000000 0.183783 0.000000 0.000000 1.000000 0.000000
0.999982 0.005970 0.000000 5.919400 -0.005970 0.999982 0.000000 0.198095 0.000000 0.000000 1.000000 0.000000
0.999900 0.014132 0.000000 6.299240 -0.014132 0.999900 0.000000 0.198944 0.000000 0.000000 1.000000 0.000000
0.999718 0.023749 0.000000 6.730867 -0.023749 0.999718 0.000000 0.203270 0.000000 0.000000 1.000000 0.000000
0.999392 0.034853 0.000000 7.113156 -0.034853 0.999392 0.000000 0.213023 0.000000 0.000000 1.000000 0.000000
0.999130 0.041701 0.000000 7.513126 -0.041701 0.999130 0.000000 0.188707 0.000000 0.000000 1.000000 0.000000
0.998957 0.045653 0.000000 7.941066 -0.045653 0.998957 0.000000 0.155721 0.000000 0.000000 1.000000 0.000000
0.999001 0.044681 0.000000 8.363250 -0.044681 0.999001 0.000000 0.179217 0.000000 0.000000 1.000000 0.000000
0.999075 0.043010 0.000000 8.771643 -0.043010 0.999075 0.000000 0.154429 0.000000 0.000000 1.000000 0.000000
0.999128 0.041759 0.000000 9.164998 -0.041759 0.999128 0.000000 0.156912 0.000000 0.000000 1.000000 0.000000
0.999296 0.037520 0.000000 9.554738 -0.037520 0.999296 0.000000 0.183450 0.000000 0.000000 1.000000 0.000000
0.999430 0.033745 0.000000 9.944179 -0.033745 0.999430 0.000000 0.170106 0.000000 0.000000 1.000000 0.000000
0.999533 0.030568 0.000000 10.332430 -0.030568 0.999533 0.000000 0.174706 0.000000 0.000000 1.000000 0.000000
0.999644 0.026673 0.000000 10.693841 -0.026673 0.999644 0.000000 0.185421 0.000000 0.000000 1.000000 0.000000
0.999735 0.023034 0.000000 11.061350 -0.023034 0.999735 0.000000 0.199410 0.000000 0.000000 1.000000 0.000000
0.999803 0.019872 0.000000 11.420462 -0.019872 0.999803 0.000000 0.208418 0.000000 0.000000 1.000000 0.000000
0.999852 0.017196 0.000000 11.762684 -0.017196 0.999852 0.000000 0.215045 0.000000 0.000000 1.000000 0.000000
0.999908 0.013543 0.000000 12.123700 -0.013543 0.999908 0.000000 0.215957 0.000000 0.000000 1.000000 0.000000
0.999951 0.009915 0.000000 12.501499 -0.009915 0.999951 0.000000 0.236387 0.000000 0.000000 1.000000 0.000000
0.999980 0.006322 0.000000 12.824113 -0.006322 0.999980 0.000000 0.248624 0.000000 0.000000 1.000000 0.000000
0.999993 0.003703 0.000000 13.176580 -0.003703 0.999993 0.000000 0.271339 0.000000 0.000000 1.000000 0.000000
1.000000 -0.000744 0.000000 13.491509 0.000744 1.000000 0.000000 0.272957 0.000000 0.000000 1.000000 0.000000
0.999995 -0.003146 0.000000 13.805116 0.003146 0.999995 0.000000 0.260914 0.000000 0.000000 1.000000 0.000000
0.999985 -0.005402 0.000000 14.127275 0.005402 0.999985 0.000000 0.282007 0.000000 0.000000 1.000000 0.000000
0.999977 -0.006774 0.000000 14.452646 0.006774 0.999977 0.000000 0.328133 0.000000 0.000000 1.000000 0.000000
0.999944 -0.010571 0.000000 14.789630 0.010571 0.999944 0.000000 0.327745 0.000000 0.000000 1.000000 0.000000
0.999927 -0.012045 0.000000 15.112841 0.012045 0.999927 0.000000 0.357058 0.000000 0.000000 1.000000 0.000000
0.999906 -0.013694 0.000000 15.435972 0.013694 0.999906 0.000000 0.360002 0.000000 0.000000 1.000000 0.000000
0.999900 -0.014137 0.000000 15.795180 0.014137 0.999900 0.000000 0.374576 0.000000 0.000000 1.000000 0.000000
0.999882 -0.015386 0.000000 16.112134 0.015386 0.999882 0.000000 0.385223 0.000000 0.000000 1.000000 0.000000
0.999862 -0.016595 0.000000 16.439099 0.016595 0.999862 0.000000 0.399409 0.000000 0.000000 1.000000 0.000000
0.999854 -0.017104 0.000000 16.773571 0.017104 0.999854 0.000000 0.410808 0.000000 0.000000 1.000000 0.000000
0.999865 -0.016430 0.000000 17.097484 0.016430 0.999865 0.000000 0.433796 0.000000 0.000000 1.000000 0.000000
0.999855 -0.017032 0.000000 17.431454 0.017032 0.999855 0.000000 0.452711 0.000000 0.000000 1.000000 0.000000
0.999841 -0.017817 0.000000 17.766752 0.017817 0.999841 0.000000 0.454645 0.000000 0.000000 1.000000 0.000000
0.999824 -0.018739 0.000000 18.065674 0.018739 0.999824 0.000000 0.469670 0.000000 0.000000 1.000000 0.000000
0.999814 -0.019280 0.000000 18.425700 0.019280 0.999814 0.000000 0.507257 0.000000 0.000000 1.000000 0.000000
0.999785 -0.020720 0.000000 18.762350 0.020720 0.999785 0.000000 0.521541 0.000000 0.000000 1.000000 0.000000
0.999778 -0.021046 0.000000 19.095699 0.021046 0.999778 0.000000 0.545923 0.000000 0.000000 1.000000 0.000000
0.999735 -0.023025 0.000000 19.415253 0.023025 0.999735 0.000000 0.561364 0.000000 0.000000 1.000000 0.000000
0.999689 -0.024940 0.000000 19.755022 0.024940 0.999689 0.000000 0.577304 0.000000 0.000000 1.000000 0.000000
0.999664 -0.025933 0.000000 20.051833 0.025933 0.999664 0.000000 0.592489 0.000000 0.000000 1.000000 0.000000
0.999635 -0.027022 0.000000 20.390709 0.027022 0.999635 0.000000 0.620522 0.000000 0.000000 1.000000 0.000000
0.999597 -0.028402 0.000000 20.723014 0.028402 0.999597 0.000000 0.650137 0.000000 0.000000 1.000000 0.000000
0.999539 -0.030362 0.000000 21.008853 0.030362 0.999539 0.000000 0.668362 0.000000 0.000000 1.000000 0.000000
0.999513 -0.031215 0.000000 21.271132 0.031215 0.999513 0.000000 0.677867 0.000000 0.000000 1.000000 0.000000
0.999485 -0.032100 0.000000 21.576245 0.032100 0.999485 0.000000 0.702045 0.000000 0.000000 1.000000 0.000000
0.999442 -0.033416 0.000000 21.884442 0.033416 0.999442 0.000000 0.720592 0.000000 0.000000 1.000000 0.000000
0.999392 -0.034855 0.000000 22.199112 0.034855 0.999392 0.000000 0.757016 0.000000 0.000000 1.000000 0.000000
0.999369 -0.035517 0.000000 22.483526 0.035517 0.999369 0.000000 0.785348 0.000000 0.000000 1.000000 0.000000
0.999376 -0.035313 0.000000 22.778892 0.035313 0.999376 0.000000 0.793900 0.000000 0.000000 1.000000 0.000000
0.999416 -0.034164 0.000000 23.098291 0.034164 0.999416 0.000000 0.800145 0.000000 0.000000 1.000000 0.000000
0.999468 -0.032625 0.000000 23.394425 0.032625 0.999468 0.000000 0.829954 0.000000 0.000000 1.000000 0.000000
0.999501 -0.031596 0.000000 23.696322 0.031596 0.999501 0.000000 0.861568 0.000000 0.000000 1.000000 0.000000
0.999559 -0.029711 0.000000 23.986891 0.029711 0.999559 0.000000 0.875643 0.000000 0.000000 1.000000 0.000000
0.999616 -0.027717 0.000000 24.281938 0.027717 0.999616 0.000000 0.897166 0.000000 0.000000 1.000000 0.000000
0.999669 -0.025719 0.000000 24.559889 0.025719 0.999669 0.000000 0.906371 0.000000 0.000000 1.000000 0.000000
0.999696 -0.024668 0.000000 24.841027 0.024668 0.999696 0.000000 0.909859 0.000000 0.000000 1.000000 0.000000
0.999749 -0.022409 0.000000 25.164258 0.022409 0.999749 0.000000 0.923128 0.000000 0.000000 1.000000 0.000000
0.999788 -0.020606 0.000000 25.461720 0.020606 0.999788 0.000000 0.944995 0.000000 0.000000 1.000000 0.000000
0.999810 -0.019500 0.000000 25.774869 0.019500 0.999810 0.000000 0.958492 0.000000 0.000000 1.000000 0.000000
0.999861 -0.016690 0.000000 26.045394 0.016690 0.999861 0.000000 0.969979 0.000000 0.000000 1.000000 0.000000
0.999883 -0.015292 0.000000 26.288654 0.015292 0.999883 0.000000 0.988471 0.000000 0.000000 1.000000 0.000000
0.999902 -0.014032 0.000000 26.586479 0.014032 0.999902 0.000000 1.013838 0.000000 0.000000 1.000000 0.000000
0.999904 -0.013823 0.000000 26.855952 0.013823 0.999904 0.000000 1.019037 0.000000 0.000000 1.000000 0.000000
0.999915 -0.013005 0.000000 27.133711 0.013005 0.999915 0.000000 1.042356 0.000000 0.000000 1.000000 0.000000
0.999919 -0.012725 0.000000 27.417662 0.012725 0.999919 0.000000 1.068936 0.000000 0.000000 1.000000 0.000000
0.999929 -0.011945 0.000000 27.732839 0.011945 0.999929 0.000000 1.073155 0.000000 0.000000 1.000000 0.000000
0.999945 -0.010524 0.000000 28.034364 0.010524 0.999945 0.000000 1.060077 0.000000 0.000000 1.000000 0.000000
0.999963 -0.008631 0.000000 28.338315 0.008631 0.999963 0.000000 1.074245 0.000000 0.000000 1.000000 0.000000
0.999970 -0.007766 0.000000 28.634818 0.007766 0.999970 0.000000 1.084856 0.000000 0.000000 1.000000 0.000000
0.999984 -0.005595 0.000000 28.932578 0.005595 0.999984 0.000000 1.093748 0.000000 0.000000 1.000000 0.000000
0.999996 -0.002986 0.000000 29.268569 0.002986 0.999996 0.000000 1.106054 0.000000 0.000000 1.000000 0.000000
1.000000 -0.000578 0.000000 29.583788 0.000578 1.000000 0.000000 1.126258 0.000000 0.000000 1.000000 0.000000
0.999996 0.002982 0.000000 29.883983 -0.002982 0.999996 0.000000 1.114786 0.000000 0.000000 1.000000 0.000000
0.999986 0.005278 0.000000 30.181608 -0.005278 0.999986 0.000000 1.122271 0.000000 0.000000 1.000000 0.000000
0.999966 0.008254 0.000000 30.477306 -0.008254 0.999966 0.000000 1.134065 0.000000 0.000000 1.000000 0.000000
0.999944 0.010606 0.000000 30.740846 -0.010606 0.999944 0.000000 1.136989 0.000000 0.000000 1.000000 0.000000
0.999915 0.013026 0.000000 31.065402 -0.013026 0.999915 0.000000 1.123165 0.000000 0.000000 1.000000 0.000000
0.999891 0.014733 0.000000 31.395822 -0.014733 0.999891 0.000000 1.131292 0.000000 0.000000 1.000000 0.000000
0.999873 0.015951 0.000000 31.715415 -0.015951 0.999873 0.000000 1.125394 0.000000 0.000000 1.000000 0.000000
0.999850 0.017337 0.000000 32.052082 -0.017337 0.999850 0.000000 1.139573 0.000000 0.000000 1.000000 0.000000
0.999827 0.018586 0.000000 32.379078 -0.018586 0.999827 0.000000 1.144910 0.000000 0.000000 1.000000 0.000000
0.999820 0.018978 0.000000 32.693116 -0.018978 0.999820 0.000000 1.133824 0.000000 0.000000 1.000000 0.000000
0.999790 0.020489 0.000000 33.052355 -0.020489 0.999790 0.000000 1.137842 0.000000 0.000000 1.000000 0.000000
0.999779 0.021005 0.000000 33.371514 -0.021005 0.999779 0.000000 1.130745 0.000000 0.000000 1.000000 0.000000
0.999790 0.020478 0.000000 33.692436 -0.020478 0.999790 0.000000 1.142904 0.000000 0.000000 1.000000 0.000000
0.999798 0.020108 0.000000 34.025758 -0.020108 0.999798 0.000000 1.150828 0.000000 0.000000 1.000000 0.000000
0.999810 0.019479 0.000000 34.363760 -0.019479 0.999810 0.000000 1.155307 0.000000 0.000000 1.000000 0.000000
0.999802 0.019908 0.000000 34.728369 -0.019908 0.999802 0.000000 1.163817 0.000000 0.000000 1.000000 0.000000
0.999816 0.019195 0.000000 35.054816 -0.019195 0.999816 0.000000 1.170246 0.000000 0.000000 1.000000 0.000000
0.999814 0.019272 0.000000 35.380619 -0.019272 0.999814 0.000000 1.180899 0.000000 0.000000 1.000000 0.000000
0.999818 0.019069 0.000000 35.701927 -0.019069 0.999818 0.000000 1.188366 0.000000 0.000000 1.000000 0.000000
0.999852 0.017229 0.000000 36.030875 -0.017229 0.999852 0.000000 1.186308 0.000000 0.000000 1.000000 0.000000
0.999851 0.017251 0.000000 36.310593 -0.017251 0.999851 0.000000 1.183074 0.000000 0.000000 1.000000 0.000000
0.999856 0.016978 0.000000 36.604942 -0.016978 0.999856 0.000000 1.179010 0.000000 0.000000 1.000000 0.000000
0.999862 0.016620 0.000000 36.898202 -0.016620 0.999862 0.000000 1.197306 0.000000 0.000000 1.000000 0.000000
0.999873 0.015953 0.000000 37.195684 -0.015953 0.999873 0.000000 1.219591 0.000000 0.000000 1.000000 0.000000
0.999892 0.014688 0.000000 37.479090 -0.014688 0.999892 0.000000 1.208554 0.000000 0.000000 1.000000 0.000000
0.999915 0.013002 0.000000 37.842985 -0.013002 0.999915 0.000000 1.233478 0.000000 0.000000 1.000000 0.000000
0.999927 0.012062 0.000000 38.186128 -0.012062 0.999927 0.000000 1.246352 0.000000 0.000000 1.000000 0.000000
0.999938 0.011177 0.000000 38.521621 -0.011177 0.999938 0.000000 1.257801 0.000000 0.000000 1.000000 0.000000
0.999950 0.009991 0.000000 38.926149 -0.009991 0.999950 0.000000 1.264988 0.000000 0.000000 1.000000 0.000000
0.999966 0.008215 0.000000 39.277020 -0.008215 0.999966 0.000000 1.256613 0.000000 0.000000 1.000000 0.000000
0.999974 0.007256 0.000000 39.590353 -0.007256 0.999974 0.000000 1.269948 0.000000 0.000000 1.000000 0.000000
0.999978 0.006610 0.000000 39.930913 -0.006610 0.999978 0.000000 1.291829 0.000000 0.000000 1.000000 0.000000
0.999985 0.005410 0.000000 40.302254 -0.005410 0.999985 0.000000 1.310418 0.000000 0.000000 1.000000 0.000000
0.999993 0.003696 0.000000 40.609428 -0.003696 0.999993 0.000000 1.316163 0.000000 0.000000 1.000000 0.000000
0.999998 0.002004 0.000000 40.981940 -0.002004 0.999998 0.000000 1.314010 0.000000 0.000000 1.000000 0.000000
1.000000 0.000386 0.000000 41.353698 -0.000386 1.000000 0.000000 1.324499 0.000000 0.000000 1.000000 0.000000
1.000000 -0.000795 0.000000 41.703567 0.000795 1.000000 0.000000 1.346068 0.000000 0.000000 1.000000 0.000000
0.999998 -0.001893 0.000000 42.079720 0.001893 0.999998 0.000000 1.362476 0.000000 0.000000 1.000000 0.000000
0.999997 -0.002450 0.000000 42.445688 0.002450 0.999997 0.000000 1.391073 0.000000 0.000000 1.000000 0.000000
0.999995 -0.003033 0.000000 42.732061 0.003033 0.999995 0.000000 1.395071 0.000000 0.000000 1.000000 0.000000
0.999991 -0.004313 0.000000 43.102312 0.004313 0.999991 0.000000 1.415978 0.000000 0.000000 1.000000 0.000000
0.999985 -0.005523 0.000000 43.482823 0.005523 0.999985 0.000000 1.430592 0.000000 0.000000 1.000000 0.000000
0.999975 -0.007014 0.000000 43.808147 0.007014 0.999975 0.000000 1.452614 0.000000 0.000000 1.000000 0.000000
0.999975 -0.007089 0.000000 44.140556 0.007089 0.999975 0.000000 1.475725 0.000000 0.000000 1.000000 0.000000
0.999963 -0.008562 0.000000 44.421192 0.008562 0.999963 0.000000 1.465713 0.000000 0.000000 1.000000 0.000000
0.999957 -0.009253 0.000000 44.796946 0.009253 0.999957 0.000000 1.482563 0.000000 0.000000 1.000000 0.000000
0.999939 -0.011022 0.000000 45.159329 0.011022 0.999939 0.000000 1.507669 0.000000 0.000000 1.000000 0.000000
0.999934 -0.011532 0.000000 45.452749 0.011532 0.999934 0.000000 1.526397 0.000000 0.000000 1.000000 0.000000
0.999918 -0.012809 0.000000 45.765828 0.012809 0.999918 0.000000 1.543620 0.000000 0.000000 1.000000 0.000000
0.999887 -0.015057 0.000000 46.053773 0.015057 0.999887 0.000000 1.542212 0.000000 0.000000 1.000000 0.000000
0.999891 -0.014771 0.000000 46.385335 0.014771 0.999891 0.000000 1.587786 0.000000 0.000000 1.000000 0.000000
0.999876 -0.015738 0.000000 46.711699 0.015738 0.999876 0.000000 1.607650 0.000000 0.000000 1.000000 0.000000
0.999865 -0.016413 0.000000 47.061637 0.016413 0.999865 0.000000 1.636265 0.000000 0.000000 1.000000 0.000000
0.999858 -0.016872 0.000000 47.380766 0.016872 0.999858 0.000000 1.637815 0.000000 0.000000 1.000000 0.000000
0.999847 -0.017511 0.000000 47.617705 0.017511 0.999847 0.000000 1.653397 0.000000 0.000000 1.000000 0.000000
0.999834 -0.018206 0.000000 47.964820 0.018206 0.999834 0.000000 1.668392 0.000000 0.000000 1.000000 0.000000
0.999830 -0.018435 0.000000 48.247989 0.018435 0.999830 0.000000 1.698816 0.000000 0.000000 1.000000 0.000000
0.999801 -0.019932 0.000000 48.542593 0.019932 0.999801 0.000000 1.711064 0.000000 0.000000 1.000000 0.000000
0.999788 -0.020576 0.000000 48.786579 0.020576 0.999788 0.000000 1.734517 0.000000 0.000000 1.000000 0.000000
0.999772 -0.021352 0.000000 49.082235 0.021352 0.999772 0.000000 1.748090 0.000000 0.000000 1.000000 0.000000
0.999760 -0.021926 0.000000 49.377724 0.021926 0.999760 0.000000 1.761724 0.000000 0.000000 1.000000 0.000000
0.999742 -0.022730 0.000000 49.654612 0.022730 0.999742 0.000000 1.771482 0.000000 0.000000 1.000000 0.000000
0.999741 -0.022763 0.000000 49.987788 0.022763 0.999741 0.000000 1.769441 0.000000 0.000000 1.000000 0.000000
0.999751 -0.022313 0.000000 50.241923 0.022313 0.999751 0.000000 1.775205 0.000000 0.000000 1.000000 0.000000
0.999799 -0.020032 0.000000 50.458775 0.020032 0.999799 0.000000 1.796376 0.000000 0.000000 1.000000 0.000000
0.999821 -0.018921 0.000000 50.734003 0.018921 0.999821 0.000000 1.799503 0.000000 0.000000 1.000000 0.000000
0.999848 -0.017441 0.000000 51.063928 0.017441 0.999848 0.000000 1.830954 0.000000 0.000000 1.000000 0.000000
0.999838 -0.018012 0.000000 51.341137 0.018012 0.999838 0.000000 1.840653 0.000000 0.000000 1.000000 0.000000
0.999833 -0.018254 0.000000 51.642462 0.018254 0.999833 0.000000 1.861906 0.000000 0.000000 1.000000 0.000000
0.999836 -0.018123 0.000000 51.904031 0.018123 0.999836 0.000000 1.871281 0.000000 0.000000 1.000000 0.000000
0.999846 -0.017569 0.000000 52.196367 0.017569 0.999846 0.000000 1.890064 0.000000 0.000000 1.000000 0.000000
0.999819 -0.019008 0.000000 52.516740 0.019008 0.999819 0.000000 1.906674 0.000000 0.000000 1.000000 0.000000
0.999825 -0.018691 0.000000 52.804519 0.018691 0.999825 0.000000 1.918780 0.000000 0.000000 1.000000 0.000000
0.999820 -0.018999 0.000000 53.068045 0.018999 0.999820 0.000000 1.924333 0.000000 0.000000 1.000000 0.000000
0.999805 -0.019757 0.000000 53.338679 0.019757 0.999805 0.000000 1.932690 0.000000 0.000000 1.000000 0.000000
0.999794 -0.020299 0.000000 53.615261 0.020299 0.999794 0.000000 1.945113 0.000000 0.000000 1.000000 0.000000
0.999804 -0.019799 0.000000 53.887349 0.019799 0.999804 0.000000 1.967384 0.000000 0.000000 1.000000 0.000000
0.999801 -0.019962 0.000000 54.240533 0.019962 0.999801 0.000000 1.992716 0.000000 0.000000 1.000000 0.000000
0.999786 -0.020680 0.000000 54.542425 0.020680 0.999786 0.000000 2.016949 0.000000 0.000000 1.000000 0.000000
0.999791 -0.020430 0.000000 54.864228 0.020430 0.999791 0.000000 2.016162 0.000000 0.000000 1.000000 0.000000
0.999781 -0.020914 0.000000 55.118096 0.020914 0.999781 0.000000 2.037481 0.000000 0.000000 1.000000 0.000000
0.999779 -0.021034 0.000000 55.455745 0.021034 0.999779 0.000000 2.047474 0.000000 0.000000 1.000000 0.000000
0.999796 -0.020221 0.000000 55.782844 0.020221 0.999796 0.000000 2.061838 0.000000 0.000000 1.000000 0.000000
0.999772 -0.021375 0.000000 56.057107 0.021375 0.999772 0.000000 2.105089 0.000000 0.000000 1.000000 0.000000
0.999764 -0.021726 0.000000 56.360193 0.021726 0.999764 0.000000 2.120594 0.000000 0.000000 1.000000 0.000000
0.999747 -0.022480 0.000000 56.638253 0.022480 0.999747 0.000000 2.124923 0.000000 0.000000 1.000000 0.000000
0.999754 -0.022157 0.000000 56.958292 0.022157 0.999754 0.000000 2.155725 0.000000 0.000000 1.000000 0.000000
0.999722 -0.023557 0.000000 57.342085 0.023557 0.999722 0.000000 2.163748 0.000000 0.000000 1.000000 0.000000
0.999746 -0.022523 0.000000 57.607112 0.022523 0.999746 0.000000 2.181888 0.000000 0.000000 1.000000 0.000000
0.999720 -0.023643 0.000000 57.956537 0.023643 0.999720 0.000000 2.204959 0.000000 0.000000 1.000000 0.000000
0.999743 -0.022652 0.000000 58.262935 0.022652 0.999743 0.000000 2.213558 0.000000 0.000000 1.000000 0.000000
0.999744 -0.022644 0.000000 58.611323 0.022644 0.999744 0.000000 2.233070 0.000000 0.000000 1.000000 0.000000
0.999729 -0.023275 0.000000 58.911419 0.023275 0.999729 0.000000 2.267997 0.000000 0.000000 1.000000 0.000000
0.999713 -0.023968 0.000000 59.202583 0.023968 0.999713 0.000000 2.284696 0.000000 0.000000 1.000000 0.000000
0.999737 -0.022948 0.000000 59.489222 0.022948 0.999737 0.000000 2.296123 0.000000 0.000000 1.000000 0.000000
0.999679 -0.025339 0.000000 59.826252 0.025339 0.999679 0.000000 2.318721 0.000000 0.000000 1.000000 0.000000
0.999669 -0.025721 0.000000 60.127426 0.025721 0.999669 0.000000 2.339498 0.000000 0.000000 1.000000 0.000000
0.999645 -0.026627 0.000000 60.423115 0.026627 0.999645 0.000000 2.358752 0.000000 0.000000 1.000000 0.000000
0.999639 -0.026883 0.000000 60.756399 0.026883 0.999639 0.000000 2.384376 0.000000 0.000000 1.000000 0.000000
0.999583 -0.028864 0.000000 61.096312 0.028864 0.999583 0.000000 2.407917 0.000000 0.000000 1.000000 0.000000
0.999544 -0.030208 0.000000 61.366265 0.030208 0.999544 0.000000 2.436224 0.000000 0.000000 1.000000 0.000000
0.999516 -0.031094 0.000000 61.658483 0.031094 0.999516 0.000000 2.465453 0.000000 0.000000 1.000000 0.000000
0.999495 -0.031761 0.000000 61.940207 0.031761 0.999495 0.000000 2.490319 0.000000 0.000000 1.000000 0.000000
0.999497 -0.031707 0.000000 62.228976 0.031707 0.999497 0.000000 2.493064 0.000000 0.000000 1.000000 0.000000
0.999506 -0.031429 0.000000 62.522751 0.031429 0.999506 0.000000 2.499909 0.000000 0.000000 1.000000 0.000000
0.999460 -0.032859 0.000000 62.812712 0.032859 0.999460 0.000000 2.541950 0.000000 0.000000 1.000000 0.000000
0.999506 -0.031416 0.000000 63.106685 0.031416 0.999506 0.000000 2.551264 0.000000 0.000000 1.000000 0.000000
0.999512 -0.031236 0.000000 63.414012 0.031236 0.999512 0.000000 2.578546 0.000000 0.000000 1.000000 0.000000
0.999520 -0.030968 0.000000 63.720870 0.030968 0.999520 0.000000 2.592918 0.000000 0.000000 1.000000 0.000000
0.999538 -0.030387 0.000000 63.978627 0.030387 0.999538 0.000000 2.614811 0.000000 0.000000 1.000000 0.000000
0.999577 -0.029072 0.000000 64.246605 0.029072 0.999577 0.000000 2.627348 0.000000 0.000000 1.000000 0.000000
0.999598 -0.028369 0.000000 64.564999 0.028369 0.999598 0.000000 2.643681 0.000000 0.000000 1.000000 0.000000
0.999657 -0.026184 0.000000 64.838047 0.026184 0.999657 0.000000 2.645564 0.000000 0.000000 1.000000 0.000000
0.999665 -0.025891 0.000000 65.121793 0.025891 0.999665 0.000000 2.652848 0.000000 0.000000 1.000000 0.000000
0.999697 -0.024616 0.000000 65.412999 0.024616 0.999697 0.000000 2.676729 0.000000 0.000000 1.000000 0.000000
0.999740 -0.022793 0.000000 65.695526 0.022793 0.999740 0.000000 2.702393 0.000000 0.000000 1.000000 0.000000
0.999786 -0.020708 0.000000 66.000663 0.020708 0.999786 0.000000 2.711634 0.000000 0.000000 1.000000 0.000000
0.999796 -0.020203 0.000000 66.294348 0.020203 0.999796 0.000000 2.714819 0.000000 0.000000 1.000000 0.000000
0.999833 -0.018266 0.000000 66.592577 0.018266 0.999833 0.000000 2.755094 0.000000 0.000000 1.000000 0.000000
0.999840 -0.017864 0.000000 66.849348 0.017864 0.999840 0.000000 2.777015 0.000000 0.000000 1.000000 0.000000
0.999873 -0.015914 0.000000 67.159363 0.015914 0.999873 0.000000 2.745375 0.000000 0.000000 1.000000 0.000000
0.999883 -0.015289 0.000000 67.398939 0.015289 0.999883 0.000000 2.768228 0.000000 0.000000 1.000000 0.000000
0.999891 -0.014731 0.000000 67.680649 0.014731 0.999891 0.000000 2.789262 0.000000 0.000000 1.000000 0.000000
0.999917 -0.012921 0.000000 67.996786 0.012921 0.999917 0.000000 2.789582 0.000000 0.000000 1.000000 0.000000
0.999929 -0.011874 0.000000 68.288141 0.011874 0.999929 0.000000 2.819330 0.000000 0.000000 1.000000 0.000000
0.999933 -0.011576 0.000000 68.580844 0.011576 0.999933 0.000000 2.850586 0.000000 0.000000 1.000000 0.000000
0.999939 -0.011034 0.000000 68.874640 0.011034 0.999939 0.000000 2.855825 0.000000 0.000000 1.000000 0.000000
0.999956 -0.009367 0.000000 69.161312 0.009367 0.999956 0.000000 2.846416 0.000000 0.000000 1.000000 0.000000
0.999963 -0.008601 0.000000 69.504268 0.008601 0.999963 0.000000 2.875072 0.000000 0.000000 1.000000 0.000000
0.999966 -0.008295 0.000000 69.794325 0.008295 0.999966 0.000000 2.883068 0.000000 0.000000 1.000000 0.000000
0.999966 -0.008210 0.000000 70.083766 0.008210 0.999966 0.000000 2.885139 0.000000 0.000000 1.000000 0.000000
0.999968 -0.007966 0.000000 70.394360 0.007966 0.999968 0.000000 2.876428 0.000000 0.000000 1.000000 0.000000
0.999968 -0.007956 0.000000 70.666362 0.007956 0.999968 0.000000 2.887909 0.000000 0.000000 1.000000 0.000000
0.999970 -0.007796 0.000000 70.903644 0.007796 0.999970 0.000000 2.899222 0.000000 0.000000 1.000000 0.000000
0.999968 -0.008062 0.000000 71.217334 0.008062 0.999968 0.000000 2.911078 0.000000 0.000000 1.000000 0.000000
0.999964 -0.008529 0.000000 71.454316 0.008529 0.999964 0.000000 2.926977 0.000000 0.000000 1.000000 0.000000
0.999955 -0.009454 0.000000 71.762766 0.009454 0.999955 0.000000 2.949752 0.000000 0.000000 1.000000 0.000000
0.999959 -0.009031 0.000000 72.078638 0.009031 0.999959 0.000000 2.958112 0.000000 0.000000 1.000000 0.000000
0.999951 -0.009901 0.000000 72.367743 0.009901 0.999951 0.000000 2.979674 0.000000 0.000000 1.000000 0.000000
0.999955 -0.009464 0.000000 72.651431 0.009464 0.999955 0.000000 2.999798 0.000000 0.000000 1.000000 0.000000
0.999951 -0.009920 0.000000 72.972282 0.009920 0.999951 0.000000 2.995446 0.000000 0.000000 1.000000 0.000000
0.999939 -0.011017 0.000000 73.275117 0.011017 0.999939 0.000000 3.014062 0.000000 0.000000 1.000000 0.000000
0.999938 -0.011150 0.000000 73.611101 0.011150 0.999938 0.000000 3.020985 0.000000 0.000000 1.000000 0.000000
0.999928 -0.012000 0.000000 73.935259 0.012000 0.999928 0.000000 3.049331 0.000000 0.000000 1.000000 0.000000
0.999932 -0.011701 0.000000 74.221884 0.011701 0.999932 0.000000 3.039948 0.000000 0.000000 1.000000 0.000000
0.999929 -0.011942 0.000000 74.548199 0.011942 0.999929 0.000000 3.054082 0.000000 0.000000 1.000000 0.000000
0.999926 -0.012154 0.000000 74.831249 0.012154 0.999926 0.000000 3.048309 0.000000 0.000000 1.000000 0.000000
0.999911 -0.013353 0.000000 75.133795 0.013353 0.999911 0.000000 3.079500 0.000000 0.000000 1.000000 0.000000
0.999899 -0.014200 0.000000 75.469185 0.014200 0.999899 0.000000 3.096842 0.000000 0.000000 1.000000 0.000000
0.999867 -0.016313 0.000000 75.789227 0.016313 0.999867 0.000000 3.108384 0.000000 0.000000 1.000000 0.000000
0.999853 -0.017147 0.000000 76.060822 0.017147 0.999853 0.000000 3.129045 0.000000 0.000000 1.000000 0.000000
0.999846 -0.017557 0.000000 76.387076 0.017557 0.999846 0.000000 3.168046 0.000000 0.000000 1.000000 0.000000
0.999824 -0.018744 0.000000 76.708597 0.018744 0.999824 0.000000 3.166334 0.000000 0.000000 1.000000 0.000000
0.999804 -0.019816 0.000000 77.018783 0.019816 0.999804 0.000000 3.190342 0.000000 0.000000 1.000000 0.000000
0.999773 -0.021294 0.000000 77.329509 0.021294 0.999773 0.000000 3.210967 0.000000 0.000000 1.000000 0.000000
0.999757 -0.022035 0.000000 77.656892 0.022035 0.999757 0.000000 3.219570 0.000000 0.000000 1.000000 0.000000
0.999735 -0.023010 0.000000 77.988552 0.023010 0.999735 0.000000 3.244553 0.000000 0.000000 1.000000 0.000000
0.999710 -0.024068 0.000000 78.288299 0.024068 0.999710 0.000000 3.268283 0.000000 0.000000 1.000000 0.000000
0.999662 -0.025979 0.000000 78.547922 0.025979 0.999662 0.000000 3.271629 0.000000 0.000000 1.000000 0.000000
0.999623 -0.027455 0.000000 78.947534 0.027455 0.999623 0.000000 3.316817 0.000000 0.000000 1.000000 0.000000
0.999601 -0.028238 0.000000 79.295754 0.028238 0.999601 0.000000 3.346535 0.000000 0.000000 1.000000 0.000000
0.999564 -0.029539 0.000000 79.602366 0.029539 0.999564 0.000000 3.340610 0.000000 0.000000 1.000000 0.000000
0.999522 -0.030904 0.000000 79.877177 0.030904 0.999522 0.000000 3.389728 0.000000 0.000000 1.000000 0.000000
0.999494 -0.031818 0.000000 80.149188 0.031818 0.999494 0.000000 3.404529 0.000000 0.000000 1.000000 0.000000
0.999479 -0.032263 0.000000 80.441489 0.032263 0.999479 0.000000 3.438644 0.000000 0.000000 1.000000 0.000000
0.999430 -0.033766 0.000000 80.757275 0.033766 0.999430 0.000000 3.443234 0.000000 0.000000 1.000000 0.000000
0.999396 -0.034740 0.000000 81.070591 0.034740 0.999396 0.000000 3.485512 0.000000 0.000000 1.000000 0.000000
0.999376 -0.035327 0.000000 81.375238 0.035327 0.999376 0.000000 3.482587 0.000000 0.000000 1.000000 0.000000
0.999331 -0.036560 0.000000 81.643391 0.036560 0.999331 0.000000 3.513220 0.000000 0.000000 1.000000 0.000000
0.999311 -0.037113 0.000000 81.952734 0.037113 0.999311 0.000000 3.532303 0.000000 0.000000 1.000000 0.000000
0.999314 -0.037043 0.000000 82.289995 0.037043 0.999314 0.000000 3.574454 0.000000 0.000000 1.000000 0.000000
0.999280 -0.037940 0.000000 82.582542 0.037940 0.999280 0.000000 3.599443 0.000000 0.000000 1.000000 0.000000
0.999274 -0.038110 0.000000 82.926237 0.038110 0.999274 0.000000 3.603431 0.000000 0.000000 1.000000 0.000000
0.999263 -0.038396 0.000000 83.199406 0.038396 0.999263 0.000000 3.641664 0.000000 0.000000 1.000000 0.000000
0.999237 -0.039051 0.000000 83.483687 0.039051 0.999237 0.000000 3.655328 0.000000 0.000000 1.000000 0.000000
0.999267 -0.038286 0.000000 83.774288 0.038286 0.999267 0.000000 3.679235 0.000000 0.000000 1.000000 0.000000
0.999277 -0.038019 0.000000 84.082546 0.038019 0.999277 0.000000 3.725093 0.000000 0.000000 1.000000 0.000000
0.999306 -0.037237 0.000000 84.391156 0.037237 0.999306 0.000000 3.677180 0.000000 0.000000 1.000000 0.000000
0.999400 -0.034641 0.000000 84.664813 0.034641 0.999400 0.000000 3.724311 0.000000 0.000000 1.000000 0.000000
0.999532 -0.030598 0.000000 84.939650 0.030598 0.999532 0.000000 3.765910 0.000000 0.000000 1.000000 0.000000
0.999706 -0.024237 0.000000 85.237424 0.024237 0.999706 0.000000 3.803905 0.000000 0.000000 1.000000 0.000000
0.999797 -0.020143 0.000000 85.545829 0.020143 0.999797 0.000000 3.828929 0.000000 0.000000 1.000000 0.000000
0.999951 -0.009865 0.000000 85.853214 0.009865 0.999951 0.000000 3.825695 0.000000 0.000000 1.000000 0.000000
0.999999 -0.001543 0.000000 86.186754 0.001543 0.999999 0.000000 3.830774 0.000000 0.000000 1.000000 0.000000
0.999969 0.007832 0.000000 86.482098 -0.007832 0.999969 0.000000 3.808916 0.000000 0.000000 1.000000 0.000000
0.999852 0.017182 0.000000 86.804234 -0.017182 0.999852 0.000000 3.791759 0.000000 0.000000 1.000000 0.000000
0.999638 0.026887 0.000000 87.120588 -0.026887 0.999638 0.000000 3.810810 0.000000 0.000000 1.000000 0.000000
0.999275 0.038084 0.000000 87.488303 -0.038084 0.999275 0.000000 3.821024 0.000000 0.000000 1.000000 0.000000
0.998712 0.050733 0.000000 87.775007 -0.050733 0.998712 0.000000 3.811970 0.000000 0.000000 1.000000 0.000000
0.997959 0.063861 0.000000 88.066020 -0.063861 0.997959 0.000000 3.796412 0.000000 0.000000 1.000000 0.000000
0.996882 0.078901 0.000000 88.377733 -0.078901 0.996882 0.000000 3.778629 0.000000 0.000000 1.000000 0.000000
0.995682 0.092826 0.000000 88.669628 -0.092826 0.995682 0.000000 3.757964 0.000000 0.000000 1.000000 0.000000
0.993893 0.110347 0.000000 88.938773 -0.110347 0.993893 0.000000 3.738599 0.000000 0.000000 1.000000 0.000000
0.991717 0.128442 0.000000 89.277644 -0.128442 0.991717 0.000000 3.676721 0.000000 0.000000 1.000000 0.000000
0.988944 0.148287 0.000000 89.530272 -0.148287 0.988944 0.000000 3.620069 0.000000 0.000000 1.000000 0.000000
0.985756 0.168181 0.000000 89.844496 -0.168181 0.985756 0.000000 3.585480 0.000000 0.000000 1.000000 0.000000
0.981518 0.191370 0.000000 90.102448 -0.191370 0.981518 0.000000 3.499029 0.000000 0.000000 1.000000 0.000000
0.976524 0.215407 0.000000 90.329412 -0.215407 0.976524 0.000000 3.466542 0.000000 0.000000 1.000000 0.000000
0.971083 0.238743 0.000000 90.629349 -0.238743 0.971083 0.000000 3.383966 0.000000 0.000000 1.000000 0.000000
0.964799 0.262987 0.000000 90.870873 -0.262987 0.964799 0.000000 3.293081 0.000000 0.000000 1.000000 0.000000
0.957887 0.287145 0.000000 91.144799 -0.287145 0.957887 0.000000 3.243136 0.000000 0.000000 1.000000 0.000000
0.951308 0.308243 0.000000 91.364291 -0.308243 0.951308 0.000000 3.141125 0.000000 0.000000 1.000000 0.000000
0.943533 0.331278 0.000000 91.629514 -0.331278 0.943533 0.000000 3.031178 0.000000 0.000000 1.000000 0.000000
0.933874 0.357603 0.000000 91.833052 -0.357603 0.933874 0.000000 2.930250 0.000000 0.000000 1.000000 0.000000
0.924294 0.381681 0.000000 91.992565 -0.381681 0.924294 0.000000 2.804592 0.000000 0.000000 1.000000 0.000000
0.913355 0.407165 0.000000 92.304974 -0.407165 0.913355 0.000000 2.699674 0.000000 0.000000 1.000000 0.000000
0.902015 0.431704 0.000000 92.548701 -0.431704 0.902015 0.000000 2.589653 0.000000 0.000000 1.000000 0.000000
0.890997 0.454009 0.000000 92.773500 -0.454009 0.890997 0.000000 2.483558 0.000000 0.000000 1.000000 0.000000
0.879774 0.475392 0.000000 92.905936 -0.475392 0.879774 0.000000 2.346750 0.000000 0.000000 1.000000 0.000000
0.868680 0.495374 0.000000 93.165001 -0.495374 0.868680 0.000000 2.188974 0.000000 0.000000 1.000000 0.000000
0.855373 0.518012 0.000000 93.396920 -0.518012 0.855373 0.000000 2.047516 0.000000 0.000000 1.000000 0.000000
0.840431 0.541919 0.000000 93.604627 -0.541919 0.840431 0.000000 1.871821 0.000000 0.000000 1.000000 0.000000
0.825750 0.564036 0.000000 93.871047 -0.564036 0.825750 0.000000 1.702537 0.000000 0.000000 1.000000 0.000000
0.807452 0.589933 0.000000 94.028141 -0.589933 0.807452 0.000000 1.503837 0.000000 0.000000 1.000000 0.000000
0.785941 0.618301 0.000000 94.305360 -0.618301 0.785941 0.000000 1.305920 0.000000 0.000000 1.000000 0.000000
0.759818 0.650136 0.000000 94.543814 -0.650136 0.759818 0.000000 1.107809 0.000000 0.000000 1.000000 0.000000
0.735779 0.677221 0.000000 94.709403 -0.677221 0.735779 0.000000 0.905802 0.000000 0.000000 1.000000 0.000000
0.705665 0.708546 0.000000 94.875731 -0.708546 0.705665 0.000000 0.670531 0.000000 0.000000 1.000000 0.000000
0.672330 0.740252 0.000000 95.062123 -0.740252 0.672330 0.000000 0.415109 0.000000 0.000000 1.000000 0.000000
0.638164 0.769901 0.000000 95.307764 -0.769901 0.638164 0.000000 0.212304 0.000000 0.000000 1.000000 0.000000
0.604549 0.796568 0.000000 95.456961 -0.796568 0.604549 0.000000 -0.061809 0.000000 0.000000 1.000000 0.000000
0.568402 0.822751 0.000000 95.619212 -0.822751 0.568402 0.000000 -0.292547 0.000000 0.000000 1.000000 0.000000
0.533309 0.845921 0.000000 95.783686 -0.845921 0.533309 0.000000 -0.543776 0.000000 0.000000 1.000000 0.000000
0.496788 0.867872 0.000000 95.861162 -0.867872 0.496788 0.000000 -0.826112 0.000000 0.000000 1.000000 0.000000
0.460994 0.887403 0.000000 95.974855 -0.887403 0.460994 0.000000 -1.103245 0.000000 0.000000 1.000000 0.000000
0.422590 0.906321 0.000000 96.090799 -0.906321 0.422590 0.000000 -1.375984 0.000000 0.000000 1.000000 0.000000
0.385373 0.922761 0.000000 96.169714 -0.922761 0.385373 0.000000 -1.679485 0.000000 0.000000 1.000000 0.000000
0.349201 0.937048 0.000000 96.194777 -0.937048 0.349201 0.000000 -1.984580 0.000000 0.000000 1.000000 0.000000
0.314307 0.949321 0.000000 96.319539 -0.949321 0.314307 0.000000 -2.255678 0.000000 0.000000 1.000000 0.000000
0.284922 0.958551 0.000000 96.376192 -0.958551 0.284922 0.000000 -2.567022 0.000000 0.000000 1.000000 0.000000
0.261374 0.965238 0.000000 96.355750 -0.965238 0.261374 0.000000 -2.866805 0.000000 0.000000 1.000000 0.000000
0.237743 0.971328 0.000000 96.446632 -0.971328 0.237743 0.000000 -3.161894 0.000000 0.000000 1.000000 0.000000
0.215437 0.976518 0.000000 96.493740 -0.976518 0.215437 0.000000 -3.479492 0.000000 0.000000 1.000000 0.000000
0.196815 0.980441 0.000000 96.535331 -0.980441 0.196815 0.000000 -3.802224 0.000000 0.000000 1.000000 0.000000
0.178307 0.983975 0.000000 96.550412 -0.983975 0.178307 0.000000 -4.095650 0.000000 0.000000 1.000000 0.000000
0.163767 0.986499 0.000000 96.586706 -0.986499 0.163767 0.000000 -4.417929 0.000000 0.000000 1.000000 0.000000
0.151290 0.988489 0.000000 96.620907 -0.988489 0.151290 0.000000 -4.712992 0.000000 0.000000 1.000000 0.000000
