1.000000 0.000000 0.000000 0.000000 0.000000 1.000000 0.000000 0.000000 0.000000 0.000000 1.000000 0.000000
1.000000 -0.000131 0.000000 0.002571 0.000131 1.000000 0.000000 0.001975 0.000000 0.000000 1.000000 0.000000
1.000000 0.000129 0.000000 0.000404 -0.000129 1.000000 0.000000 0.000623 0.000000 0.000000 1.000000 0.000000
1.000000 -0.000047 0.000000 -0.000639 0.000047 1.000000 0.000000 -0.002018 0.000000 0.000000 1.000000 0.000000
1.000000 -0.000006 0.000000 -0.000511 0.000006 1.000000 0.000000 0.005277 0.000000 0.000000 1.000000 0.000000
1.000000 0.000010 0.000000 0.000742 -0.000010 1.000000 0.000000 -0.000094 0.000000 0.000000 1.000000 0.000000
1.000000 -0.000127 0.000000 0.006575 0.000127 1.000000 0.000000 -0.001711 0.000000 0.000000 1.000000 0.000000
1.000000 0.000024 0.000000 0.005355 -0.000024 1.000000 0.000000 -0.000199 0.000000 0.000000 1.000000 0.000000
1.000000 0.000047 0.000000 0.005579 -0.000047 1.000000 0.000000 -0.002264 0.000000 0.000000 1.000000 0.000000
1.000000 -0.000055 0.000000 0.000230 0.000055 1.000000 0.000000 0.002460 0.000000 0.000000 1.000000 0.000000
1.000000 -0.000130 0.000000 0.001438 0.000130 1.000000 0.000000 0.005722 0.000000 0.000000 1.000000 0.000000
1.000000 -0.000190 0.000000 0.000035 0.000190 1.000000 0.000000 0.002685 0.000000 0.000000 1.000000 0.000000
1.000000 -0.000220 0.000000 0.003949 0.000220 1.000000 0.000000 0.002744 0.000000 0.000000 1.000000 0.000000
1.000000 -0.000122 0.000000 0.002661 0.000122 1.000000 0.000000 0.001032 0.000000 0.000000 1.000000 0.000000
1.000000 -0.000074 0.000000 0.001441 0.000074 1.000000 0.000000 -0.002234 0.000000 0.000000 1.000000 0.000000
1.000000 -0.000159 0.000000 0.003183 0.000159 1.000000 0.000000 0.000457 0.000000 0.000000 1.000000 0.000000
1.000000 -0.000007 0.000000 0.005154 0.000007 1.000000 0.000000 0.002103 0.000000 0.000000 1.000000 0.000000
1.000000 -0.000079 0.000000 0.004964 0.000079 1.000000 0.000000 0.003539 0.000000 0.000000 1.000000 0.000000
1.000000 -0.000149 0.000000 0.004312 0.000149 1.000000 0.000000 0.007297 0.000000 0.000000 1.000000 0.000000
1.000000 -0.000125 0.000000 0.002412 0.000125 1.000000 0.000000 -0.002836 0.000000 0.000000 1.000000 0.000000
1.000000 -0.000194 0.000000 0.001399 0.000194 1.000000 0.000000 0.001183 0.000000 0.000000 1.000000 0.000000
1.000000 -0.000226 0.000000 0.002321 0.000226 1.000000 0.000000 0.000681 0.000000 0.000000 1.000000 0.000000
1.000000 -0.000285 0.000000 0.005540 0.000285 1.000000 0.000000 -0.000703 0.000000 0.000000 1.000000 0.000000
1.000000 -0.000241 0.000000 0.000895 0.000241 1.000000 0.000000 0.008038 0.000000 0.000000 1.000000 0.000000
1.000000 -0.000158 0.000000 0.003916 0.000158 1.000000 0.000000 0.000298 0.000000 0.000000 1.000000 0.000000
1.000000 -0.000237 0.000000 0.002301 0.000237 1.000000 0.000000 -0.000245 0.000000 0.000000 1.000000 0.000000
1.000000 -0.000232 0.000000 0.004071 0.000232 1.000000 0.000000 0.007640 0.000000 0.000000 1.000000 0.000000
1.000000 -0.000157 0.000000 0.000789 0.000157 1.000000 0.000000 -0.000354 0.000000 0.000000 1.000000 0.000000
1.000000 -0.000312 0.000000 0.002788 0.000312 1.000000 0.000000 -0.001612 0.000000 0.000000 1.000000 0.000000
1.000000 -0.000183 0.000000 0.000960 0.000183 1.000000 0.000000 0.003681 0.000000 0.000000 1.000000 0.000000
1.000000 -0.000134 0.000000 0.002063 0.000134 1.000000 0.000000 0.005235 0.000000 0.000000 1.000000 0.000000
1.000000 -0.000149 0.000000 0.005098 0.000149 1.000000 0.000000 -0.003701 0.000000 0.000000 1.000000 0.000000
1.000000 -0.000197 0.000000 0.007320 0.000197 1.000000 0.000000 0.001129 0.000000 0.000000 1.000000 0.000000
1.000000 -0.000280 0.000000 0.004214 0.000280 1.000000 0.000000 0.000848 0.000000 0.000000 1.000000 0.000000
1.000000 -0.000140 0.000000 0.007917 0.000140 1.000000 0.000000 -0.001574 0.000000 0.000000 1.000000 0.000000
1.000000 -0.000119 0.000000 0.005504 0.000119 1.000000 0.000000 0.002480 0.000000 0.000000 1.000000 0.000000
1.000000 -0.000106 0.000000 0.000887 0.000106 1.000000 0.000000 0.003148 0.000000 0.000000 1.000000 0.000000
1.000000 -0.000244 0.000000 0.000891 0.000244 1.000000 0.000000 0.002013 0.000000 0.000000 1.000000 0.000000
1.000000 -0.000065 0.000000 0.004523 0.000065 1.000000 0.000000 -0.001366 0.000000 0.000000 1.000000 0.000000
1.000000 -0.000263 0.000000 0.002090 0.000263 1.000000 0.000000 0.006477 0.000000 0.000000 1.000000 0.000000
1.000000 -0.000142 0.000000 0.000761 0.000142 1.000000 0.000000 -0.001035 0.000000 0.000000 1.000000 0.000000
1.000000 -0.000125 0.000000 0.001362 0.000125 1.000000 0.000000 0.002136 0.000000 0.000000 1.000000 0.000000
1.000000 -0.000175 0.000000 0.006570 0.000175 1.000000 0.000000 0.008369 0.000000 0.000000 1.000000 0.000000
1.000000 -0.000260 0.000000 0.010117 0.000260 1.000000 0.000000 -0.000596 0.000000 0.000000 1.000000 0.000000
1.000000 -0.000123 0.000000 0.007711 0.000123 1.000000 0.000000 0.000762 0.000000 0.000000 1.000000 0.000000
1.000000 -0.000082 0.000000 -0.000602 0.000082 1.000000 0.000000 0.001584 0.000000 0.000000 1.000000 0.000000
1.000000 -0.000172 0.000000 0.000228 0.000172 1.000000 0.000000 0.000022 0.000000 0.000000 1.000000 0.000000
1.000000 -0.000111 0.000000 0.003556 0.000111 1.000000 0.000000 0.000841 0.000000 0.000000 1.000000 0.000000
1.000000 -0.000118 0.000000 0.006174 0.000118 1.000000 0.000000 0.004195 0.000000 0.000000 1.000000 0.000000
1.000000 -0.000281 0.000000 0.004089 0.000281 1.000000 0.000000 0.002667 0.000000 0.000000 1.000000 0.000000
1.000000 -0.000369 0.000000 0.004808 0.000369 1.000000 0.000000 0.002870 0.000000 0.000000 1.000000 0.000000
1.000000 -0.000338 0.000000 0.004380 0.000338 1.000000 0.000000 0.003540 0.000000 0.000000 1.000000 0.000000
1.000000 -0.000071 0.000000 0.001075 0.000071 1.000000 0.000000 -0.005871 0.000000 0.000000 1.000000 0.000000
1.000000 -0.000256 0.000000 0.002931 0.000256 1.000000 0.000000 0.002568 0.000000 0.000000 1.000000 0.000000
1.000000 -0.000316 0.000000 0.005053 0.000316 1.000000 0.000000 -0.002880 0.000000 0.000000 1.000000 0.000000
1.000000 -0.000274 0.000000 0.003971 0.000274 1.000000 0.000000 0.002188 0.000000 0.000000 1.000000 0.000000
1.000000 -0.000353 0.000000 0.006001 0.000353 1.000000 0.000000 -0.000114 0.000000 0.000000 1.000000 0.000000
1.000000 -0.000238 0.000000 0.003740 0.000238 1.000000 0.000000 -0.001500 0.000000 0.000000 1.000000 0.000000
1.000000 -0.000073 0.000000 0.011962 0.000073 1.000000 0.000000 -0.001481 0.000000 0.000000 1.000000 0.000000
1.000000 -0.000117 0.000000 0.001223 0.000117 1.000000 0.000000 0.003789 0.000000 0.000000 1.000000 0.000000
1.000000 -0.000098 0.000000 0.004182 0.000098 1.000000 0.000000 0.003340 0.000000 0.000000 1.000000 0.000000
1.000000 -0.000155 0.000000 0.006239 0.000155 1.000000 0.000000 0.000000 0.000000 0.000000 1.000000 0.000000
1.000000 -0.000073 0.000000 0.002496 0.000073 1.000000 0.000000 -0.002890 0.000000 0.000000 1.000000 0.000000
1.000000 -0.000087 0.000000 0.004117 0.000087 1.000000 0.000000 -0.005507 0.000000 0.000000 1.000000 0.000000
1.000000 -0.000235 0.000000 0.008303 0.000235 1.000000 0.000000 0.004821 0.000000 0.000000 1.000000 0.000000
1.000000 -0.000177 0.000000 0.007092 0.000177 1.000000 0.000000 -0.000059 0.000000 0.000000 1.000000 0.000000
1.000000 -0.000197 0.000000 0.005283 0.000197 1.000000 0.000000 -0.000550 0.000000 0.000000 1.000000 0.000000
1.000000 -0.000294 0.000000 0.004269 0.000294 1.000000 0.000000 -0.001222 0.000000 0.000000 1.000000 0.000000
1.000000 -0.000276 0.000000 0.006734 0.000276 1.000000 0.000000 0.003810 0.000000 0.000000 1.000000 0.000000
1.000000 -0.000234 0.000000 0.007479 0.000234 1.000000 0.000000 0.006541 0.000000 0.000000 1.000000 0.000000
1.000000 -0.000206 0.000000 -0.002723 0.000206 1.000000 0.000000 -0.004533 0.000000 0.000000 1.000000 0.000000
1.000000 -0.000197 0.000000 0.001823 0.000197 1.000000 0.000000 0.001621 0.000000 0.000000 1.000000 0.000000
1.000000 -0.000092 0.000000 0.008742 0.000092 1.000000 0.000000 -0.006992 0.000000 0.000000 1.000000 0.000000
1.000000 -0.000213 0.000000 0.034968 0.000213 1.000000 0.000000 -0.008303 0.000000 0.000000 1.000000 0.000000
1.000000 -0.000734 0.000000 0.093744 0.000734 1.000000 0.000000 -0.004564 0.000000 0.000000 1.000000 0.000000
0.999996 -0.002884 0.000000 0.147811 0.002884 0.999996 0.000000 -0.019282 0.000000 0.000000 1.000000 0.000000
0.999929 -0.011880 0.000000 0.265828 0.011880 0.999929 0.000000 0.006881 0.000000 0.000000 1.000000 0.000000
0.999754 -0.022185 0.000000 0.426656 0.022185 0.999754 0.000000 -0.020974 0.000000 0.000000 1.000000 0.000000
0.999331 -0.036573 0.000000 0.672820 0.036573 0.999331 0.000000 0.000023 0.000000 0.000000 1.000000 0.000000
0.998372 -0.057041 0.000000 0.956735 0.057041 0.998372 0.000000 0.032856 0.000000 0.000000 1.000000 0.000000
0.996686 -0.081340 0.000000 1.301250 0.081340 0.996686 0.000000 0.139809 0.000000 0.000000 1.000000 0.000000
0.994880 -0.101066 0.000000 1.776005 0.101066 0.994880 0.000000 0.130724 0.000000 0.000000 1.000000 0.000000
0.991865 -0.127295 0.000000 2.272562 0.127295 0.991865 0.000000 0.242578 0.000000 0.000000 1.000000 0.000000
0.989250 -0.146236 0.000000 2.879314 0.146236 0.989250 0.000000 0.285974 0.000000 0.000000 1.000000 0.000000
0.987192 -0.159535 0.000000 3.551326 0.159535 0.987192 0.000000 0.447196 0.000000 0.000000 1.000000 0.000000
0.986291 -0.165013 0.000000 4.250744 0.165013 0.986291 0.000000 0.549625 0.000000 0.000000 1.000000 0.000000
0.986108 -0.166104 0.000000 5.086095 0.166104 0.986108 0.000000 0.689266 0.000000 0.000000 1.000000 0.000000
0.986614 -0.163076 0.000000 5.975724 0.163076 0.986614 0.000000 0.763524 0.000000 0.000000 1.000000 0.000000
0.987108 -0.160053 0.000000 6.971960 0.160053 0.987108 0.000000 0.896667 0.000000 0.000000 1.000000 0.000000
0.988299 -0.152530 0.000000 8.012865 0.152530 0.988299 0.000000 1.074225 0.000000 0.000000 1.000000 0.000000
0.990008 -0.141011 0.000000 9.162274 0.141011 0.990008 0.000000 1.177385 0.000000 0.000000 1.000000 0.000000
0.992013 -0.126135 0.000000 10.344851 0.126135 0.992013 0.000000 1.337928 0.000000 0.000000 1.000000 0.000000
0.994052 -0.108906 0.000000 11.626296 0.108906 0.994052 0.000000 1.468864 0.000000 0.000000 1.000000 0.000000
0.996053 -0.088764 0.000000 12.962583 0.088764 0.996053 0.000000 1.534434 0.000000 0.000000 1.000000 0.000000
0.997708 -0.067669 0.000000 14.357712 0.067669 0.997708 0.000000 1.605080 0.000000 0.000000 1.000000 0.000000
0.998921 -0.046437 0.000000 15.795645 0.046437 0.998921 0.000000 1.631152 0.000000 0.000000 1.000000 0.000000
0.999771 -0.021413 0.000000 17.264658 0.021413 0.999771 0.000000 1.648415 0.000000 0.000000 1.000000 0.000000
1.000000 -0.000501 0.000000 18.743694 0.000501 1.000000 0.000000 1.598033 0.000000 0.000000 1.000000 0.000000
0.999968 0.008028 0.000000 20.226204 -0.008028 0.999968 0.000000 1.456953 0.000000 0.000000 1.000000 0.000000
0.999948 0.010183 0.000000 21.860951 -0.010183 0.999948 0.000000 1.496925 0.000000 0.000000 1.000000 0.000000
0.999982 0.006012 0.000000 23.472019 -0.006012 0.999982 0.000000 1.477924 0.000000 0.000000 1.000000 0.000000
0.999995 0.003220 0.000000 25.130742 -0.003220 0.999995 0.000000 1.461036 0.000000 0.000000 1.000000 0.000000
0.999997 0.002465 0.000000 26.762889 -0.002465 0.999997 0.000000 1.472066 0.000000 0.000000 1.000000 0.000000
0.999997 0.002580 0.000000 28.441906 -0.002580 0.999997 0.000000 1.438883 0.000000 0.000000 1.000000 0.000000
0.999996 0.002946 0.000000 30.128323 -0.002946 0.999996 0.000000 1.468072 0.000000 0.000000 1.000000 0.000000
0.999994 0.003490 0.000000 31.875747 -0.003490 0.999994 0.000000 1.421190 0.000000 0.000000 1.000000 0.000000
0.999996 0.002871 0.000000 33.645267 -0.002871 0.999996 0.000000 1.388380 0.000000 0.000000 1.000000 0.000000
0.999998 0.002233 0.000000 35.443251 -0.002233 0.999998 0.000000 1.353132 0.000000 0.000000 1.000000 0.000000
0.999994 0.003511 0.000000 37.256653 -0.003511 0.999994 0.000000 1.339618 0.000000 0.000000 1.000000 0.000000
0.999991 0.004324 0.000000 39.101998 -0.004324 0.999991 0.000000 1.294431 0.000000 0.000000 1.000000 0.000000
0.999981 0.006137 0.000000 41.008378 -0.006137 0.999981 0.000000 1.235653 0.000000 0.000000 1.000000 0.000000
0.999970 0.007710 0.000000 42.919463 -0.007710 0.999970 0.000000 1.193054 0.000000 0.000000 1.000000 0.000000
0.999962 0.008717 0.000000 44.849069 -0.008717 0.999962 0.000000 1.153230 0.000000 0.000000 1.000000 0.000000
0.999952 0.009819 0.000000 46.808280 -0.009819 0.999952 0.000000 1.129404 0.000000 0.000000 1.000000 0.000000
0.999943 0.010663 0.000000 48.802372 -0.010663 0.999943 0.000000 1.072609 0.000000 0.000000 1.000000 0.000000
0.999921 0.012578 0.000000 50.804665 -0.012578 0.999921 0.000000 1.008250 0.000000 0.000000 1.000000 0.000000
0.999891 0.014794 0.000000 52.797148 -0.014794 0.999891 0.000000 0.974803 0.000000 0.000000 1.000000 0.000000
0.999877 0.015696 0.000000 54.838947 -0.015696 0.999877 0.000000 0.901470 0.000000 0.000000 1.000000 0.000000
0.999839 0.017957 0.000000 56.987689 -0.017957 0.999839 0.000000 0.816516 0.000000 0.000000 1.000000 0.000000
0.999811 0.019421 0.000000 59.108493 -0.019421 0.999811 0.000000 0.772265 0.000000 0.000000 1.000000 0.000000
0.999792 0.020394 0.000000 61.243805 -0.020394 0.999792 0.000000 0.732022 0.000000 0.000000 1.000000 0.000000
0.999778 0.021087 0.000000 63.441278 -0.021087 0.999778 0.000000 0.608970 0.000000 0.000000 1.000000 0.000000
0.999767 0.021599 0.000000 65.680264 -0.021599 0.999767 0.000000 0.541228 0.000000 0.000000 1.000000 0.000000
0.999751 0.022303 0.000000 67.914429 -0.022303 0.999751 0.000000 0.435365 0.000000 0.000000 1.000000 0.000000
0.999722 0.023598 0.000000 70.162528 -0.023598 0.999722 0.000000 0.353668 0.000000 0.000000 1.000000 0.000000
0.999676 0.025439 0.000000 72.454440 -0.025439 0.999676 0.000000 0.246970 0.000000 0.000000 1.000000 0.000000
0.999648 0.026528 0.000000 74.761570 -0.026528 0.999648 0.000000 0.177485 0.000000 0.000000 1.000000 0.000000
0.999703 0.024355 0.000000 77.061930 -0.024355 0.999703 0.000000 0.091890 0.000000 0.000000 1.000000 0.000000
0.999722 0.023570 0.000000 79.429085 -0.023570 0.999722 0.000000 -0.030964 0.000000 0.000000 1.000000 0.000000
0.999652 0.026394 0.000000 81.780952 -0.026394 0.999652 0.000000 -0.024253 0.000000 0.000000 1.000000 0.000000
0.999656 0.026234 0.000000 84.165877 -0.026234 0.999656 0.000000 -0.185918 0.000000 0.000000 1.000000 0.000000
0.999710 0.024090 0.000000 86.521677 -0.024090 0.999710 0.000000 -0.272850 0.000000 0.000000 1.000000 0.000000
0.999766 0.021649 0.000000 88.880486 -0.021649 0.999766 0.000000 -0.348958 0.000000 0.000000 1.000000 0.000000
0.999820 0.018998 0.000000 91.247277 -0.018998 0.999820 0.000000 -0.423025 0.000000 0.000000 1.000000 0.000000
0.999881 0.015421 0.000000 93.632611 -0.015421 0.999881 0.000000 -0.502525 0.000000 0.000000 1.000000 0.000000
0.999962 0.008680 0.000000 96.074700 -0.008680 0.999962 0.000000 -0.549708 0.000000 0.000000 1.000000 0.000000
0.999999 0.001001 0.000000 98.465621 -0.001001 0.999999 0.000000 -0.540882 0.000000 0.000000 1.000000 0.000000
0.999972 -0.007460 0.000000 100.856067 0.007460 0.999972 0.000000 -0.600248 0.000000 0.000000 1.000000 0.000000
0.999916 -0.012954 0.000000 103.283874 0.012954 0.999916 0.000000 -0.593247 0.000000 0.000000 1.000000 0.000000
0.999849 -0.017397 0.000000 105.703362 0.017397 0.999849 0.000000 -0.617530 0.000000 0.000000 1.000000 0.000000
0.999754 -0.022178 0.000000 108.109954 0.022178 0.999754 0.000000 -0.592274 0.000000 0.000000 1.000000 0.000000
0.999731 -0.023194 0.000000 110.569070 0.023194 0.999731 0.000000 -0.570483 0.000000 0.000000 1.000000 0.000000
0.999750 -0.022373 0.000000 113.007638 0.022373 0.999750 0.000000 -0.567570 0.000000 0.000000 1.000000 0.000000
0.999754 -0.022183 0.000000 115.431565 0.022183 0.999754 0.000000 -0.559715 0.000000 0.000000 1.000000 0.000000
0.999801 -0.019929 0.000000 117.851468 0.019929 0.999801 0.000000 -0.538889 0.000000 0.000000 1.000000 0.000000
0.999797 -0.020168 0.000000 120.277001 0.020168 0.999797 0.000000 -0.537771 0.000000 0.000000 1.000000 0.000000
0.999789 -0.020556 0.000000 122.637688 0.020556 0.999789 0.000000 -0.521095 0.000000 0.000000 1.000000 0.000000
0.999814 -0.019307 0.000000 124.967661 0.019307 0.999814 0.000000 -0.513668 0.000000 0.000000 1.000000 0.000000
0.999822 -0.018873 0.000000 127.341411 0.018873 0.999822 0.000000 -0.495464 0.000000 0.000000 1.000000 0.000000
0.999838 -0.018007 0.000000 129.590261 0.018007 0.999838 0.000000 -0.424450 0.000000 0.000000 1.000000 0.000000
0.999836 -0.018117 0.000000 131.916569 0.018117 0.999836 0.000000 -0.464634 0.000000 0.000000 1.000000 0.000000
0.999845 -0.017590 0.000000 134.182318 0.017590 0.999845 0.000000 -0.463189 0.000000 0.000000 1.000000 0.000000
0.999839 -0.017938 0.000000 136.411298 0.017938 0.999839 0.000000 -0.435902 0.000000 0.000000 1.000000 0.000000
0.999838 -0.017982 0.000000 138.600772 0.017982 0.999838 0.000000 -0.466218 0.000000 0.000000 1.000000 0.000000
0.999840 -0.017909 0.000000 140.734724 0.017909 0.999840 0.000000 -0.450439 0.000000 0.000000 1.000000 0.000000
0.999860 -0.016728 0.000000 142.785910 0.016728 0.999860 0.000000 -0.423459 0.000000 0.000000 1.000000 0.000000
0.999856 -0.016954 0.000000 144.818980 0.016954 0.999856 0.000000 -0.460827 0.000000 0.000000 1.000000 0.000000
0.999859 -0.016819 0.000000 146.793661 0.016819 0.999859 0.000000 -0.440783 0.000000 0.000000 1.000000 0.000000
0.999853 -0.017139 0.000000 148.662970 0.017139 0.999853 0.000000 -0.433169 0.000000 0.000000 1.000000 0.000000
0.999871 -0.016091 0.000000 150.537867 0.016091 0.999871 0.000000 -0.433485 0.000000 0.000000 1.000000 0.000000
0.999874 -0.015851 0.000000 152.356707 0.015851 0.999874 0.000000 -0.402818 0.000000 0.000000 1.000000 0.000000
0.999882 -0.015341 0.000000 154.117127 0.015341 0.999882 0.000000 -0.415570 0.000000 0.000000 1.000000 0.000000
0.999892 -0.014663 0.000000 155.800823 0.014663 0.999892 0.000000 -0.422886 0.000000 0.000000 1.000000 0.000000
0.999886 -0.015089 0.000000 157.456925 0.015089 0.999886 0.000000 -0.406926 0.000000 0.000000 1.000000 0.000000
0.999896 -0.014414 0.000000 159.064662 0.014414 0.999896 0.000000 -0.354238 0.000000 0.000000 1.000000 0.000000
0.999887 -0.015000 0.000000 160.608887 0.015000 0.999887 0.000000 -0.372785 0.000000 0.000000 1.000000 0.000000
0.999879 -0.015581 0.000000 162.060756 0.015581 0.999879 0.000000 -0.377737 0.000000 0.000000 1.000000 0.000000
0.999867 -0.016313 0.000000 163.457117 0.016313 0.999867 0.000000 -0.356265 0.000000 0.000000 1.000000 0.000000
0.999859 -0.016784 0.000000 164.819912 0.016784 0.999859 0.000000 -0.357021 0.000000 0.000000 1.000000 0.000000
0.999821 -0.018942 0.000000 166.097971 0.018942 0.999821 0.000000 -0.348113 0.000000 0.000000 1.000000 0.000000
0.999783 -0.020813 0.000000 167.324549 0.020813 0.999783 0.000000 -0.359398 0.000000 0.000000 1.000000 0.000000
0.999729 -0.023280 0.000000 168.438678 0.023280 0.999729 0.000000 -0.343350 0.000000 0.000000 1.000000 0.000000
0.999689 -0.024943 0.000000 169.551320 0.024943 0.999689 0.000000 -0.330020 0.000000 0.000000 1.000000 0.000000
0.999659 -0.026132 0.000000 170.583656 0.026132 0.999659 0.000000 -0.361742 0.000000 0.000000 1.000000 0.000000
0.999638 -0.026893 0.000000 171.507580 0.026893 0.999638 0.000000 -0.340609 0.000000 0.000000 1.000000 0.000000
0.999580 -0.028969 0.000000 172.354905 0.028969 0.999580 0.000000 -0.274991 0.000000 0.000000 1.000000 0.000000
0.999557 -0.029763 0.000000 173.181350 0.029763 0.999557 0.000000 -0.257658 0.000000 0.000000 1.000000 0.000000
0.999560 -0.029660 0.000000 173.952185 0.029660 0.999560 0.000000 -0.304672 0.000000 0.000000 1.000000 0.000000
0.999547 -0.030110 0.000000 174.636137 0.030110 0.999547 0.000000 -0.265706 0.000000 0.000000 1.000000 0.000000
0.999526 -0.030791 0.000000 175.230527 0.030791 0.999526 0.000000 -0.225141 0.000000 0.000000 1.000000 0.000000
0.999573 -0.029231 0.000000 175.764583 0.029231 0.999573 0.000000 -0.272842 0.000000 0.000000 1.000000 0.000000
0.999602 -0.028194 0.000000 176.268674 0.028194 0.999602 0.000000 -0.299016 0.000000 0.000000 1.000000 0.000000
0.999572 -0.029253 0.000000 176.676112 0.029253 0.999572 0.000000 -0.250598 0.000000 0.000000 1.000000 0.000000
0.999551 -0.029948 0.000000 177.020109 0.029948 0.999551 0.000000 -0.237312 0.000000 0.000000 1.000000 0.000000
0.999559 -0.029691 0.000000 177.299676 0.029691 0.999559 0.000000 -0.215178 0.000000 0.000000 1.000000 0.000000
0.999570 -0.029307 0.000000 177.515615 0.029307 0.999570 0.000000 -0.213880 0.000000 0.000000 1.000000 0.000000
0.999557 -0.029750 0.000000 177.738779 0.029750 0.999557 0.000000 -0.211263 0.000000 0.000000 1.000000 0.000000
0.999548 -0.030071 0.000000 177.938779 0.030071 0.999548 0.000000 -0.200218 0.000000 0.000000 1.000000 0.000000
0.999546 -0.030114 0.000000 178.106215 0.030114 0.999546 0.000000 -0.206522 0.000000 0.000000 1.000000 0.000000
0.999540 -0.030328 0.000000 178.235942 0.030328 0.999540 0.000000 -0.189547 0.000000 0.000000 1.000000 0.000000
0.999529 -0.030701 0.000000 178.359247 0.030701 0.999529 0.000000 -0.182572 0.000000 0.000000 1.000000 0.000000
0.999526 -0.030794 0.000000 178.443958 0.030794 0.999526 0.000000 -0.194026 0.000000 0.000000 1.000000 0.000000
0.999537 -0.030430 0.000000 178.521603 0.030430 0.999537 0.000000 -0.192001 0.000000 0.000000 1.000000 0.000000
0.999539 -0.030367 0.000000 178.616629 0.030367 0.999539 0.000000 -0.199217 0.000000 0.000000 1.000000 0.000000
0.999542 -0.030250 0.000000 178.682695 0.030250 0.999542 0.000000 -0.170622 0.000000 0.000000 1.000000 0.000000
0.999530 -0.030656 0.000000 178.771924 0.030656 0.999530 0.000000 -0.175198 0.000000 0.000000 1.000000 0.000000
0.999531 -0.030622 0.000000 178.852799 0.030622 0.999531 0.000000 -0.179891 0.000000 0.000000 1.000000 0.000000
0.999532 -0.030578 0.000000 178.949373 0.030578 0.999532 0.000000 -0.172447 0.000000 0.000000 1.000000 0.000000
0.999505 -0.031463 0.000000 179.078458 0.031463 0.999505 0.000000 -0.165050 0.000000 0.000000 1.000000 0.000000
0.999498 -0.031683 0.000000 179.239720 0.031683 0.999498 0.000000 -0.166424 0.000000 0.000000 1.000000 0.000000
0.999496 -0.031757 0.000000 179.447222 0.031757 0.999496 0.000000 -0.171536 0.000000 0.000000 1.000000 0.000000
0.999519 -0.031026 0.000000 179.716184 0.031026 0.999519 0.000000 -0.156818 0.000000 0.000000 1.000000 0.000000
0.999513 -0.031210 0.000000 179.986040 0.031210 0.999513 0.000000 -0.171127 0.000000 0.000000 1.000000 0.000000
0.999530 -0.030669 0.000000 180.288452 0.030669 0.999530 0.000000 -0.183896 0.000000 0.000000 1.000000 0.000000
0.999547 -0.030093 0.000000 180.699023 0.030093 0.999547 0.000000 -0.160520 0.000000 0.000000 1.000000 0.000000
0.999574 -0.029179 0.000000 181.165789 0.029179 0.999574 0.000000 -0.172336 0.000000 0.000000 1.000000 0.000000
0.999603 -0.028175 0.000000 181.718924 0.028175 0.999603 0.000000 -0.149212 0.000000 0.000000 1.000000 0.000000
0.999615 -0.027738 0.000000 182.295609 0.027738 0.999615 0.000000 -0.146511 0.000000 0.000000 1.000000 0.000000
0.999660 -0.026062 0.000000 182.974597 0.026062 0.999660 0.000000 -0.140018 0.000000 0.000000 1.000000 0.000000
0.999681 -0.025249 0.000000 183.732881 0.025249 0.999681 0.000000 -0.155919 0.000000 0.000000 1.000000 0.000000
0.999684 -0.025129 0.000000 184.536325 0.025129 0.999684 0.000000 -0.133243 0.000000 0.000000 1.000000 0.000000
0.999699 -0.024545 0.000000 185.513013 0.024545 0.999699 0.000000 -0.083536 0.000000 0.000000 1.000000 0.000000
0.999736 -0.022982 0.000000 186.539559 0.022982 0.999736 0.000000 -0.087160 0.000000 0.000000 1.000000 0.000000
0.999772 -0.021368 0.000000 187.654936 0.021368 0.999772 0.000000 -0.065426 0.000000 0.000000 1.000000 0.000000
0.999795 -0.020229 0.000000 188.926429 0.020229 0.999795 0.000000 -0.077447 0.000000 0.000000 1.000000 0.000000
0.999820 -0.018947 0.000000 190.224586 0.018947 0.999820 0.000000 -0.071272 0.000000 0.000000 1.000000 0.000000
0.999827 -0.018591 0.000000 191.624530 0.018591 0.999827 0.000000 -0.074765 0.000000 0.000000 1.000000 0.000000
0.999830 -0.018445 0.000000 193.093700 0.018445 0.999830 0.000000 -0.074014 0.000000 0.000000 1.000000 0.000000
0.999835 -0.018183 0.000000 194.669891 0.018183 0.999835 0.000000 -0.057322 0.000000 0.000000 1.000000 0.000000
0.999851 -0.017254 0.000000 196.266557 0.017254 0.999851 0.000000 -0.093288 0.000000 0.000000 1.000000 0.000000
0.999875 -0.015782 0.000000 197.951523 0.015782 0.999875 0.000000 -0.047251 0.000000 0.000000 1.000000 0.000000
0.999892 -0.014677 0.000000 199.667017 0.014677 0.999892 0.000000 -0.060203 0.000000 0.000000 1.000000 0.000000
0.999873 -0.015941 0.000000 201.441125 0.015941 0.999873 0.000000 -0.031525 0.000000 0.000000 1.000000 0.000000
0.999867 -0.016337 0.000000 203.241213 0.016337 0.999867 0.000000 -0.003045 0.000000 0.000000 1.000000 0.000000
0.999860 -0.016723 0.000000 205.093252 0.016723 0.999860 0.000000 -0.018686 0.000000 0.000000 1.000000 0.000000
0.999823 -0.018830 0.000000 207.024096 0.018830 0.999823 0.000000 0.063939 0.000000 0.000000 1.000000 0.000000
0.999788 -0.020583 0.000000 208.914377 0.020583 0.999788 0.000000 0.042654 0.000000 0.000000 1.000000 0.000000
0.999744 -0.022630 0.000000 210.865580 0.022630 0.999744 0.000000 0.049662 0.000000 0.000000 1.000000 0.000000
0.999601 -0.028237 0.000000 212.825290 0.028237 0.999601 0.000000 0.076972 0.000000 0.000000 1.000000 0.000000
0.999458 -0.032919 0.000000 214.827889 0.032919 0.999458 0.000000 0.128743 0.000000 0.000000 1.000000 0.000000
0.999235 -0.039102 0.000000 216.812155 0.039102 0.999235 0.000000 0.185274 0.000000 0.000000 1.000000 0.000000
0.998978 -0.045188 0.000000 218.792934 0.045188 0.998978 0.000000 0.246770 0.000000 0.000000 1.000000 0.000000
0.998680 -0.051364 0.000000 220.822148 0.051364 0.998680 0.000000 0.316243 0.000000 0.000000 1.000000 0.000000
0.998258 -0.059002 0.000000 222.809534 0.059002 0.998258 0.000000 0.388572 0.000000 0.000000 1.000000 0.000000
0.997716 -0.067554 0.000000 224.818778 0.067554 0.997716 0.000000 0.477503 0.000000 0.000000 1.000000 0.000000
0.996907 -0.078585 0.000000 226.883612 0.078585 0.996907 0.000000 0.648734 0.000000 0.000000 1.000000 0.000000
0.995955 -0.089853 0.000000 228.936075 0.089853 0.995955 0.000000 0.821101 0.000000 0.000000 1.000000 0.000000
0.994877 -0.101093 0.000000 230.935125 0.101093 0.994877 0.000000 1.008153 0.000000 0.000000 1.000000 0.000000
0.993984 -0.109521 0.000000 232.964896 0.109521 0.993984 0.000000 1.140235 0.000000 0.000000 1.000000 0.000000
0.992968 -0.118381 0.000000 235.010629 0.118381 0.992968 0.000000 1.429034 0.000000 0.000000 1.000000 0.000000
0.992120 -0.125295 0.000000 237.128121 0.125295 0.992120 0.000000 1.684698 0.000000 0.000000 1.000000 0.000000
0.991348 -0.131257 0.000000 239.240308 0.131257 0.991348 0.000000 1.995635 0.000000 0.000000 1.000000 0.000000
0.991012 -0.133772 0.000000 241.232549 0.133772 0.991012 0.000000 2.265508 0.000000 0.000000 1.000000 0.000000
0.990916 -0.134483 0.000000 243.337203 0.134483 0.990916 0.000000 2.583331 0.000000 0.000000 1.000000 0.000000
0.990817 -0.135207 0.000000 245.446463 0.135207 0.990817 0.000000 2.838203 0.000000 0.000000 1.000000 0.000000
0.990775 -0.135518 0.000000 247.492563 0.135518 0.990775 0.000000 3.041555 0.000000 0.000000 1.000000 0.000000
0.990508 -0.137456 0.000000 249.577138 0.137456 0.990508 0.000000 3.388060 0.000000 0.000000 1.000000 0.000000
0.990604 -0.136764 0.000000 251.703561 0.136764 0.990604 0.000000 3.620069 0.000000 0.000000 1.000000 0.000000
0.990832 -0.135101 0.000000 253.794986 0.135101 0.990832 0.000000 3.876761 0.000000 0.000000 1.000000 0.000000
0.990941 -0.134298 0.000000 255.927715 0.134298 0.990941 0.000000 4.134780 0.000000 0.000000 1.000000 0.000000
0.990951 -0.134227 0.000000 258.074231 0.134227 0.990951 0.000000 4.426708 0.000000 0.000000 1.000000 0.000000
0.990953 -0.134208 0.000000 260.286281 0.134208 0.990953 0.000000 4.688293 0.000000 0.000000 1.000000 0.000000
0.990890 -0.134671 0.000000 262.505331 0.134671 0.990890 0.000000 4.974783 0.000000 0.000000 1.000000 0.000000
0.991104 -0.133089 0.000000 264.703768 0.133089 0.991104 0.000000 5.273928 0.000000 0.000000 1.000000 0.000000
0.991023 -0.133688 0.000000 266.945041 0.133688 0.991023 0.000000 5.522882 0.000000 0.000000 1.000000 0.000000
0.991251 -0.131992 0.000000 269.152246 0.131992 0.991251 0.000000 5.785817 0.000000 0.000000 1.000000 0.000000
0.990998 -0.133873 0.000000 271.419942 0.133873 0.990998 0.000000 6.069048 0.000000 0.000000 1.000000 0.000000
0.990968 -0.134098 0.000000 273.663277 0.134098 0.990968 0.000000 6.326738 0.000000 0.000000 1.000000 0.000000
0.991091 -0.133186 0.000000 275.940019 0.133186 0.991091 0.000000 6.600436 0.000000 0.000000 1.000000 0.000000
0.991267 -0.131867 0.000000 278.219787 0.131867 0.991267 0.000000 6.858570 0.000000 0.000000 1.000000 0.000000
0.991126 -0.132925 0.000000 280.489166 0.132925 0.991126 0.000000 7.169925 0.000000 0.000000 1.000000 0.000000
0.991315 -0.131509 0.000000 282.782654 0.131509 0.991315 0.000000 7.411090 0.000000 0.000000 1.000000 0.000000
0.991323 -0.131447 0.000000 285.187218 0.131447 0.991323 0.000000 7.677059 0.000000 0.000000 1.000000 0.000000
0.991265 -0.131882 0.000000 287.498983 0.131882 0.991265 0.000000 7.985416 0.000000 0.000000 1.000000 0.000000
0.990901 -0.134592 0.000000 289.836536 0.134592 0.990901 0.000000 8.214459 0.000000 0.000000 1.000000 0.000000
0.990138 -0.140099 0.000000 292.192090 0.140099 0.990138 0.000000 8.534992 0.000000 0.000000 1.000000 0.000000
0.989422 -0.145068 0.000000 294.567631 0.145068 0.989422 0.000000 8.822645 0.000000 0.000000 1.000000 0.000000
0.988682 -0.150024 0.000000 296.886325 0.150024 0.988682 0.000000 9.044459 0.000000 0.000000 1.000000 0.000000
0.988585 -0.150663 0.000000 299.222469 0.150663 0.988585 0.000000 9.395755 0.000000 0.000000 1.000000 0.000000
0.988643 -0.150286 0.000000 301.545109 0.150286 0.988643 0.000000 9.753345 0.000000 0.000000 1.000000 0.000000
0.989153 -0.146887 0.000000 303.811146 0.146887 0.989153 0.000000 10.068416 0.000000 0.000000 1.000000 0.000000
0.989662 -0.143421 0.000000 306.060955 0.143421 0.989662 0.000000 10.342316 0.000000 0.000000 1.000000 0.000000
0.989880 -0.141905 0.000000 308.302994 0.141905 0.989880 0.000000 10.553256 0.000000 0.000000 1.000000 0.000000
0.990051 -0.140709 0.000000 310.465374 0.140709 0.990051 0.000000 10.839703 0.000000 0.000000 1.000000 0.000000
0.990099 -0.140369 0.000000 312.532715 0.140369 0.990099 0.000000 11.131800 0.000000 0.000000 1.000000 0.000000
0.990068 -0.140589 0.000000 314.602224 0.140589 0.990068 0.000000 11.393252 0.000000 0.000000 1.000000 0.000000
0.990086 -0.140464 0.000000 316.622252 0.140464 0.990086 0.000000 11.659285 0.000000 0.000000 1.000000 0.000000
0.990150 -0.140008 0.000000 318.580799 0.140008 0.990150 0.000000 11.878677 0.000000 0.000000 1.000000 0.000000
0.990399 -0.138237 0.000000 320.510215 0.138237 0.990399 0.000000 12.110843 0.000000 0.000000 1.000000 0.000000
0.990928 -0.134393 0.000000 322.447408 0.134393 0.990928 0.000000 12.317869 0.000000 0.000000 1.000000 0.000000
0.991388 -0.130957 0.000000 324.283706 0.130957 0.991388 0.000000 12.504557 0.000000 0.000000 1.000000 0.000000
0.991410 -0.130789 0.000000 326.026811 0.130789 0.991410 0.000000 12.738930 0.000000 0.000000 1.000000 0.000000
0.991527 -0.129899 0.000000 327.763991 0.129899 0.991527 0.000000 12.961951 0.000000 0.000000 1.000000 0.000000
0.991893 -0.127079 0.000000 329.438726 0.127079 0.991893 0.000000 13.201865 0.000000 0.000000 1.000000 0.000000
0.992289 -0.123945 0.000000 331.112364 0.123945 0.992289 0.000000 13.288937 0.000000 0.000000 1.000000 0.000000
0.992486 -0.122359 0.000000 332.741009 0.122359 0.992486 0.000000 13.490033 0.000000 0.000000 1.000000 0.000000
0.992852 -0.119356 0.000000 334.261881 0.119356 0.992852 0.000000 13.730864 0.000000 0.000000 1.000000 0.000000
0.993541 -0.113474 0.000000 335.736144 0.113474 0.993541 0.000000 13.882744 0.000000 0.000000 1.000000 0.000000
0.993978 -0.109582 0.000000 337.188289 0.109582 0.993978 0.000000 13.987416 0.000000 0.000000 1.000000 0.000000
0.994379 -0.105883 0.000000 338.614819 0.105883 0.994379 0.000000 14.124982 0.000000 0.000000 1.000000 0.000000
0.994748 -0.102355 0.000000 339.965284 0.102355 0.994748 0.000000 14.233100 0.000000 0.000000 1.000000 0.000000
0.994996 -0.099910 0.000000 341.262023 0.099910 0.994996 0.000000 14.313505 0.000000 0.000000 1.000000 0.000000
0.995280 -0.097040 0.000000 342.494508 0.097040 0.995280 0.000000 14.410332 0.000000 0.000000 1.000000 0.000000
0.995584 -0.093872 0.000000 343.674894 0.093872 0.995584 0.000000 14.502073 0.000000 0.000000 1.000000 0.000000
0.995731 -0.092303 0.000000 344.783973 0.092303 0.995731 0.000000 14.622852 0.000000 0.000000 1.000000 0.000000
0.995918 -0.090261 0.000000 345.866764 0.090261 0.995918 0.000000 14.678838 0.000000 0.000000 1.000000 0.000000
0.996112 -0.088096 0.000000 346.846507 0.088096 0.996112 0.000000 14.754373 0.000000 0.000000 1.000000 0.000000
0.996285 -0.086118 0.000000 347.824333 0.086118 0.996285 0.000000 14.810420 0.000000 0.000000 1.000000 0.000000
0.996617 -0.082191 0.000000 348.690300 0.082191 0.996617 0.000000 14.942402 0.000000 0.000000 1.000000 0.000000
0.997317 -0.073198 0.000000 349.495020 0.073198 0.997317 0.000000 15.005254 0.000000 0.000000 1.000000 0.000000
0.997989 -0.063386 0.000000 350.269995 0.063386 0.997989 0.000000 15.038807 0.000000 0.000000 1.000000 0.000000
0.998681 -0.051345 0.000000 351.001990 0.051345 0.998681 0.000000 15.044659 0.000000 0.000000 1.000000 0.000000
0.999093 -0.042579 0.000000 351.645604 0.042579 0.999093 0.000000 14.998417 0.000000 0.000000 1.000000 0.000000
0.999415 -0.034211 0.000000 352.282479 0.034211 0.999415 0.000000 15.023762 0.000000 0.000000 1.000000 0.000000
0.999649 -0.026506 0.000000 352.884135 0.026506 0.999649 0.000000 15.037477 0.000000 0.000000 1.000000 0.000000
0.999766 -0.021609 0.000000 353.443965 0.021609 0.999766 0.000000 15.035680 0.000000 0.000000 1.000000 0.000000
0.999814 -0.019275 0.000000 353.878840 0.019275 0.999814 0.000000 14.989514 0.000000 0.000000 1.000000 0.000000
0.999857 -0.016900 0.000000 354.280761 0.016900 0.999857 0.000000 14.962701 0.000000 0.000000 1.000000 0.000000
0.999872 -0.015996 0.000000 354.627702 0.015996 0.999872 0.000000 14.989369 0.000000 0.000000 1.000000 0.000000
0.999865 -0.016416 0.000000 354.855829 0.016416 0.999865 0.000000 14.994488 0.000000 0.000000 1.000000 0.000000
0.999863 -0.016561 0.000000 355.004597 0.016561 0.999863 0.000000 15.049812 0.000000 0.000000 1.000000 0.000000
0.999870 -0.016137 0.000000 355.107343 0.016137 0.999870 0.000000 15.026022 0.000000 0.000000 1.000000 0.000000
0.999870 -0.016151 0.000000 355.239277 0.016151 0.999870 0.000000 15.031377 0.000000 0.000000 1.000000 0.000000
0.999890 -0.014838 0.000000 355.366698 0.014838 0.999890 0.000000 15.040107 0.000000 0.000000 1.000000 0.000000
0.999914 -0.013129 0.000000 355.510546 0.013129 0.999914 0.000000 15.019726 0.000000 0.000000 1.000000 0.000000
0.999941 -0.010874 0.000000 355.651949 0.010874 0.999941 0.000000 15.023044 0.000000 0.000000 1.000000 0.000000
0.999982 -0.005998 0.000000 355.856097 0.005998 0.999982 0.000000 14.994768 0.000000 0.000000 1.000000 0.000000
0.999999 -0.001375 0.000000 356.160141 0.001375 0.999999 0.000000 14.952185 0.000000 0.000000 1.000000 0.000000
0.999992 0.003984 0.000000 356.455935 -0.003984 0.999992 0.000000 14.916534 0.000000 0.000000 1.000000 0.000000
0.999935 0.011365 0.000000 356.784450 -0.011365 0.999935 0.000000 14.935853 0.000000 0.000000 1.000000 0.000000
0.999816 0.019174 0.000000 357.236330 -0.019174 0.999816 0.000000 14.919610 0.000000 0.000000 1.000000 0.000000
0.999603 0.028190 0.000000 357.759562 -0.028190 0.999603 0.000000 14.893161 0.000000 0.000000 1.000000 0.000000
0.999380 0.035206 0.000000 358.248068 -0.035206 0.999380 0.000000 14.884044 0.000000 0.000000 1.000000 0.000000
0.999173 0.040652 0.000000 358.835452 -0.040652 0.999173 0.000000 14.788567 0.000000 0.000000 1.000000 0.000000
0.998953 0.045758 0.000000 359.401213 -0.045758 0.998953 0.000000 14.808710 0.000000 0.000000 1.000000 0.000000
0.998870 0.047525 0.000000 360.098157 -0.047525 0.998870 0.000000 14.785013 0.000000 0.000000 1.000000 0.000000
0.998772 0.049537 0.000000 360.857608 -0.049537 0.998772 0.000000 14.716843 0.000000 0.000000 1.000000 0.000000
0.998669 0.051581 0.000000 361.613086 -0.051581 0.998669 0.000000 14.658200 0.000000 0.000000 1.000000 0.000000
0.998602 0.052868 0.000000 362.451051 -0.052868 0.998602 0.000000 14.610486 0.000000 0.000000 1.000000 0.000000
0.998537 0.054071 0.000000 363.378974 -0.054071 0.998537 0.000000 14.538206 0.000000 0.000000 1.000000 0.000000
0.998569 0.053481 0.000000 364.371205 -0.053481 0.998569 0.000000 14.426046 0.000000 0.000000 1.000000 0.000000
0.998502 0.054719 0.000000 365.466918 -0.054719 0.998502 0.000000 14.385461 0.000000 0.000000 1.000000 0.000000
0.998445 0.055751 0.000000 366.658397 -0.055751 0.998445 0.000000 14.338104 0.000000 0.000000 1.000000 0.000000
0.998699 0.051003 0.000000 367.933703 -0.051003 0.998699 0.000000 14.315532 0.000000 0.000000 1.000000 0.000000
0.998854 0.047853 0.000000 369.289096 -0.047853 0.998854 0.000000 14.135332 0.000000 0.000000 1.000000 0.000000
0.998963 0.045532 0.000000 370.714169 -0.045532 0.998963 0.000000 14.116539 0.000000 0.000000 1.000000 0.000000
0.999063 0.043288 0.000000 372.217578 -0.043288 0.999063 0.000000 13.950195 0.000000 0.000000 1.000000 0.000000
0.999125 0.041824 0.000000 373.752504 -0.041824 0.999125 0.000000 13.905186 0.000000 0.000000 1.000000 0.000000
0.999151 0.041198 0.000000 375.396911 -0.041198 0.999151 0.000000 13.840375 0.000000 0.000000 1.000000 0.000000
0.999202 0.039945 0.000000 377.079281 -0.039945 0.999202 0.000000 13.758551 0.000000 0.000000 1.000000 0.000000
0.999196 0.040099 0.000000 378.794511 -0.040099 0.999196 0.000000 13.658055 0.000000 0.000000 1.000000 0.000000
0.999217 0.039564 0.000000 380.579123 -0.039564 0.999217 0.000000 13.557819 0.000000 0.000000 1.000000 0.000000
0.999255 0.038596 0.000000 382.341475 -0.038596 0.999255 0.000000 13.442738 0.000000 0.000000 1.000000 0.000000
0.999299 0.037449 0.000000 384.214872 -0.037449 0.999299 0.000000 13.371599 0.000000 0.000000 1.000000 0.000000
0.999356 0.035884 0.000000 386.115573 -0.035884 0.999356 0.000000 13.287098 0.000000 0.000000 1.000000 0.000000
0.999393 0.034837 0.000000 388.023305 -0.034837 0.999393 0.000000 13.234566 0.000000 0.000000 1.000000 0.000000
0.999459 0.032876 0.000000 389.939243 -0.032876 0.999459 0.000000 13.106668 0.000000 0.000000 1.000000 0.000000
0.999567 0.029415 0.000000 391.887762 -0.029415 0.999567 0.000000 12.976310 0.000000 0.000000 1.000000 0.000000
0.999664 0.025918 0.000000 393.857355 -0.025918 0.999664 0.000000 12.888387 0.000000 0.000000 1.000000 0.000000
0.999733 0.023120 0.000000 395.779774 -0.023120 0.999733 0.000000 12.868405 0.000000 0.000000 1.000000 0.000000
0.999808 0.019595 0.000000 397.693704 -0.019595 0.999808 0.000000 12.775134 0.000000 0.000000 1.000000 0.000000
0.999844 0.017684 0.000000 399.597195 -0.017684 0.999844 0.000000 12.778749 0.000000 0.000000 1.000000 0.000000
0.999878 0.015625 0.000000 401.427979 -0.015625 0.999878 0.000000 12.705051 0.000000 0.000000 1.000000 0.000000
0.999935 0.011442 0.000000 403.275435 -0.011442 0.999935 0.000000 12.619141 0.000000 0.000000 1.000000 0.000000
0.999957 0.009313 0.000000 405.116265 -0.009313 0.999957 0.000000 12.598437 0.000000 0.000000 1.000000 0.000000
0.999979 0.006513 0.000000 406.892425 -0.006513 0.999979 0.000000 12.545059 0.000000 0.000000 1.000000 0.000000
0.999987 0.005105 0.000000 408.672129 -0.005105 0.999987 0.000000 12.525240 0.000000 0.000000 1.000000 0.000000
0.999998 0.001833 0.000000 410.411170 -0.001833 0.999998 0.000000 12.466705 0.000000 0.000000 1.000000 0.000000
1.000000 -0.000003 0.000000 412.124661 0.000003 1.000000 0.000000 12.506984 0.000000 0.000000 1.000000 0.000000
0.999997 -0.002449 0.000000 413.849942 0.002449 0.999997 0.000000 12.464872 0.000000 0.000000 1.000000 0.000000
