1.000000 -0.000198 0.000000 1.048696 0.000198 1.000000 0.000000 0.011747 0.000000 0.000000 1.000000 0.000000
1.000000 -0.000933 0.000000 1.386073 0.000933 1.000000 0.000000 -0.014094 0.000000 0.000000 1.000000 0.000000
0.999999 -0.001145 0.000000 1.736789 0.001145 0.999999 0.000000 0.015980 0.000000 0.000000 1.000000 0.000000
1.000000 -0.000811 0.000000 2.115968 0.000811 1.000000 0.000000 0.021610 0.000000 0.000000 1.000000 0.000000
0.999999 -0.001100 0.000000 2.546144 0.001100 0.999999 0.000000 0.040610 0.000000 0.000000 1.000000 0.000000
1.000000 -0.000236 0.000000 3.020245 0.000236 1.000000 0.000000 0.007289 0.000000 0.000000 1.000000 0.000000
1.000000 -0.000422 0.000000 3.581981 0.000422 1.000000 0.000000 0.015039 0.000000 0.000000 1.000000 0.000000
1.000000 -0.000468 0.000000 4.165167 0.000468 1.000000 0.000000 0.005440 0.000000 0.000000 1.000000 0.000000
1.000000 -0.000967 0.000000 4.836491 0.000967 1.000000 0.000000 0.008820 0.000000 0.000000 1.000000 0.000000
1.000000 0.000644 0.000000 5.553138 -0.000644 1.000000 0.000000 0.013202 0.000000 0.000000 1.000000 0.000000
0.999999 0.001092 0.000000 6.378161 -0.001092 0.999999 0.000000 0.017951 0.000000 0.000000 1.000000 0.000000
1.000000 0.000435 0.000000 7.258270 -0.000435 1.000000 0.000000 -0.007813 0.000000 0.000000 1.000000 0.000000
1.000000 0.000276 0.000000 8.212567 -0.000276 1.000000 0.000000 -0.004571 0.000000 0.000000 1.000000 0.000000
1.000000 0.000871 0.000000 9.283277 -0.000871 1.000000 0.000000 0.039589 0.000000 0.000000 1.000000 0.000000
1.000000 0.000119 0.000000 10.384062 -0.000119 1.000000 0.000000 0.036897 0.000000 0.000000 1.000000 0.000000
1.000000 0.000963 0.000000 11.587858 -0.000963 1.000000 0.000000 0.041037 0.000000 0.000000 1.000000 0.000000
0.999999 0.001223 0.000000 12.804873 -0.001223 0.999999 0.000000 0.025514 0.000000 0.000000 1.000000 0.000000
1.000000 0.000739 0.000000 14.205545 -0.000739 1.000000 0.000000 -0.007587 0.000000 0.000000 1.000000 0.000000
1.000000 0.000390 0.000000 15.607610 -0.000390 1.000000 0.000000 0.040523 0.000000 0.000000 1.000000 0.000000
1.000000 0.000859 0.000000 17.071915 -0.000859 1.000000 0.000000 0.080314 0.000000 0.000000 1.000000 0.000000
1.000000 0.000718 0.000000 18.579660 -0.000718 1.000000 0.000000 0.025249 0.000000 0.000000 1.000000 0.000000
0.999999 0.001282 0.000000 20.244851 -0.001282 0.999999 0.000000 0.061838 0.000000 0.000000 1.000000 0.000000
0.999996 0.002702 0.000000 21.885722 -0.002702 0.999996 0.000000 0.045447 0.000000 0.000000 1.000000 0.000000
0.999995 0.003057 0.000000 23.639828 -0.003057 0.999995 0.000000 0.071878 0.000000 0.000000 1.000000 0.000000
0.999993 0.003684 0.000000 25.435197 -0.003684 0.999993 0.000000 0.044085 0.000000 0.000000 1.000000 0.000000
0.999990 0.004428 0.000000 27.283664 -0.004428 0.999990 0.000000 0.006905 0.000000 0.000000 1.000000 0.000000
0.999988 0.004826 0.000000 29.212094 -0.004826 0.999988 0.000000 -0.016058 0.000000 0.000000 1.000000 0.000000
0.999985 0.005491 0.000000 31.217305 -0.005491 0.999985 0.000000 0.002652 0.000000 0.000000 1.000000 0.000000
0.999982 0.006075 0.000000 33.238939 -0.006075 0.999982 0.000000 -0.019491 0.000000 0.000000 1.000000 0.000000
0.999974 0.007266 0.000000 35.355419 -0.007266 0.999974 0.000000 0.021444 0.000000 0.000000 1.000000 0.000000
0.999968 0.007956 0.000000 37.531314 -0.007956 0.999968 0.000000 0.038412 0.000000 0.000000 1.000000 0.000000
0.999964 0.008454 0.000000 39.760244 -0.008454 0.999964 0.000000 0.003358 0.000000 0.000000 1.000000 0.000000
0.999959 0.009011 0.000000 42.033003 -0.009011 0.999959 0.000000 -0.017051 0.000000 0.000000 1.000000 0.000000
0.999945 0.010503 0.000000 44.366402 -0.010503 0.999945 0.000000 0.013005 0.000000 0.000000 1.000000 0.000000
0.999930 0.011834 0.000000 46.757519 -0.011834 0.999930 0.000000 -0.018520 0.000000 0.000000 1.000000 0.000000
0.999935 0.011374 0.000000 49.253839 -0.011374 0.999935 0.000000 -0.074333 0.000000 0.000000 1.000000 0.000000
0.999939 0.011072 0.000000 51.789328 -0.011072 0.999939 0.000000 -0.060926 0.000000 0.000000 1.000000 0.000000
0.999941 0.010871 0.000000 54.354341 -0.010871 0.999941 0.000000 -0.077939 0.000000 0.000000 1.000000 0.000000
0.999939 0.011053 0.000000 56.941367 -0.011053 0.999939 0.000000 -0.117676 0.000000 0.000000 1.000000 0.000000
0.999935 0.011434 0.000000 59.566754 -0.011434 0.999935 0.000000 -0.152599 0.000000 0.000000 1.000000 0.000000
0.999953 0.009683 0.000000 62.289070 -0.009683 0.999953 0.000000 -0.153916 0.000000 0.000000 1.000000 0.000000
0.999961 0.008870 0.000000 64.995502 -0.008870 0.999961 0.000000 -0.194047 0.000000 0.000000 1.000000 0.000000
0.999952 0.009760 0.000000 67.747876 -0.009760 0.999952 0.000000 -0.188411 0.000000 0.000000 1.000000 0.000000
0.999947 0.010267 0.000000 70.489905 -0.010267 0.999947 0.000000 -0.215755 0.000000 0.000000 1.000000 0.000000
0.999936 0.011348 0.000000 73.284966 -0.011348 0.999936 0.000000 -0.257878 0.000000 0.000000 1.000000 0.000000
0.999923 0.012439 0.000000 76.090961 -0.012439 0.999923 0.000000 -0.209412 0.000000 0.000000 1.000000 0.000000
0.999919 0.012698 0.000000 78.886321 -0.012698 0.999919 0.000000 -0.248261 0.000000 0.000000 1.000000 0.000000
0.999916 0.012967 0.000000 81.715767 -0.012967 0.999916 0.000000 -0.276725 0.000000 0.000000 1.000000 0.000000
0.999916 0.012955 0.000000 84.618720 -0.012955 0.999916 0.000000 -0.316739 0.000000 0.000000 1.000000 0.000000
0.999911 0.013306 0.000000 87.532014 -0.013306 0.999911 0.000000 -0.269961 0.000000 0.000000 1.000000 0.000000
0.999911 0.013312 0.000000 90.462551 -0.013312 0.999911 0.000000 -0.298932 0.000000 0.000000 1.000000 0.000000
0.999918 0.012796 0.000000 93.426367 -0.012796 0.999918 0.000000 -0.276586 0.000000 0.000000 1.000000 0.000000
0.999920 0.012673 0.000000 96.407323 -0.012673 0.999920 0.000000 -0.277957 0.000000 0.000000 1.000000 0.000000
0.999922 0.012507 0.000000 99.459641 -0.012507 0.999922 0.000000 -0.343191 0.000000 0.000000 1.000000 0.000000
0.999917 0.012847 0.000000 102.551885 -0.012847 0.999917 0.000000 -0.381758 0.000000 0.000000 1.000000 0.000000
0.999920 0.012677 0.000000 105.611332 -0.012677 0.999920 0.000000 -0.388738 0.000000 0.000000 1.000000 0.000000
0.999931 0.011706 0.000000 108.687930 -0.011706 0.999931 0.000000 -0.425673 0.000000 0.000000 1.000000 0.000000
0.999924 0.012290 0.000000 111.805792 -0.012290 0.999924 0.000000 -0.426704 0.000000 0.000000 1.000000 0.000000
0.999922 0.012524 0.000000 114.965793 -0.012524 0.999922 0.000000 -0.465055 0.000000 0.000000 1.000000 0.000000
0.999915 0.013030 0.000000 118.115734 -0.013030 0.999915 0.000000 -0.477057 0.000000 0.000000 1.000000 0.000000
0.999930 0.011813 0.000000 121.295599 -0.011813 0.999930 0.000000 -0.505697 0.000000 0.000000 1.000000 0.000000
0.999915 0.013001 0.000000 124.451489 -0.013001 0.999915 0.000000 -0.523517 0.000000 0.000000 1.000000 0.000000
0.999929 0.011888 0.000000 127.545185 -0.011888 0.999929 0.000000 -0.591377 0.000000 0.000000 1.000000 0.000000
0.999919 0.012739 0.000000 130.693943 -0.012739 0.999919 0.000000 -0.577256 0.000000 0.000000 1.000000 0.000000
0.999920 0.012676 0.000000 133.836725 -0.012676 0.999920 0.000000 -0.595699 0.000000 0.000000 1.000000 0.000000
0.999933 0.011593 0.000000 136.942907 -0.011593 0.999933 0.000000 -0.624177 0.000000 0.000000 1.000000 0.000000
0.999912 0.013241 0.000000 140.032042 -0.013241 0.999912 0.000000 -0.640389 0.000000 0.000000 1.000000 0.000000
0.999900 0.014146 0.000000 143.157090 -0.014146 0.999900 0.000000 -0.649011 0.000000 0.000000 1.000000 0.000000
0.999906 0.013725 0.000000 146.262175 -0.013725 0.999906 0.000000 -0.658745 0.000000 0.000000 1.000000 0.000000
0.999905 0.013808 0.000000 149.386363 -0.013808 0.999905 0.000000 -0.684272 0.000000 0.000000 1.000000 0.000000
0.999889 0.014871 0.000000 152.499572 -0.014871 0.999889 0.000000 -0.723858 0.000000 0.000000 1.000000 0.000000
0.999895 0.014463 0.000000 155.583344 -0.014463 0.999895 0.000000 -0.735528 0.000000 0.000000 1.000000 0.000000
0.999894 0.014592 0.000000 158.678420 -0.014592 0.999894 0.000000 -0.746288 0.000000 0.000000 1.000000 0.000000
0.999890 0.014823 0.000000 161.804222 -0.014823 0.999890 0.000000 -0.761416 0.000000 0.000000 1.000000 0.000000
0.999898 0.014286 0.000000 164.947347 -0.014286 0.999898 0.000000 -0.817059 0.000000 0.000000 1.000000 0.000000
0.999894 0.014531 0.000000 168.061903 -0.014531 0.999894 0.000000 -0.878945 0.000000 0.000000 1.000000 0.000000
0.999890 0.014808 0.000000 171.138832 -0.014808 0.999890 0.000000 -0.895922 0.000000 0.000000 1.000000 0.000000
0.999884 0.015211 0.000000 174.277816 -0.015211 0.999884 0.000000 -0.928804 0.000000 0.000000 1.000000 0.000000
0.999872 0.016022 0.000000 177.355500 -0.016022 0.999872 0.000000 -0.934548 0.000000 0.000000 1.000000 0.000000
0.999868 0.016228 0.000000 180.516263 -0.016228 0.999868 0.000000 -0.981782 0.000000 0.000000 1.000000 0.000000
0.999859 0.016813 0.000000 183.632460 -0.016813 0.999859 0.000000 -0.958892 0.000000 0.000000 1.000000 0.000000
0.999859 0.016822 0.000000 186.791895 -0.016822 0.999859 0.000000 -0.975088 0.000000 0.000000 1.000000 0.000000
0.999857 0.016900 0.000000 189.992276 -0.016900 0.999857 0.000000 -1.015129 0.000000 0.000000 1.000000 0.000000
0.999852 0.017195 0.000000 193.149104 -0.017195 0.999852 0.000000 -1.023820 0.000000 0.000000 1.000000 0.000000
0.999837 0.018058 0.000000 196.427476 -0.018058 0.999837 0.000000 -1.029673 0.000000 0.000000 1.000000 0.000000
0.999837 0.018059 0.000000 199.656398 -0.018059 0.999837 0.000000 -1.052352 0.000000 0.000000 1.000000 0.000000
0.999835 0.018150 0.000000 202.942933 -0.018150 0.999835 0.000000 -1.083751 0.000000 0.000000 1.000000 0.000000
0.999849 0.017352 0.000000 206.248736 -0.017352 0.999849 0.000000 -1.084402 0.000000 0.000000 1.000000 0.000000
0.999856 0.016997 0.000000 209.539383 -0.016997 0.999856 0.000000 -1.126739 0.000000 0.000000 1.000000 0.000000
0.999834 0.018199 0.000000 212.842354 -0.018199 0.999834 0.000000 -1.163695 0.000000 0.000000 1.000000 0.000000
0.999847 0.017475 0.000000 216.228747 -0.017475 0.999847 0.000000 -1.142442 0.000000 0.000000 1.000000 0.000000
0.999855 0.017036 0.000000 219.594877 -0.017036 0.999855 0.000000 -1.164592 0.000000 0.000000 1.000000 0.000000
0.999838 0.017986 0.000000 222.976928 -0.017986 0.999838 0.000000 -1.221893 0.000000 0.000000 1.000000 0.000000
0.999838 0.018013 0.000000 226.413256 -0.018013 0.999838 0.000000 -1.244313 0.000000 0.000000 1.000000 0.000000
0.999821 0.018943 0.000000 229.796237 -0.018943 0.999821 0.000000 -1.218407 0.000000 0.000000 1.000000 0.000000
0.999833 0.018272 0.000000 233.258426 -0.018272 0.999833 0.000000 -1.280612 0.000000 0.000000 1.000000 0.000000
0.999822 0.018845 0.000000 236.717147 -0.018845 0.999822 0.000000 -1.265610 0.000000 0.000000 1.000000 0.000000
0.999808 0.019572 0.000000 240.152038 -0.019572 0.999808 0.000000 -1.231215 0.000000 0.000000 1.000000 0.000000
0.999815 0.019246 0.000000 243.706124 -0.019246 0.999815 0.000000 -1.259454 0.000000 0.000000 1.000000 0.000000
0.999802 0.019911 0.000000 247.208096 -0.019911 0.999802 0.000000 -1.346618 0.000000 0.000000 1.000000 0.000000
0.999787 0.020646 0.000000 250.662597 -0.020646 0.999787 0.000000 -1.318900 0.000000 0.000000 1.000000 0.000000
0.999802 0.019883 0.000000 254.162888 -0.019883 0.999802 0.000000 -1.359142 0.000000 0.000000 1.000000 0.000000
0.999793 0.020328 0.000000 257.688748 -0.020328 0.999793 0.000000 -1.501647 0.000000 0.000000 1.000000 0.000000
0.999803 0.019871 0.000000 261.130530 -0.019871 0.999803 0.000000 -1.446490 0.000000 0.000000 1.000000 0.000000
0.999816 0.019197 0.000000 264.623369 -0.019197 0.999816 0.000000 -1.500651 0.000000 0.000000 1.000000 0.000000
0.999868 0.016231 0.000000 268.039172 -0.016231 0.999868 0.000000 -1.551528 0.000000 0.000000 1.000000 0.000000
0.999882 0.015377 0.000000 271.541900 -0.015377 0.999882 0.000000 -1.553534 0.000000 0.000000 1.000000 0.000000
0.999907 0.013603 0.000000 275.039911 -0.013603 0.999907 0.000000 -1.495681 0.000000 0.000000 1.000000 0.000000
0.999934 0.011531 0.000000 278.544187 -0.011531 0.999934 0.000000 -1.578284 0.000000 0.000000 1.000000 0.000000
0.999951 0.009898 0.000000 282.041471 -0.009898 0.999951 0.000000 -1.522887 0.000000 0.000000 1.000000 0.000000
0.999969 0.007935 0.000000 285.497325 -0.007935 0.999969 0.000000 -1.466392 0.000000 0.000000 1.000000 0.000000
0.999987 0.005100 0.000000 288.968443 -0.005100 0.999987 0.000000 -1.515498 0.000000 0.000000 1.000000 0.000000
0.999995 0.003312 0.000000 292.444151 -0.003312 0.999995 0.000000 -1.469629 0.000000 0.000000 1.000000 0.000000
0.999999 0.001297 0.000000 295.846862 -0.001297 0.999999 0.000000 -1.491601 0.000000 0.000000 1.000000 0.000000
0.999999 -0.001303 0.000000 299.268015 0.001303 0.999999 0.000000 -1.423740 0.000000 0.000000 1.000000 0.000000
0.999989 -0.004605 0.000000 302.682361 0.004605 0.999989 0.000000 -1.336576 0.000000 0.000000 1.000000 0.000000
0.999964 -0.008457 0.000000 306.080281 0.008457 0.999964 0.000000 -1.247740 0.000000 0.000000 1.000000 0.000000
0.999926 -0.012199 0.000000 309.445599 0.012199 0.999926 0.000000 -1.234473 0.000000 0.000000 1.000000 0.000000
0.999840 -0.017868 0.000000 312.840224 0.017868 0.999840 0.000000 -1.157805 0.000000 0.000000 1.000000 0.000000
0.999764 -0.021704 0.000000 316.158680 0.021704 0.999764 0.000000 -1.064548 0.000000 0.000000 1.000000 0.000000
0.999653 -0.026328 0.000000 319.424744 0.026328 0.999653 0.000000 -0.949414 0.000000 0.000000 1.000000 0.000000
0.999532 -0.030591 0.000000 322.709428 0.030591 0.999532 0.000000 -0.802709 0.000000 0.000000 1.000000 0.000000
0.999382 -0.035149 0.000000 325.974229 0.035149 0.999382 0.000000 -0.664511 0.000000 0.000000 1.000000 0.000000
0.999239 -0.038993 0.000000 329.212976 0.038993 0.999239 0.000000 -0.525919 0.000000 0.000000 1.000000 0.000000
0.999078 -0.042929 0.000000 332.415300 0.042929 0.999078 0.000000 -0.319801 0.000000 0.000000 1.000000 0.000000
0.998966 -0.045458 0.000000 335.577880 0.045458 0.998966 0.000000 -0.199826 0.000000 0.000000 1.000000 0.000000
0.999015 -0.044378 0.000000 338.771215 0.044378 0.999015 0.000000 0.069840 0.000000 0.000000 1.000000 0.000000
0.999244 -0.038883 0.000000 341.867010 0.038883 0.999244 0.000000 0.223441 0.000000 0.000000 1.000000 0.000000
0.999449 -0.033191 0.000000 344.940324 0.033191 0.999449 0.000000 0.374365 0.000000 0.000000 1.000000 0.000000
0.999632 -0.027130 0.000000 347.991404 0.027130 0.999632 0.000000 0.527249 0.000000 0.000000 1.000000 0.000000
0.999769 -0.021489 0.000000 350.978413 0.021489 0.999769 0.000000 0.676496 0.000000 0.000000 1.000000 0.000000
0.999903 -0.013901 0.000000 353.996307 0.013901 0.999903 0.000000 0.779168 0.000000 0.000000 1.000000 0.000000
0.999972 -0.007537 0.000000 356.937692 0.007537 0.999972 0.000000 0.797419 0.000000 0.000000 1.000000 0.000000
1.000000 0.000222 0.000000 359.886632 -0.000222 1.000000 0.000000 0.884313 0.000000 0.000000 1.000000 0.000000
0.999972 0.007423 0.000000 362.727171 -0.007423 0.999972 0.000000 0.924422 0.000000 0.000000 1.000000 0.000000
0.999936 0.011302 0.000000 365.554342 -0.011302 0.999936 0.000000 0.885573 0.000000 0.000000 1.000000 0.000000
0.999908 0.013586 0.000000 368.249743 -0.013586 0.999908 0.000000 0.927331 0.000000 0.000000 1.000000 0.000000
0.999914 0.013103 0.000000 370.902327 -0.013103 0.999914 0.000000 0.848614 0.000000 0.000000 1.000000 0.000000
0.999909 0.013517 0.000000 373.476734 -0.013517 0.999909 0.000000 0.852044 0.000000 0.000000 1.000000 0.000000
0.999888 0.014945 0.000000 375.992676 -0.014945 0.999888 0.000000 0.856056 0.000000 0.000000 1.000000 0.000000
0.999854 0.017065 0.000000 378.278088 -0.017065 0.999854 0.000000 0.811790 0.000000 0.000000 1.000000 0.000000
0.999831 0.018387 0.000000 380.521986 -0.018387 0.999831 0.000000 0.811950 0.000000 0.000000 1.000000 0.000000
0.999832 0.018348 0.000000 382.710047 -0.018348 0.999832 0.000000 0.776105 0.000000 0.000000 1.000000 0.000000
0.999820 0.018971 0.000000 384.726777 -0.018971 0.999820 0.000000 0.717077 0.000000 0.000000 1.000000 0.000000
0.999835 0.018183 0.000000 386.664017 -0.018183 0.999835 0.000000 0.670204 0.000000 0.000000 1.000000 0.000000
0.999851 0.017251 0.000000 388.538288 -0.017251 0.999851 0.000000 0.677140 0.000000 0.000000 1.000000 0.000000
0.999856 0.016952 0.000000 390.298800 -0.016952 0.999856 0.000000 0.712559 0.000000 0.000000 1.000000 0.000000
0.999852 0.017185 0.000000 391.958095 -0.017185 0.999852 0.000000 0.676133 0.000000 0.000000 1.000000 0.000000
0.999846 0.017537 0.000000 393.496984 -0.017537 0.999846 0.000000 0.648818 0.000000 0.000000 1.000000 0.000000
0.999865 0.016460 0.000000 395.009676 -0.016460 0.999865 0.000000 0.619673 0.000000 0.000000 1.000000 0.000000
0.999859 0.016817 0.000000 396.426243 -0.016817 0.999859 0.000000 0.608085 0.000000 0.000000 1.000000 0.000000
0.999864 0.016504 0.000000 397.739502 -0.016504 0.999864 0.000000 0.600675 0.000000 0.000000 1.000000 0.000000
0.999865 0.016448 0.000000 398.932616 -0.016448 0.999865 0.000000 0.635457 0.000000 0.000000 1.000000 0.000000
0.999849 0.017360 0.000000 399.989207 -0.017360 0.999849 0.000000 0.627221 0.000000 0.000000 1.000000 0.000000
0.999871 0.016055 0.000000 400.927546 -0.016055 0.999871 0.000000 0.592256 0.000000 0.000000 1.000000 0.000000
0.999872 0.015974 0.000000 401.711734 -0.015974 0.999872 0.000000 0.546404 0.000000 0.000000 1.000000 0.000000
0.999871 0.016062 0.000000 402.429807 -0.016062 0.999871 0.000000 0.581700 0.000000 0.000000 1.000000 0.000000
0.999887 0.015005 0.000000 403.048470 -0.015005 0.999887 0.000000 0.588704 0.000000 0.000000 1.000000 0.000000
0.999888 0.014995 0.000000 403.519819 -0.014995 0.999888 0.000000 0.548624 0.000000 0.000000 1.000000 0.000000
0.999888 0.014995 0.000000 403.893192 -0.014995 0.999888 0.000000 0.550865 0.000000 0.000000 1.000000 0.000000
0.999876 0.015721 0.000000 404.217182 -0.015721 0.999876 0.000000 0.557397 0.000000 0.000000 1.000000 0.000000
0.999874 0.015856 0.000000 404.406218 -0.015856 0.999874 0.000000 0.547772 0.000000 0.000000 1.000000 0.000000
0.999885 0.015193 0.000000 404.558899 -0.015193 0.999885 0.000000 0.533192 0.000000 0.000000 1.000000 0.000000
0.999872 0.016023 0.000000 404.610757 -0.016023 0.999872 0.000000 0.531904 0.000000 0.000000 1.000000 0.000000
0.999871 0.016076 0.000000 404.632870 -0.016076 0.999871 0.000000 0.525031 0.000000 0.000000 1.000000 0.000000
0.999868 0.016256 0.000000 404.670451 -0.016256 0.999868 0.000000 0.544696 0.000000 0.000000 1.000000 0.000000
0.999871 0.016045 0.000000 404.663273 -0.016045 0.999871 0.000000 0.528006 0.000000 0.000000 1.000000 0.000000
0.999872 0.016004 0.000000 404.662053 -0.016004 0.999872 0.000000 0.560198 0.000000 0.000000 1.000000 0.000000
0.999875 0.015803 0.000000 404.637373 -0.015803 0.999875 0.000000 0.536268 0.000000 0.000000 1.000000 0.000000
0.999874 0.015889 0.000000 404.651829 -0.015889 0.999874 0.000000 0.530044 0.000000 0.000000 1.000000 0.000000
0.999878 0.015646 0.000000 404.652772 -0.015646 0.999878 0.000000 0.554336 0.000000 0.000000 1.000000 0.000000
0.999875 0.015821 0.000000 404.653121 -0.015821 0.999875 0.000000 0.536949 0.000000 0.000000 1.000000 0.000000
0.999875 0.015832 0.000000 404.633028 -0.015832 0.999875 0.000000 0.509648 0.000000 0.000000 1.000000 0.000000
0.999873 0.015920 0.000000 404.665463 -0.015920 0.999873 0.000000 0.548549 0.000000 0.000000 1.000000 0.000000
0.999876 0.015774 0.000000 404.647336 -0.015774 0.999876 0.000000 0.519074 0.000000 0.000000 1.000000 0.000000
0.999880 0.015476 0.000000 404.692291 -0.015476 0.999880 0.000000 0.552165 0.000000 0.000000 1.000000 0.000000
0.999875 0.015835 0.000000 404.646089 -0.015835 0.999875 0.000000 0.535270 0.000000 0.000000 1.000000 0.000000
0.999876 0.015756 0.000000 404.651537 -0.015756 0.999876 0.000000 0.544701 0.000000 0.000000 1.000000 0.000000
0.999870 0.016112 0.000000 404.638919 -0.016112 0.999870 0.000000 0.541060 0.000000 0.000000 1.000000 0.000000
0.999870 0.016152 0.000000 404.653406 -0.016152 0.999870 0.000000 0.547641 0.000000 0.000000 1.000000 0.000000
0.999881 0.015434 0.000000 404.662096 -0.015434 0.999881 0.000000 0.547237 0.000000 0.000000 1.000000 0.000000
0.999875 0.015803 0.000000 404.668213 -0.015803 0.999875 0.000000 0.547189 0.000000 0.000000 1.000000 0.000000
0.999875 0.015832 0.000000 404.649918 -0.015832 0.999875 0.000000 0.556233 0.000000 0.000000 1.000000 0.000000
0.999877 0.015687 0.000000 404.650340 -0.015687 0.999877 0.000000 0.536642 0.000000 0.000000 1.000000 0.000000
0.999876 0.015776 0.000000 404.656116 -0.015776 0.999876 0.000000 0.549212 0.000000 0.000000 1.000000 0.000000
0.999879 0.015527 0.000000 404.662806 -0.015527 0.999879 0.000000 0.538270 0.000000 0.000000 1.000000 0.000000
0.999877 0.015696 0.000000 404.665853 -0.015696 0.999877 0.000000 0.541948 0.000000 0.000000 1.000000 0.000000
0.999879 0.015570 0.000000 404.649168 -0.015570 0.999879 0.000000 0.548694 0.000000 0.000000 1.000000 0.000000
0.999874 0.015873 0.000000 404.651615 -0.015873 0.999874 0.000000 0.551192 0.000000 0.000000 1.000000 0.000000
0.999874 0.015880 0.000000 404.644240 -0.015880 0.999874 0.000000 0.539868 0.000000 0.000000 1.000000 0.000000
0.999876 0.015773 0.000000 404.646015 -0.015773 0.999876 0.000000 0.553129 0.000000 0.000000 1.000000 0.000000
0.999874 0.015866 0.000000 404.662737 -0.015866 0.999874 0.000000 0.540125 0.000000 0.000000 1.000000 0.000000
0.999877 0.015666 0.000000 404.676983 -0.015666 0.999877 0.000000 0.548670 0.000000 0.000000 1.000000 0.000000
0.999881 0.015444 0.000000 404.665860 -0.015444 0.999881 0.000000 0.554329 0.000000 0.000000 1.000000 0.000000
0.999875 0.015799 0.000000 404.678020 -0.015799 0.999875 0.000000 0.554435 0.000000 0.000000 1.000000 0.000000
0.999876 0.015749 0.000000 404.631375 -0.015749 0.999876 0.000000 0.539886 0.000000 0.000000 1.000000 0.000000
0.999873 0.015956 0.000000 404.632003 -0.015956 0.999873 0.000000 0.556611 0.000000 0.000000 1.000000 0.000000
0.999869 0.016177 0.000000 404.662902 -0.016177 0.999869 0.000000 0.555184 0.000000 0.000000 1.000000 0.000000
0.999879 0.015542 0.000000 404.633757 -0.015542 0.999879 0.000000 0.522395 0.000000 0.000000 1.000000 0.000000
0.999867 0.016330 0.000000 404.638653 -0.016330 0.999867 0.000000 0.535640 0.000000 0.000000 1.000000 0.000000
0.999880 0.015522 0.000000 404.643540 -0.015522 0.999880 0.000000 0.539515 0.000000 0.000000 1.000000 0.000000
0.999870 0.016154 0.000000 404.634217 -0.016154 0.999870 0.000000 0.557563 0.000000 0.000000 1.000000 0.000000
0.999871 0.016049 0.000000 404.646514 -0.016049 0.999871 0.000000 0.549881 0.000000 0.000000 1.000000 0.000000
0.999869 0.016206 0.000000 404.634569 -0.016206 0.999869 0.000000 0.556694 0.000000 0.000000 1.000000 0.000000
0.999871 0.016035 0.000000 404.648966 -0.016035 0.999871 0.000000 0.549350 0.000000 0.000000 1.000000 0.000000
0.999872 0.016000 0.000000 404.621055 -0.016000 0.999872 0.000000 0.543401 0.000000 0.000000 1.000000 0.000000
0.999868 0.016262 0.000000 404.628962 -0.016262 0.999868 0.000000 0.548944 0.000000 0.000000 1.000000 0.000000
0.999863 0.016554 0.000000 404.631837 -0.016554 0.999863 0.000000 0.528137 0.000000 0.000000 1.000000 0.000000
0.999879 0.015578 0.000000 404.640598 -0.015578 0.999879 0.000000 0.532762 0.000000 0.000000 1.000000 0.000000
0.999874 0.015874 0.000000 404.652115 -0.015874 0.999874 0.000000 0.520182 0.000000 0.000000 1.000000 0.000000
0.999874 0.015867 0.000000 404.647793 -0.015867 0.999874 0.000000 0.535257 0.000000 0.000000 1.000000 0.000000
0.999871 0.016052 0.000000 404.622233 -0.016052 0.999871 0.000000 0.544368 0.000000 0.000000 1.000000 0.000000
0.999882 0.015369 0.000000 404.672908 -0.015369 0.999882 0.000000 0.516577 0.000000 0.000000 1.000000 0.000000
0.999879 0.015535 0.000000 404.633320 -0.015535 0.999879 0.000000 0.501756 0.000000 0.000000 1.000000 0.000000
0.999870 0.016104 0.000000 404.634700 -0.016104 0.999870 0.000000 0.530685 0.000000 0.000000 1.000000 0.000000
0.999877 0.015698 0.000000 404.665192 -0.015698 0.999877 0.000000 0.555206 0.000000 0.000000 1.000000 0.000000
0.999873 0.015957 0.000000 404.633242 -0.015957 0.999873 0.000000 0.544538 0.000000 0.000000 1.000000 0.000000
0.999873 0.015937 0.000000 404.641472 -0.015937 0.999873 0.000000 0.545365 0.000000 0.000000 1.000000 0.000000
0.999873 0.015952 0.000000 404.638079 -0.015952 0.999873 0.000000 0.540796 0.000000 0.000000 1.000000 0.000000
0.999873 0.015934 0.000000 404.665440 -0.015934 0.999873 0.000000 0.533700 0.000000 0.000000 1.000000 0.000000
0.999869 0.016156 0.000000 404.633817 -0.016156 0.999869 0.000000 0.548353 0.000000 0.000000 1.000000 0.000000
0.999871 0.016042 0.000000 404.637925 -0.016042 0.999871 0.000000 0.559499 0.000000 0.000000 1.000000 0.000000
0.999878 0.015642 0.000000 404.643715 -0.015642 0.999878 0.000000 0.551072 0.000000 0.000000 1.000000 0.000000
0.999880 0.015510 0.000000 404.643915 -0.015510 0.999880 0.000000 0.520062 0.000000 0.000000 1.000000 0.000000
0.999878 0.015632 0.000000 404.641092 -0.015632 0.999878 0.000000 0.517122 0.000000 0.000000 1.000000 0.000000
0.999873 0.015950 0.000000 404.624836 -0.015950 0.999873 0.000000 0.525968 0.000000 0.000000 1.000000 0.000000
0.999874 0.015873 0.000000 404.645287 -0.015873 0.999874 0.000000 0.531265 0.000000 0.000000 1.000000 0.000000
0.999871 0.016042 0.000000 404.651493 -0.016042 0.999871 0.000000 0.511807 0.000000 0.000000 1.000000 0.000000
0.999874 0.015883 0.000000 404.648206 -0.015883 0.999874 0.000000 0.537810 0.000000 0.000000 1.000000 0.000000
0.999871 0.016082 0.000000 404.668190 -0.016082 0.999871 0.000000 0.540970 0.000000 0.000000 1.000000 0.000000
0.999872 0.016022 0.000000 404.647256 -0.016022 0.999872 0.000000 0.527997 0.000000 0.000000 1.000000 0.000000
0.999874 0.015884 0.000000 404.661745 -0.015884 0.999874 0.000000 0.523255 0.000000 0.000000 1.000000 0.000000
0.999878 0.015638 0.000000 404.676549 -0.015638 0.999878 0.000000 0.529949 0.000000 0.000000 1.000000 0.000000
0.999875 0.015795 0.000000 404.668351 -0.015795 0.999875 0.000000 0.530252 0.000000 0.000000 1.000000 0.000000
0.999870 0.016138 0.000000 404.632308 -0.016138 0.999870 0.000000 0.528529 0.000000 0.000000 1.000000 0.000000
0.999862 0.016632 0.000000 404.622496 -0.016632 0.999862 0.000000 0.550500 0.000000 0.000000 1.000000 0.000000
0.999874 0.015869 0.000000 404.645623 -0.015869 0.999874 0.000000 0.530639 0.000000 0.000000 1.000000 0.000000
0.999871 0.016033 0.000000 404.638991 -0.016033 0.999871 0.000000 0.527321 0.000000 0.000000 1.000000 0.000000
0.999873 0.015923 0.000000 404.646351 -0.015923 0.999873 0.000000 0.551237 0.000000 0.000000 1.000000 0.000000
0.999878 0.015602 0.000000 404.643735 -0.015602 0.999878 0.000000 0.533518 0.000000 0.000000 1.000000 0.000000
0.999867 0.016332 0.000000 404.631681 -0.016332 0.999867 0.000000 0.539673 0.000000 0.000000 1.000000 0.000000
0.999866 0.016368 0.000000 404.639083 -0.016368 0.999866 0.000000 0.544652 0.000000 0.000000 1.000000 0.000000
0.999874 0.015892 0.000000 404.642805 -0.015892 0.999874 0.000000 0.505458 0.000000 0.000000 1.000000 0.000000
0.999863 0.016531 0.000000 404.615029 -0.016531 0.999863 0.000000 0.540654 0.000000 0.000000 1.000000 0.000000
0.999872 0.015982 0.000000 404.636913 -0.015982 0.999872 0.000000 0.552681 0.000000 0.000000 1.000000 0.000000
0.999872 0.015976 0.000000 404.645601 -0.015976 0.999872 0.000000 0.553801 0.000000 0.000000 1.000000 0.000000
0.999877 0.015693 0.000000 404.645402 -0.015693 0.999877 0.000000 0.551317 0.000000 0.000000 1.000000 0.000000
0.999874 0.015849 0.000000 404.649974 -0.015849 0.999874 0.000000 0.534558 0.000000 0.000000 1.000000 0.000000
0.999866 0.016387 0.000000 404.647891 -0.016387 0.999866 0.000000 0.521908 0.000000 0.000000 1.000000 0.000000
0.999871 0.016067 0.000000 404.649361 -0.016067 0.999871 0.000000 0.526521 0.000000 0.000000 1.000000 0.000000
0.999867 0.016288 0.000000 404.627164 -0.016288 0.999867 0.000000 0.524454 0.000000 0.000000 1.000000 0.000000
0.999869 0.016180 0.000000 404.622154 -0.016180 0.999869 0.000000 0.540049 0.000000 0.000000 1.000000 0.000000
0.999872 0.016000 0.000000 404.632527 -0.016000 0.999872 0.000000 0.573755 0.000000 0.000000 1.000000 0.000000
0.999872 0.016020 0.000000 404.640377 -0.016020 0.999872 0.000000 0.550040 0.000000 0.000000 1.000000 0.000000
0.999875 0.015817 0.000000 404.624459 -0.015817 0.999875 0.000000 0.534239 0.000000 0.000000 1.000000 0.000000
0.999877 0.015671 0.000000 404.646287 -0.015671 0.999877 0.000000 0.521764 0.000000 0.000000 1.000000 0.000000
0.999876 0.015741 0.000000 404.647899 -0.015741 0.999876 0.000000 0.496829 0.000000 0.000000 1.000000 0.000000
0.999874 0.015854 0.000000 404.638393 -0.015854 0.999874 0.000000 0.496298 0.000000 0.000000 1.000000 0.000000
0.999875 0.015820 0.000000 404.672071 -0.015820 0.999875 0.000000 0.530199 0.000000 0.000000 1.000000 0.000000
0.999864 0.016495 0.000000 404.640732 -0.016495 0.999864 0.000000 0.516538 0.000000 0.000000 1.000000 0.000000
0.999876 0.015725 0.000000 404.663102 -0.015725 0.999876 0.000000 0.504468 0.000000 0.000000 1.000000 0.000000
0.999874 0.015845 0.000000 404.594902 -0.015845 0.999874 0.000000 0.518247 0.000000 0.000000 1.000000 0.000000
0.999871 0.016079 0.000000 404.646359 -0.016079 0.999871 0.000000 0.543577 0.000000 0.000000 1.000000 0.000000
0.999880 0.015470 0.000000 404.652602 -0.015470 0.999880 0.000000 0.539246 0.000000 0.000000 1.000000 0.000000
0.999877 0.015679 0.000000 404.670911 -0.015679 0.999877 0.000000 0.525776 0.000000 0.000000 1.000000 0.000000
0.999882 0.015333 0.000000 404.666101 -0.015333 0.999882 0.000000 0.515669 0.000000 0.000000 1.000000 0.000000
0.999881 0.015399 0.000000 404.633383 -0.015399 0.999881 0.000000 0.520680 0.000000 0.000000 1.000000 0.000000
0.999875 0.015824 0.000000 404.652152 -0.015824 0.999875 0.000000 0.528377 0.000000 0.000000 1.000000 0.000000
0.999871 0.016038 0.000000 404.660503 -0.016038 0.999871 0.000000 0.546563 0.000000 0.000000 1.000000 0.000000
0.999877 0.015687 0.000000 404.653063 -0.015687 0.999877 0.000000 0.548504 0.000000 0.000000 1.000000 0.000000
0.999874 0.015886 0.000000 404.650220 -0.015886 0.999874 0.000000 0.548698 0.000000 0.000000 1.000000 0.000000
0.999875 0.015816 0.000000 404.645146 -0.015816 0.999875 0.000000 0.538082 0.000000 0.000000 1.000000 0.000000
0.999880 0.015483 0.000000 404.649665 -0.015483 0.999880 0.000000 0.539045 0.000000 0.000000 1.000000 0.000000
0.999876 0.015776 0.000000 404.661510 -0.015776 0.999876 0.000000 0.533237 0.000000 0.000000 1.000000 0.000000
0.999884 0.015218 0.000000 404.664471 -0.015218 0.999884 0.000000 0.520796 0.000000 0.000000 1.000000 0.000000
0.999871 0.016091 0.000000 404.649222 -0.016091 0.999871 0.000000 0.540183 0.000000 0.000000 1.000000 0.000000
0.999877 0.015702 0.000000 404.646017 -0.015702 0.999877 0.000000 0.545153 0.000000 0.000000 1.000000 0.000000
0.999879 0.015559 0.000000 404.670512 -0.015559 0.999879 0.000000 0.535870 0.000000 0.000000 1.000000 0.000000
0.999878 0.015589 0.000000 404.656307 -0.015589 0.999878 0.000000 0.546000 0.000000 0.000000 1.000000 0.000000
0.999869 0.016170 0.000000 404.655829 -0.016170 0.999869 0.000000 0.544816 0.000000 0.000000 1.000000 0.000000
0.999873 0.015949 0.000000 404.655012 -0.015949 0.999873 0.000000 0.554147 0.000000 0.000000 1.000000 0.000000
0.999873 0.015951 0.000000 404.669136 -0.015951 0.999873 0.000000 0.551624 0.000000 0.000000 1.000000 0.000000
0.999875 0.015785 0.000000 404.653599 -0.015785 0.999875 0.000000 0.555996 0.000000 0.000000 1.000000 0.000000
0.999866 0.016400 0.000000 404.638554 -0.016400 0.999866 0.000000 0.548497 0.000000 0.000000 1.000000 0.000000
0.999870 0.016149 0.000000 404.648622 -0.016149 0.999870 0.000000 0.567745 0.000000 0.000000 1.000000 0.000000
0.999875 0.015815 0.000000 404.657764 -0.015815 0.999875 0.000000 0.566778 0.000000 0.000000 1.000000 0.000000
0.999878 0.015629 0.000000 404.670200 -0.015629 0.999878 0.000000 0.564267 0.000000 0.000000 1.000000 0.000000
0.999868 0.016261 0.000000 404.630981 -0.016261 0.999868 0.000000 0.572877 0.000000 0.000000 1.000000 0.000000
0.999879 0.015570 0.000000 404.687011 -0.015570 0.999879 0.000000 0.543614 0.000000 0.000000 1.000000 0.000000
0.999877 0.015663 0.000000 404.671532 -0.015663 0.999877 0.000000 0.570317 0.000000 0.000000 1.000000 0.000000
0.999873 0.015954 0.000000 404.648509 -0.015954 0.999873 0.000000 0.544664 0.000000 0.000000 1.000000 0.000000
0.999879 0.015560 0.000000 404.655120 -0.015560 0.999879 0.000000 0.554765 0.000000 0.000000 1.000000 0.000000
0.999877 0.015695 0.000000 404.665909 -0.015695 0.999877 0.000000 0.549187 0.000000 0.000000 1.000000 0.000000
0.999865 0.016408 0.000000 404.744163 -0.016408 0.999865 0.000000 0.560097 0.000000 0.000000 1.000000 0.000000
0.999866 0.016345 0.000000 404.843119 -0.016345 0.999866 0.000000 0.525123 0.000000 0.000000 1.000000 0.000000
0.999872 0.015980 0.000000 404.935205 -0.015980 0.999872 0.000000 0.549224 0.000000 0.000000 1.000000 0.000000
0.999867 0.016321 0.000000 405.151383 -0.016321 0.999867 0.000000 0.509055 0.000000 0.000000 1.000000 0.000000
0.999870 0.016125 0.000000 405.421562 -0.016125 0.999870 0.000000 0.502527 0.000000 0.000000 1.000000 0.000000
0.999862 0.016641 0.000000 405.736095 -0.016641 0.999862 0.000000 0.529938 0.000000 0.000000 1.000000 0.000000
0.999854 0.017102 0.000000 406.191273 -0.017102 0.999854 0.000000 0.495048 0.000000 0.000000 1.000000 0.000000
0.999841 0.017819 0.000000 406.671378 -0.017819 0.999841 0.000000 0.490722 0.000000 0.000000 1.000000 0.000000
0.999838 0.017993 0.000000 407.265296 -0.017993 0.999838 0.000000 0.476081 0.000000 0.000000 1.000000 0.000000
0.999835 0.018188 0.000000 407.943408 -0.018188 0.999835 0.000000 0.470800 0.000000 0.000000 1.000000 0.000000
0.999830 0.018461 0.000000 408.722222 -0.018461 0.999830 0.000000 0.494311 0.000000 0.000000 1.000000 0.000000
0.999817 0.019150 0.000000 409.583600 -0.019150 0.999817 0.000000 0.467113 0.000000 0.000000 1.000000 0.000000
0.999809 0.019532 0.000000 410.541969 -0.019532 0.999809 0.000000 0.435646 0.000000 0.000000 1.000000 0.000000
0.999797 0.020141 0.000000 411.556390 -0.020141 0.999797 0.000000 0.414308 0.000000 0.000000 1.000000 0.000000
0.999782 0.020897 0.000000 412.662272 -0.020897 0.999782 0.000000 0.409943 0.000000 0.000000 1.000000 0.000000
0.999777 0.021135 0.000000 413.826863 -0.021135 0.999777 0.000000 0.375761 0.000000 0.000000 1.000000 0.000000
0.999751 0.022319 0.000000 415.063525 -0.022319 0.999751 0.000000 0.383016 0.000000 0.000000 1.000000 0.000000
0.999739 0.022856 0.000000 416.351784 -0.022856 0.999739 0.000000 0.348662 0.000000 0.000000 1.000000 0.000000
0.999701 0.024470 0.000000 417.696747 -0.024470 0.999701 0.000000 0.343550 0.000000 0.000000 1.000000 0.000000
0.999692 0.024830 0.000000 419.082651 -0.024830 0.999692 0.000000 0.306887 0.000000 0.000000 1.000000 0.000000
0.999671 0.025658 0.000000 420.490325 -0.025658 0.999671 0.000000 0.300609 0.000000 0.000000 1.000000 0.000000
0.999654 0.026287 0.000000 421.914290 -0.026287 0.999654 0.000000 0.241216 0.000000 0.000000 1.000000 0.000000
0.999665 0.025898 0.000000 423.414554 -0.025898 0.999665 0.000000 0.232507 0.000000 0.000000 1.000000 0.000000
0.999652 0.026393 0.000000 424.888412 -0.026393 0.999652 0.000000 0.193146 0.000000 0.000000 1.000000 0.000000
0.999652 0.026374 0.000000 426.336815 -0.026374 0.999652 0.000000 0.152375 0.000000 0.000000 1.000000 0.000000
0.999666 0.025863 0.000000 427.764608 -0.025863 0.999666 0.000000 0.098465 0.000000 0.000000 1.000000 0.000000
0.999755 0.022124 0.000000 429.216391 -0.022124 0.999755 0.000000 0.110658 0.000000 0.000000 1.000000 0.000000
0.999897 0.014348 0.000000 430.611609 -0.014348 0.999897 0.000000 0.097729 0.000000 0.000000 1.000000 0.000000
1.000000 -0.000831 0.000000 431.990801 0.000831 1.000000 0.000000 0.069689 0.000000 0.000000 1.000000 0.000000
0.999736 -0.022976 0.000000 433.390261 0.022976 0.999736 0.000000 0.154716 0.000000 0.000000 1.000000 0.000000
0.998814 -0.048687 0.000000 434.740615 0.048687 0.998814 0.000000 0.272514 0.000000 0.000000 1.000000 0.000000
0.996425 -0.084486 0.000000 436.108722 0.084486 0.996425 0.000000 0.377797 0.000000 0.000000 1.000000 0.000000
0.992200 -0.124658 0.000000 437.421919 0.124658 0.992200 0.000000 0.615002 0.000000 0.000000 1.000000 0.000000
0.985289 -0.170897 0.000000 438.778882 0.170897 0.985289 0.000000 0.853975 0.000000 0.000000 1.000000 0.000000
0.974756 -0.223272 0.000000 440.002293 0.223272 0.974756 0.000000 1.186472 0.000000 0.000000 1.000000 0.000000
0.959574 -0.281456 0.000000 441.297486 0.281456 0.959574 0.000000 1.654034 0.000000 0.000000 1.000000 0.000000
0.939965 -0.341271 0.000000 442.513434 0.341271 0.939965 0.000000 2.183083 0.000000 0.000000 1.000000 0.000000
0.913525 -0.406782 0.000000 443.644426 0.406782 0.913525 0.000000 2.760940 0.000000 0.000000 1.000000 0.000000
0.880314 -0.474392 0.000000 444.760288 0.474392 0.880314 0.000000 3.461853 0.000000 0.000000 1.000000 0.000000
0.837858 -0.545888 0.000000 445.842989 0.545888 0.837858 0.000000 4.227370 0.000000 0.000000 1.000000 0.000000
0.788416 -0.615143 0.000000 446.867632 0.615143 0.788416 0.000000 5.152281 0.000000 0.000000 1.000000 0.000000
0.731777 -0.681544 0.000000 447.779782 0.681544 0.731777 0.000000 6.087367 0.000000 0.000000 1.000000 0.000000
0.670425 -0.741978 0.000000 448.716236 0.741978 0.670425 0.000000 7.208084 0.000000 0.000000 1.000000 0.000000
0.606521 -0.795068 0.000000 449.439015 0.795068 0.606521 0.000000 8.356494 0.000000 0.000000 1.000000 0.000000
0.545134 -0.838349 0.000000 450.187435 0.838349 0.545134 0.000000 9.593586 0.000000 0.000000 1.000000 0.000000
0.480981 -0.876731 0.000000 450.796756 0.876731 0.480981 0.000000 10.869215 0.000000 0.000000 1.000000 0.000000
0.415704 -0.909500 0.000000 451.324000 0.909500 0.415704 0.000000 12.196161 0.000000 0.000000 1.000000 0.000000
0.345448 -0.938438 0.000000 451.823161 0.938438 0.345448 0.000000 13.645687 0.000000 0.000000 1.000000 0.000000
0.271798 -0.962354 0.000000 452.138654 0.962354 0.271798 0.000000 15.151767 0.000000 0.000000 1.000000 0.000000
0.199585 -0.979881 0.000000 452.474795 0.979881 0.199585 0.000000 16.778221 0.000000 0.000000 1.000000 0.000000
0.146979 -0.989140 0.000000 452.581434 0.989140 0.146979 0.000000 18.542969 0.000000 0.000000 1.000000 0.000000
0.114160 -0.993462 0.000000 452.707398 0.993462 0.114160 0.000000 20.151516 0.000000 0.000000 1.000000 0.000000
0.087225 -0.996189 0.000000 452.855939 0.996189 0.087225 0.000000 21.851665 0.000000 0.000000 1.000000 0.000000
0.062100 -0.998070 0.000000 452.980409 0.998070 0.062100 0.000000 23.585093 0.000000 0.000000 1.000000 0.000000
0.040838 -0.999166 0.000000 453.019940 0.999166 0.040838 0.000000 25.508167 0.000000 0.000000 1.000000 0.000000
0.028721 -0.999587 0.000000 453.032574 0.999587 0.028721 0.000000 27.422352 0.000000 0.000000 1.000000 0.000000
0.020379 -0.999792 0.000000 453.095302 0.999792 0.020379 0.000000 29.329331 0.000000 0.000000 1.000000 0.000000
0.016554 -0.999863 0.000000 453.137592 0.999863 0.016554 0.000000 31.328635 0.000000 0.000000 1.000000 0.000000
0.013405 -0.999910 0.000000 453.163401 0.999910 0.013405 0.000000 33.362054 0.000000 0.000000 1.000000 0.000000
0.013052 -0.999915 0.000000 453.206633 0.999915 0.013052 0.000000 35.459547 0.000000 0.000000 1.000000 0.000000
0.011809 -0.999930 0.000000 453.177408 0.999930 0.011809 0.000000 37.581838 0.000000 0.000000 1.000000 0.000000
0.010469 -0.999945 0.000000 453.229752 0.999945 0.010469 0.000000 39.791595 0.000000 0.000000 1.000000 0.000000
0.010518 -0.999945 0.000000 453.258895 0.999945 0.010518 0.000000 42.000906 0.000000 0.000000 1.000000 0.000000
0.013130 -0.999914 0.000000 453.308563 0.999914 0.013130 0.000000 44.266787 0.000000 0.000000 1.000000 0.000000
0.015505 -0.999880 0.000000 453.338089 0.999880 0.015505 0.000000 46.552926 0.000000 0.000000 1.000000 0.000000
0.017475 -0.999847 0.000000 453.335246 0.999847 0.017475 0.000000 48.922299 0.000000 0.000000 1.000000 0.000000
