0.005277 -0.999932 -0.010406 355631.796300 0.999946 0.005369 -0.008864 4026722.371615 0.008919 -0.010359 0.999907 0.000000
0.006141 -0.999920 -0.011049 355631.794856 0.999950 0.006227 -0.007847 4026722.814270 0.007915 -0.011000 0.999908 0.000000
0.006751 -0.999929 -0.009838 355631.794300 0.999939 0.006836 -0.008646 4026723.304766 0.008713 -0.009779 0.999914 0.000000
0.007534 -0.999926 -0.009555 355631.794747 0.999937 0.007613 -0.008265 4026723.841705 0.008337 -0.009492 0.999920 0.000000
0.008304 -0.999910 -0.010524 355631.796298 0.999928 0.008395 -0.008596 4026724.423407 0.008683 -0.010451 0.999908 0.000000
0.009011 -0.999917 -0.009159 355631.799142 0.999938 0.009071 -0.006524 4026725.050023 0.006606 -0.009100 0.999937 0.000000
0.009041 -0.999915 -0.009353 355631.802893 0.999950 0.009080 -0.004179 4026725.727022 0.004264 -0.009315 0.999948 0.000000
0.008758 -0.999902 -0.010914 355631.807390 0.999958 0.008786 -0.002558 4026726.445451 0.002654 -0.010891 0.999937 0.000000
0.008659 -0.999926 -0.008563 355631.812681 0.999962 0.008668 -0.000942 4026727.206936 0.001016 -0.008555 0.999963 0.000000
0.008717 -0.999943 -0.006126 355631.818532 0.999957 0.008736 -0.003113 4026728.008962 0.003167 -0.006099 0.999976 0.000000
0.008846 -0.999936 -0.007069 355631.825392 0.999956 0.008868 -0.003008 4026728.849066 0.003070 -0.007042 0.999970 0.000000
0.008431 -0.999937 -0.007415 355631.832923 0.999964 0.008441 -0.001301 4026729.724183 0.001363 -0.007404 0.999972 0.000000
0.007794 -0.999953 -0.005780 355631.840593 0.999970 0.007797 -0.000432 4026730.632061 0.000477 -0.005777 0.999983 0.000000
0.006898 -0.999950 -0.007196 355631.847409 0.999974 0.006912 -0.001926 4026731.563232 0.001976 -0.007182 0.999972 0.000000
0.005848 -0.999946 -0.008574 355631.853475 0.999974 0.005884 -0.004102 4026732.529987 0.004153 -0.008549 0.999955 0.000000
0.004912 -0.999958 -0.007717 355631.858972 0.999964 0.004965 -0.006849 4026733.526834 0.006887 -0.007683 0.999947 0.000000
0.004420 -0.999941 -0.009965 355631.863797 0.999966 0.004489 -0.006887 4026734.556459 0.006931 -0.009934 0.999927 0.000000
0.004053 -0.999941 -0.010046 355631.868171 0.999983 0.004093 -0.004033 4026735.599232 0.004074 -0.010029 0.999941 0.000000
0.004082 -0.999916 -0.012266 355631.872558 0.999992 0.004084 -0.000089 4026736.674729 0.000139 -0.012266 0.999925 0.000000
0.003465 -0.999903 -0.013501 355631.876655 0.999991 0.003496 -0.002274 4026737.779738 0.002321 -0.013493 0.999906 0.000000
0.004259 -0.999938 -0.010334 355631.876600 0.999973 0.004321 -0.005940 4026738.918634 0.005984 -0.010309 0.999929 0.000000
0.004956 -0.999780 -0.020388 355631.876500 0.999986 0.004989 -0.001563 4026740.085110 0.001665 -0.020380 0.999791 0.000000
0.004913 -0.999869 -0.015441 355631.877772 0.999987 0.004897 0.001082 4026741.265326 -0.001006 -0.015446 0.999880 0.000000
0.006264 -0.999887 -0.013665 355631.880750 0.999980 0.006257 0.000586 4026742.466195 -0.000500 -0.013669 0.999906 0.000000
0.006593 -0.999835 -0.016903 355631.886321 0.999971 0.006526 0.004019 4026743.671145 -0.003908 -0.016929 0.999849 0.000000
0.004512 -0.999989 -0.001379 355631.892041 0.999917 0.004495 0.012039 4026744.887223 -0.012033 -0.001433 0.999927 0.000000
-0.001820 -0.999901 -0.013935 355631.893800 0.999965 -0.001934 0.008154 4026746.106114 -0.008180 -0.013920 0.999870 0.000000
-0.014148 -0.999888 -0.004829 355631.884789 0.999895 -0.014163 0.003061 4026747.317790 -0.003129 -0.004785 0.999984 0.000000
-0.025068 -0.999599 -0.013200 355631.862308 0.999686 -0.025072 0.000109 4026748.537475 -0.000440 -0.013193 0.999913 0.000000
-0.040853 -0.999055 -0.014834 355631.823422 0.999161 -0.040804 -0.003602 4026749.755960 0.002993 -0.014969 0.999883 0.000000
-0.054365 -0.998432 -0.013321 355631.766106 0.998517 -0.054396 0.002015 4026750.989033 -0.002736 -0.013191 0.999909 0.000000
-0.066571 -0.997604 -0.018853 355631.691853 0.997771 -0.066647 0.003427 4026752.226719 -0.004675 -0.018583 0.999816 0.000000
-0.078940 -0.996702 -0.018806 355631.601648 0.996877 -0.078963 0.000433 4026753.468882 -0.001917 -0.018713 0.999823 0.000000
-0.090895 -0.995801 -0.010908 355631.494357 0.995860 -0.090887 -0.001243 4026754.723364 0.000247 -0.010976 0.999940 0.000000
-0.100223 -0.994813 -0.017378 355631.372646 0.994957 -0.100135 -0.005844 4026755.980543 0.004074 -0.017876 0.999832 0.000000
-0.106610 -0.994191 -0.014761 355631.241380 0.994287 -0.106518 -0.006903 4026757.238457 0.005291 -0.015413 0.999867 0.000000
-0.107957 -0.994070 -0.013020 355631.103096 0.994154 -0.107924 -0.003253 4026758.511931 0.001829 -0.013295 0.999910 0.000000
-0.107934 -0.994097 -0.011018 355630.963067 0.994157 -0.107945 0.000397 4026759.796127 -0.001584 -0.010911 0.999939 0.000000
-0.106289 -0.994323 -0.004887 355630.822508 0.994327 -0.106306 0.003447 4026761.092522 -0.003947 -0.004493 0.999982 0.000000
-0.104765 -0.994493 -0.002966 355630.681998 0.994494 -0.104772 0.002199 4026762.403849 -0.002498 -0.002719 0.999993 0.000000
-0.102718 -0.994703 0.003932 355630.541258 0.994710 -0.102716 0.000764 4026763.731664 -0.000356 0.003990 0.999992 0.000000
-0.100513 -0.994935 -0.000779 355630.401863 0.994935 -0.100514 0.001154 4026765.077918 -0.001226 -0.000660 0.999999 0.000000
-0.099947 -0.994993 0.000555 355630.262273 0.994993 -0.099947 0.000370 4026766.444877 -0.000313 0.000589 1.000000 0.000000
-0.101475 -0.994833 0.003179 355630.120041 0.994838 -0.101473 0.000745 4026767.828477 -0.000418 0.003238 0.999995 0.000000
-0.103973 -0.994575 -0.003237 355629.971269 0.994580 -0.103970 -0.000889 4026769.229711 0.000548 -0.003312 0.999994 0.000000
-0.108314 -0.994115 0.002084 355629.814744 0.994116 -0.108312 0.001043 4026770.652082 -0.000811 0.002185 0.999997 0.000000
-0.112881 -0.993608 0.001335 355629.649909 0.993604 -0.112876 0.003054 4026772.096487 -0.002884 0.001671 0.999994 0.000000
-0.120393 -0.992719 -0.003742 355629.475969 0.992723 -0.120382 -0.002996 4026773.556005 0.002524 -0.004075 0.999989 0.000000
-0.128605 -0.991686 -0.004359 355629.290848 0.991694 -0.128595 -0.002498 4026775.030882 0.001917 -0.004644 0.999987 0.000000
-0.137810 -0.990402 -0.010601 355629.091054 0.990457 -0.137821 0.000374 4026776.528087 -0.001831 -0.010448 0.999944 0.000000
-0.145547 -0.989298 -0.010279 355628.877033 0.989350 -0.145554 -0.000018 4026778.027136 -0.001478 -0.010173 0.999947 0.000000
-0.153277 -0.988112 -0.011857 355628.646608 0.988182 -0.153244 -0.003639 4026779.552883 0.001779 -0.012275 0.999923 0.000000
-0.161214 -0.986880 -0.008853 355628.403557 0.986918 -0.161193 -0.003004 4026781.079476 0.001537 -0.009221 0.999956 0.000000
-0.168414 -0.985680 -0.008457 355628.150103 0.985715 -0.168391 -0.003279 4026782.596908 0.001808 -0.008888 0.999959 0.000000
-0.175728 -0.984417 -0.006509 355627.887252 0.984433 -0.175701 -0.004554 4026784.101032 0.003340 -0.007208 0.999968 0.000000
-0.182684 -0.983160 -0.004884 355627.614760 0.983168 -0.182667 -0.003682 4026785.593760 0.002727 -0.005474 0.999981 0.000000
-0.186168 -0.982503 -0.005317 355627.333930 0.982514 -0.186149 -0.003872 4026787.077605 0.002815 -0.005945 0.999978 0.000000
-0.186302 -0.982485 -0.003747 355627.051335 0.982482 -0.186281 -0.005269 4026788.556958 0.004479 -0.004663 0.999979 0.000000
-0.185746 -0.982597 -0.000782 355626.769982 0.982584 -0.185740 -0.005372 4026790.031937 0.005133 -0.001766 0.999985 0.000000
-0.184406 -0.982844 -0.003442 355626.492435 0.982846 -0.184394 -0.003554 4026791.496461 0.002858 -0.004039 0.999988 0.000000
-0.182449 -0.983213 -0.002103 355626.222055 0.983214 -0.182446 -0.001871 4026792.940083 0.001455 -0.002409 0.999996 0.000000
-0.179822 -0.983689 -0.004507 355625.961855 0.983698 -0.179813 -0.002402 4026794.351964 0.001552 -0.004865 0.999987 0.000000
-0.176718 -0.984249 -0.004980 355625.713778 0.984259 -0.176726 0.001405 4026795.720083 -0.002263 -0.004653 0.999987 0.000000
-0.173273 -0.984871 -0.002519 355625.484965 0.984863 -0.173282 0.004175 4026797.006800 -0.004549 -0.001757 0.999988 0.000000
-0.170146 -0.985416 -0.002154 355625.273453 0.985406 -0.170155 0.004810 4026798.212555 -0.005106 -0.001304 0.999986 0.000000
-0.168015 -0.985783 0.001881 355625.076046 0.985771 -0.168002 0.005631 4026799.351852 -0.005235 0.002801 0.999982 0.000000
-0.165949 -0.986130 0.002763 355624.894332 0.986118 -0.165929 0.006272 4026800.414007 -0.005727 0.003766 0.999977 0.000000
-0.164233 -0.986415 0.003512 355624.727625 0.986401 -0.164205 0.007117 4026801.400452 -0.006444 0.004633 0.999969 0.000000
-0.162861 -0.986630 0.006098 355624.577708 0.986616 -0.162802 0.009143 4026802.296402 -0.008028 0.007505 0.999940 0.000000
-0.162311 -0.986723 0.005804 355624.443502 0.986701 -0.162249 0.009828 4026803.103659 -0.008756 0.007322 0.999935 0.000000
-0.162779 -0.986644 0.006012 355624.325912 0.986615 -0.162709 0.010782 4026803.811110 -0.009660 0.007686 0.999924 0.000000
-0.163933 -0.986455 0.005762 355624.223342 0.986437 -0.163875 0.009345 4026804.424549 -0.008274 0.007216 0.999940 0.000000
-0.165350 -0.986207 0.007383 355624.134719 0.986210 -0.165288 0.008337 4026804.949300 -0.007001 0.008660 0.999938 0.000000
-0.166274 -0.986043 0.008528 355624.058458 0.986063 -0.166215 0.007233 4026805.396406 -0.005714 0.009612 0.999937 0.000000
-0.167310 -0.985857 0.009619 355623.993091 0.985896 -0.167261 0.005741 4026805.776320 -0.004051 0.010444 0.999937 0.000000
-0.168722 -0.985611 0.010231 355623.931492 0.985664 -0.168710 0.002074 4026806.131645 -0.000318 0.010434 0.999946 0.000000
-0.169438 -0.985490 0.009980 355623.869858 0.985541 -0.169426 0.002002 4026806.485849 -0.000282 0.010175 0.999948 0.000000
-0.170655 -0.985289 0.009037 355623.807777 0.985331 -0.170643 0.002072 4026806.839328 -0.000499 0.009258 0.999957 0.000000
-0.172153 -0.985023 0.009604 355623.744996 0.985070 -0.172143 0.001869 4026807.195332 -0.000188 0.009782 0.999952 0.000000
-0.174783 -0.984560 0.009656 355623.679848 0.984606 -0.174785 0.000686 4026807.561563 0.001012 0.009628 0.999953 0.000000
-0.180556 -0.983509 0.010471 355623.608355 0.983564 -0.180555 0.000985 4026807.954288 0.000922 0.010477 0.999945 0.000000
-0.187551 -0.982185 0.011718 355623.527251 0.982253 -0.187562 0.000168 4026808.383008 0.002033 0.011542 0.999931 0.000000
-0.195164 -0.980706 0.011247 355623.434822 0.980766 -0.195186 -0.000935 4026808.855038 0.003112 0.010848 0.999936 0.000000
-0.203360 -0.979056 0.009687 355623.328923 0.979102 -0.203372 -0.000189 4026809.374043 0.002155 0.009446 0.999953 0.000000
-0.212088 -0.977198 0.010119 355623.206475 0.977250 -0.212087 0.001148 4026809.938818 0.001024 0.010132 0.999948 0.000000
-0.221998 -0.975005 0.009090 355623.064262 0.975047 -0.221995 0.001298 4026810.561390 0.000752 0.009151 0.999958 0.000000
-0.233874 -0.972114 0.017236 355622.903055 0.972259 -0.233764 0.008209 4026811.236066 -0.003951 0.018678 0.999818 0.000000
-0.248349 -0.968671 -0.000353 355622.720290 0.968653 -0.248346 0.005967 4026811.961238 -0.005868 0.001140 0.999982 0.000000
-0.265768 -0.964020 0.005714 355622.511847 0.964034 -0.265747 0.004167 4026812.734637 -0.002498 0.006616 0.999975 0.000000
-0.284088 -0.958721 0.012181 355622.274398 0.958798 -0.284064 0.003663 4026813.560402 -0.000051 0.012720 0.999919 0.000000
-0.304405 -0.952541 0.001910 355622.006391 0.952542 -0.304406 -0.000486 4026814.426429 0.001045 0.001671 0.999998 0.000000
-0.327789 -0.944751 0.000274 355621.703499 0.944751 -0.327789 0.000249 4026815.336746 -0.000146 0.000340 1.000000 0.000000
-0.350126 -0.936673 0.007464 355621.361493 0.936702 -0.350120 0.002061 4026816.286149 0.000683 0.007713 0.999970 0.000000
-0.403319 -0.915056 0.002537 355620.549178 0.915057 -0.403323 -0.001458 4026818.287476 0.002357 0.001734 0.999996 0.000000
-0.431610 -0.902057 0.002506 355620.070103 0.902055 -0.431615 -0.002199 4026819.331003 0.003066 0.001311 0.999994 0.000000
-0.461843 -0.886958 0.002678 355619.539097 0.886954 -0.461849 -0.002961 4026820.396446 0.003863 0.001008 0.999992 0.000000
-0.493645 -0.869648 0.005278 355618.950299 0.869658 -0.493655 -0.000795 4026821.481002 0.003296 0.004198 0.999986 0.000000
-0.525905 -0.850532 0.004449 355618.299296 0.850543 -0.525899 0.002403 4026822.580830 0.000295 0.005048 0.999987 0.000000
-0.558754 -0.829321 0.004511 355617.582821 0.829332 -0.558732 0.005227 4026823.692677 -0.001814 0.006662 0.999976 0.000000
-0.591117 -0.806567 0.005414 355616.794738 0.806582 -0.591084 0.006691 4026824.817823 -0.002197 0.008322 0.999963 0.000000
-0.621895 -0.783092 0.003756 355615.931731 0.783091 -0.621857 0.007859 4026825.953245 -0.003818 0.007829 0.999962 0.000000
-0.648006 -0.761620 0.004825 355615.002963 0.761620 -0.647940 0.010422 4026827.086767 -0.004812 0.010428 0.999934 0.000000
-0.667513 -0.744556 0.007943 355614.012981 0.744596 -0.667445 0.009690 4026828.225632 -0.001913 0.012383 0.999922 0.000000
-0.682977 -0.730390 0.008550 355612.967842 0.730435 -0.682882 0.011708 4026829.366390 -0.002712 0.014242 0.999895 0.000000
-0.693472 -0.720394 0.011371 355611.869513 0.720480 -0.693431 0.007853 4026830.520977 0.002228 0.013638 0.999905 0.000000
-0.699173 -0.714804 0.014601 355610.738312 0.714894 -0.699231 0.001456 4026831.685629 0.009169 0.011456 0.999892 0.000000
-0.699546 -0.714482 0.012269 355609.580964 0.714546 -0.699587 0.001303 4026832.869791 0.007652 0.009678 0.999924 0.000000
-0.695491 -0.718494 0.007666 355608.404384 0.718526 -0.695495 0.002470 4026834.078165 0.003557 0.007226 0.999968 0.000000
-0.690204 -0.723561 0.008881 355607.217192 0.723597 -0.690221 0.001473 4026835.312438 0.005064 0.007443 0.999959 0.000000
-0.685345 -0.728183 0.007147 355606.009627 0.728198 -0.685367 -0.000767 4026836.587709 0.005457 0.004679 0.999974 0.000000
-0.680882 -0.732380 0.004488 355604.790989 0.732390 -0.680885 0.001093 4026837.892597 0.002255 0.004032 0.999989 0.000000
-0.677252 -0.735747 0.002395 355603.559341 0.735749 -0.677239 0.004682 4026839.232130 -0.001823 0.004933 0.999986 0.000000
-0.674043 -0.738680 0.004172 355602.310398 0.738692 -0.674036 0.003083 4026840.603534 0.000534 0.005160 0.999987 0.000000
-0.671365 -0.741117 0.003806 355601.045790 0.741127 -0.671352 0.004249 4026842.000350 -0.000594 0.005674 0.999984 0.000000
-0.668639 -0.743587 -0.001071 355599.761675 0.743565 -0.668629 0.006849 4026843.425979 -0.005809 0.003783 0.999976 0.000000
-0.665618 -0.746289 -0.002126 355598.466597 0.746246 -0.665606 0.009231 4026844.876671 -0.008304 0.004558 0.999955 0.000000
-0.662588 -0.748984 0.000690 355597.161142 0.748964 -0.662563 0.007921 4026846.352080 -0.005475 0.005765 0.999968 0.000000
-0.659452 -0.751746 0.001099 355595.835667 0.751725 -0.659421 0.008553 4026847.860452 -0.005705 0.006467 0.999963 0.000000
-0.655448 -0.755240 0.000160 355594.510663 0.755215 -0.655424 0.008305 4026849.379027 -0.006168 0.005565 0.999965 0.000000
-0.650375 -0.759609 -0.002642 355593.195038 0.759572 -0.650371 0.008187 4026850.903071 -0.007937 0.003318 0.999963 0.000000
-0.643208 -0.765686 -0.003018 355591.886248 0.765665 -0.643213 0.005855 4026852.444917 -0.006424 0.001455 0.999978 0.000000
-0.633848 -0.773430 -0.006485 355590.585038 0.773379 -0.633881 0.008922 4026854.011660 -0.011011 0.000639 0.999939 0.000000
-0.622321 -0.782738 -0.006179 355589.295607 0.782704 -0.622352 0.007212 4026855.607269 -0.009491 -0.000349 0.999955 0.000000
-0.609500 -0.792761 -0.006335 355588.018853 0.792721 -0.609533 0.007913 4026857.245021 -0.010135 -0.000199 0.999949 0.000000
-0.596856 -0.802341 -0.003297 355586.754313 0.802312 -0.596863 0.007013 4026858.923531 -0.007594 0.001540 0.999970 0.000000
-0.584098 -0.811683 -0.000919 355585.511795 0.811651 -0.584084 0.008259 4026860.626083 -0.007240 0.004079 0.999965 0.000000
-0.571228 -0.820790 -0.001083 355584.291761 0.820737 -0.571206 0.010677 4026862.350490 -0.009382 0.005210 0.999942 0.000000
-0.557115 -0.830434 -0.001758 355583.097342 0.830379 -0.557100 0.010504 4026864.097752 -0.009702 0.004392 0.999943 0.000000
-0.541534 -0.840660 0.005596 355581.925576 0.840679 -0.541524 0.003360 4026865.880621 0.000206 0.006524 0.999979 0.000000
-0.523773 -0.851835 0.006206 355580.788147 0.851856 -0.523772 0.002006 4026867.686250 0.001542 0.006337 0.999979 0.000000
-0.502931 -0.864310 0.005427 355579.685661 0.864320 -0.502942 -0.000774 4026869.523874 0.003399 0.004302 0.999985 0.000000
-0.479555 -0.877488 0.006387 355578.640496 0.877477 -0.479588 -0.005404 4026871.375969 0.007805 0.003013 0.999965 0.000000
-0.455341 -0.890307 0.004249 355577.648969 0.890293 -0.455358 -0.005167 4026873.252468 0.006535 0.001430 0.999978 0.000000
-0.431337 -0.902181 0.004215 355576.712705 0.902157 -0.431357 -0.006637 4026875.144579 0.007806 0.000940 0.999969 0.000000
-0.407619 -0.913151 0.001516 355575.826336 0.913115 -0.407617 -0.008300 4026877.060586 0.008197 -0.001999 0.999964 0.000000
-0.383499 -0.923541 0.000021 355574.995067 0.923527 -0.383493 -0.005526 4026878.985776 0.005112 -0.002100 0.999985 0.000000
-0.360038 -0.932936 -0.001728 355574.215380 0.932922 -0.360021 -0.006477 4026880.928839 0.005421 -0.003944 0.999978 0.000000
-0.340556 -0.940224 -0.000176 355573.477639 0.940208 -0.340549 -0.005991 4026882.895934 0.005573 -0.002205 0.999982 0.000000
-0.322050 -0.946721 -0.001697 355572.778079 0.946722 -0.322051 0.000099 4026884.880752 -0.000640 -0.001575 0.999999 0.000000
-0.302815 -0.953042 -0.003800 355572.118262 0.953048 -0.302819 0.000310 4026886.878704 -0.001446 -0.003528 0.999993 0.000000
-0.279635 -0.960102 -0.002905 355571.496889 0.960106 -0.279634 -0.000782 4026888.905149 -0.000062 -0.003008 0.999995 0.000000
-0.255946 -0.966658 -0.007950 355570.925252 0.966585 -0.256031 0.012685 4026890.947635 -0.014298 -0.004438 0.999888 0.000000
-0.233028 -0.972468 -0.002065 355570.400812 0.972469 -0.233024 -0.001913 4026893.010494 0.001379 -0.002454 0.999996 0.000000
-0.211161 -0.977443 -0.004109 355569.921651 0.977450 -0.211167 0.000908 4026895.102139 -0.001755 -0.003824 0.999991 0.000000
-0.190828 -0.981611 -0.004912 355569.487825 0.981610 -0.190849 0.004373 4026897.213443 -0.005231 -0.003987 0.999978 0.000000
-0.172364 -0.985033 -0.000534 355569.094358 0.985025 -0.172364 0.004084 4026899.346217 -0.004115 0.000178 0.999992 0.000000
-0.157029 -0.987593 0.001480 355568.736662 0.987580 -0.157019 0.005512 4026901.477265 -0.005211 0.002327 0.999984 0.000000
-0.141403 -0.989940 0.004871 355568.409258 0.989944 -0.141379 0.004864 4026903.622116 -0.004126 0.005510 0.999976 0.000000
-0.125901 -0.992021 0.006527 355568.110438 0.992039 -0.125880 0.003572 4026905.785488 -0.002722 0.006924 0.999972 0.000000
-0.110335 -0.993874 0.006418 355567.843635 0.993894 -0.110332 0.000779 4026907.965129 -0.000067 0.006465 0.999979 0.000000
-0.095411 -0.995433 0.003061 355567.610838 0.995437 -0.095405 0.001768 4026910.142236 -0.001468 0.003216 0.999994 0.000000
-0.081238 -0.996695 0.000070 355567.414948 0.996687 -0.081237 0.003876 4026912.331337 -0.003857 0.000384 0.999992 0.000000
-0.069103 -0.997608 -0.001485 355567.251066 0.997588 -0.069111 0.006495 4026914.517424 -0.006582 -0.001033 0.999978 0.000000
-0.057199 -0.998352 -0.004700 355567.113701 0.998346 -0.057224 0.005460 4026916.682230 -0.005719 -0.004380 0.999974 0.000000
-0.042475 -0.999083 -0.005363 355567.004434 0.999096 -0.042485 0.001704 4026918.844538 -0.001930 -0.005285 0.999984 0.000000
-0.026030 -0.999642 -0.006168 355566.930926 0.999657 -0.026048 0.002883 4026920.985966 -0.003042 -0.006091 0.999977 0.000000
-0.007903 -0.999949 -0.006315 355566.896384 0.999967 -0.007890 -0.001951 4026923.124778 0.001901 -0.006331 0.999978 0.000000
0.011872 -0.999921 -0.004186 355566.901655 0.999902 0.011841 0.007445 4026925.254078 -0.007395 -0.004274 0.999964 0.000000
0.029651 -0.999549 -0.004768 355566.945399 0.999559 0.029644 0.001494 4026927.391412 -0.001352 -0.004810 0.999988 0.000000
0.046684 -0.998905 -0.003192 355567.026406 0.998909 0.046688 -0.000986 4026929.524124 0.001134 -0.003142 0.999994 0.000000
0.062642 -0.998019 -0.005819 355567.143091 0.998036 0.062647 -0.000616 4026931.661057 0.000979 -0.005769 0.999983 0.000000
0.078242 -0.996915 -0.006257 355567.293001 0.996934 0.078236 0.001204 4026933.800381 -0.000710 -0.006332 0.999980 0.000000
0.094315 -0.995529 -0.005207 355567.476713 0.995539 0.094299 0.003264 4026935.942460 -0.002758 -0.005492 0.999981 0.000000
0.110793 -0.993834 -0.004323 355567.695455 0.993844 0.110792 0.000513 4026938.076482 -0.000031 -0.004354 0.999991 0.000000
0.124795 -0.992174 -0.004066 355567.949306 0.992182 0.124788 0.001730 4026940.222617 -0.001209 -0.004250 0.999990 0.000000
0.137257 -0.990525 -0.004436 355568.230752 0.990534 0.137249 0.002079 4026942.362184 -0.001450 -0.004679 0.999988 0.000000
0.149142 -0.988799 -0.005757 355568.539537 0.988815 0.149133 0.002042 4026944.506912 -0.001160 -0.005997 0.999981 0.000000
0.162113 -0.986753 -0.006074 355568.877502 0.986770 0.162097 0.003097 4026946.653526 -0.002072 -0.006496 0.999977 0.000000
0.175448 -0.984465 -0.006776 355569.248572 0.984475 0.175405 0.006518 4026948.802039 -0.005229 -0.007814 0.999956 0.000000
0.191855 -0.981415 -0.004099 355569.651659 0.981421 0.191845 0.002678 4026950.945864 -0.001841 -0.004536 0.999988 0.000000
0.206924 -0.978354 -0.002524 355570.088281 0.978354 0.206917 0.002834 4026953.088391 -0.002250 -0.003056 0.999993 0.000000
0.223800 -0.974624 -0.004581 355570.559711 0.974632 0.223786 0.003365 4026955.226187 -0.002254 -0.005218 0.999984 0.000000
0.242232 -0.970201 -0.005740 355571.073041 0.970218 0.242230 0.001056 4026957.363808 0.000366 -0.005825 0.999983 0.000000
0.260035 -0.965587 -0.004844 355571.623531 0.965570 0.260063 -0.006444 4026959.484846 0.007482 -0.003002 0.999968 0.000000
0.273483 -0.961870 -0.003615 355572.208623 0.961844 0.273503 -0.007181 4026961.598539 0.007896 -0.001513 0.999968 0.000000
0.286428 -0.958081 -0.006375 355572.814898 0.958091 0.286450 -0.002756 4026963.681945 0.004467 -0.005318 0.999976 0.000000
0.306374 -0.951887 -0.006756 355573.457244 0.951898 0.306400 -0.003177 4026965.754141 0.005095 -0.005458 0.999972 0.000000
0.329984 -0.943981 -0.003307 355574.143351 0.943968 0.329954 0.007375 4026967.804504 -0.005870 -0.005555 0.999967 0.000000
0.355217 -0.934771 -0.004983 355574.882512 0.934784 0.355214 0.001527 4026969.840763 0.000343 -0.005200 0.999986 0.000000
0.382303 -0.924014 -0.006515 355575.678049 0.924036 0.382286 0.003828 4026971.847359 -0.001047 -0.007483 0.999971 0.000000
0.409658 -0.912230 -0.004069 355576.539217 0.912218 0.409613 0.008668 4026973.842871 -0.006240 -0.007262 0.999954 0.000000
0.436418 -0.899724 -0.006047 355577.462497 0.899743 0.436398 0.004377 4026975.820753 -0.001299 -0.007351 0.999972 0.000000
0.463664 -0.885985 -0.006784 355578.448173 0.886011 0.463656 0.002750 4026977.779430 0.000709 -0.007286 0.999973 0.000000
0.490263 -0.871568 -0.003543 355579.483562 0.871565 0.490234 0.006684 4026979.696329 -0.004088 -0.006365 0.999971 0.000000
0.515756 -0.856718 -0.005518 355580.583682 0.856732 0.515727 0.005897 4026981.589203 -0.002207 -0.007769 0.999967 0.000000
0.536678 -0.843775 -0.004508 355581.731128 0.843786 0.536659 0.004809 4026983.444711 -0.001639 -0.006384 0.999978 0.000000
0.554482 -0.832171 -0.006449 355582.905478 0.832195 0.554474 0.003159 4026985.250944 0.000947 -0.007118 0.999974 0.000000
0.569962 -0.821667 -0.002714 355584.112360 0.821666 0.569944 0.005390 4026987.027643 -0.002882 -0.005302 0.999982 0.000000
0.584392 -0.811463 -0.003708 355585.341225 0.811471 0.584385 0.002772 4026988.766999 -0.000083 -0.004629 0.999989 0.000000
0.598243 -0.801308 -0.003464 355586.585828 0.801315 0.598241 0.001458 4026990.465001 0.000904 -0.003648 0.999993 0.000000
0.612555 -0.790425 -0.002349 355587.854276 0.790428 0.612548 0.002985 4026992.133655 -0.000921 -0.003685 0.999993 0.000000
0.626684 -0.779255 -0.005378 355589.135470 0.779268 0.626691 0.000496 4026993.756379 0.002984 -0.004502 0.999985 0.000000
0.642218 -0.766485 -0.007583 355590.440295 0.766511 0.642231 0.000917 4026995.347009 0.004167 -0.006401 0.999971 0.000000
0.658714 -0.752349 -0.008168 355591.778650 0.752372 0.658738 -0.000344 4026996.908587 0.005640 -0.005918 0.999967 0.000000
0.674428 -0.738301 -0.007635 355593.140245 0.738320 0.674450 -0.000482 4026998.432301 0.005506 -0.005312 0.999971 0.000000
0.689341 -0.724400 -0.007355 355594.530385 0.724415 0.689364 -0.000881 4026999.924938 0.005708 -0.004721 0.999973 0.000000
0.702996 -0.711178 -0.004736 355595.949780 0.711178 0.703009 -0.002075 4027001.390506 0.004805 -0.001909 0.999987 0.000000
0.714665 -0.699466 -0.001085 355597.388518 0.699466 0.714666 -0.000791 4027002.823670 0.001329 -0.000194 0.999999 0.000000
0.724701 -0.689063 0.001368 355598.844583 0.689062 0.724702 0.000702 4027004.228691 -0.001475 0.000434 0.999999 0.000000
0.733520 -0.679664 0.002529 355600.311217 0.679663 0.733524 0.001309 4027005.606466 -0.002745 0.000758 0.999996 0.000000
0.741215 -0.671257 0.003681 355601.787970 0.671256 0.741223 0.001645 4027006.960765 -0.003832 0.001252 0.999992 0.000000
0.747802 -0.663861 0.008920 355603.276671 0.663880 0.747838 0.001082 4027008.296474 -0.007389 0.005113 0.999960 0.000000
0.752193 -0.658838 0.011750 355604.778782 0.658905 0.752221 -0.002786 4027009.620014 -0.007003 0.009838 0.999927 0.000000
0.753995 -0.656796 0.010552 355606.281642 0.656867 0.753984 -0.005745 4027010.934791 -0.004183 0.011263 0.999928 0.000000
0.755195 -0.655416 0.010486 355607.777404 0.655484 0.755191 -0.005168 4027012.238926 -0.004532 0.010777 0.999932 0.000000
0.754037 -0.656798 0.006674 355609.259312 0.656831 0.754004 -0.007089 4027013.529791 -0.000376 0.009729 0.999953 0.000000
0.749183 -0.662343 0.005145 355610.725971 0.662360 0.749181 -0.002819 4027014.817099 -0.001988 0.005520 0.999983 0.000000
0.741037 -0.671455 0.003450 355612.165115 0.671463 0.741035 -0.002122 4027016.106367 -0.001132 0.003889 0.999992 0.000000
0.730024 -0.683421 0.000047 355613.569655 0.683420 0.730023 -0.001601 4027017.404500 0.001060 0.001201 0.999999 0.000000
0.717287 -0.696773 -0.002550 355614.938541 0.696762 0.717291 -0.004042 4027018.713240 0.004646 0.001122 0.999989 0.000000
0.703010 -0.711179 0.000809 355616.277094 0.711176 0.703002 -0.004063 4027020.039971 0.002321 0.003432 0.999991 0.000000
0.685869 -0.727725 -0.000080 355617.576928 0.727713 0.685859 -0.005648 4027021.387500 0.004165 0.003816 0.999984 0.000000
0.667825 -0.744314 0.002760 355618.834841 0.744316 0.667807 -0.005175 4027022.759815 0.002009 0.005510 0.999983 0.000000
0.648880 -0.760880 0.004025 355620.053509 0.760886 0.648885 0.000150 4027024.154101 -0.002726 0.002965 0.999992 0.000000
0.627772 -0.778386 0.004206 355621.235224 0.778397 0.627759 -0.003924 4027025.577886 0.000414 0.005737 0.999983 0.000000
0.602569 -0.798042 0.006242 355622.370828 0.798066 0.602556 -0.004006 4027027.029971 -0.000564 0.007396 0.999972 0.000000
0.573226 -0.819361 0.007664 355623.455419 0.819396 0.573212 -0.004167 4027028.523430 -0.000979 0.008669 0.999962 0.000000
0.540925 -0.841042 0.007016 355624.487286 0.841070 0.540918 -0.002963 4027030.060328 -0.001303 0.007504 0.999971 0.000000
0.505989 -0.862493 0.008964 355625.457716 0.862529 0.506007 -0.000290 4027031.633789 -0.004285 0.007878 0.999960 0.000000
0.466033 -0.884653 0.014209 355626.365855 0.884766 0.466004 -0.005456 4027033.258866 -0.001795 0.015114 0.999884 0.000000
0.422135 -0.906427 0.013824 355627.196904 0.906519 0.421995 -0.011980 4027034.928600 0.005025 0.017588 0.999833 0.000000
0.372603 -0.927840 0.016746 355627.945175 0.927988 0.372588 -0.004116 4027036.646316 -0.002420 0.017074 0.999851 0.000000
0.321900 -0.946637 0.016082 355628.604122 0.946767 0.321917 -0.001569 4027038.413625 -0.003692 0.015731 0.999869 0.000000
0.271340 -0.962398 0.012819 355629.168304 0.962483 0.271327 -0.002746 4027040.220164 -0.000835 0.013083 0.999914 0.000000
0.226889 -0.973807 0.014873 355629.642428 0.973915 0.226915 0.000066 4027042.083231 -0.003439 0.014470 0.999889 0.000000
0.196888 -0.980283 0.016753 355630.045996 0.980412 0.196949 0.002069 4027043.958076 -0.005328 0.016018 0.999858 0.000000
0.170445 -0.985131 0.021585 355630.402595 0.985361 0.170480 -0.000218 4027045.873314 -0.003465 0.021306 0.999767 0.000000
0.144781 -0.989314 0.017194 355630.709691 0.989462 0.144793 -0.000590 4027047.799512 -0.001906 0.017098 0.999852 0.000000
0.120525 -0.992617 0.013630 355630.972188 0.992699 0.120447 -0.006369 4027049.753433 0.004680 0.014299 0.999887 0.000000
0.100767 -0.994802 0.014659 355631.190953 0.994896 0.100677 -0.006755 4027051.730530 0.005244 0.015265 0.999870 0.000000
0.086190 -0.996188 0.013459 355631.376560 0.996265 0.086110 -0.006409 4027053.724511 0.005225 0.013961 0.999889 0.000000
0.075771 -0.997025 0.014117 355631.537448 0.997120 0.075716 -0.004415 4027055.727848 0.003333 0.014411 0.999891 0.000000
0.069506 -0.997549 0.008011 355631.682413 0.997581 0.069496 -0.001544 4027057.727961 0.000983 0.008099 0.999967 0.000000
0.069458 -0.997568 0.005756 355631.822109 0.997583 0.069447 -0.002188 4027059.749677 0.001783 0.005894 0.999981 0.000000
0.071997 -0.997392 0.005075 355631.965629 0.997400 0.071981 -0.003361 4027061.780800 0.002987 0.005303 0.999981 0.000000
0.077110 -0.997019 0.002762 355632.118911 0.997021 0.077105 -0.001846 4027063.828844 0.001628 0.002896 0.999994 0.000000
0.081568 -0.996662 0.003380 355632.284448 0.996667 0.081565 -0.001027 4027065.902506 0.000748 0.003453 0.999994 0.000000
0.085758 -0.996307 0.004310 355632.459526 0.996310 0.085742 -0.003723 4027067.985382 0.003339 0.004613 0.999984 0.000000
0.089118 -0.996001 0.006270 355632.644009 0.996014 0.089092 -0.004292 4027070.085554 0.003716 0.006628 0.999971 0.000000
0.092069 -0.995724 0.007611 355632.835368 0.995749 0.092045 -0.003420 4027072.191235 0.002705 0.007893 0.999965 0.000000
0.095046 -0.995438 0.008307 355633.034341 0.995469 0.095017 -0.003735 4027074.303004 0.002928 0.008625 0.999959 0.000000
0.098060 -0.995113 0.011611 355633.241074 0.995180 0.098047 -0.001722 4027076.430446 0.000575 0.011723 0.999931 0.000000
0.100874 -0.994811 0.013286 355633.455147 0.994898 0.100881 -0.000100 4027078.569469 -0.001241 0.013228 0.999912 0.000000
0.103666 -0.994522 0.013354 355633.677018 0.994611 0.103636 -0.002927 4027080.716036 0.001527 0.013586 0.999907 0.000000
0.103873 -0.994402 0.019353 355633.904734 0.994590 0.103866 -0.001376 4027082.865898 -0.000642 0.019392 0.999812 0.000000
0.102232 -0.994478 0.023688 355634.133112 0.994760 0.102213 -0.002027 4027085.039881 -0.000405 0.023771 0.999717 0.000000
0.099038 -0.994724 0.026763 355634.355829 0.995083 0.099032 -0.001550 4027087.217290 -0.001109 0.026785 0.999641 0.000000
0.095679 -0.995033 0.027475 355634.571801 0.995407 0.095732 0.000621 4027089.405771 -0.003248 0.027290 0.999622 0.000000
0.091799 -0.995353 0.029079 355634.780879 0.995774 0.091841 0.000096 4027091.612276 -0.002766 0.028948 0.999577 0.000000
0.088192 -0.995676 0.029189 355634.983102 0.996103 0.088171 -0.002008 4027093.831137 -0.000575 0.029252 0.999572 0.000000
0.084044 -0.995955 0.031780 355635.176824 0.996457 0.084100 0.000407 4027096.050556 -0.003078 0.031633 0.999495 0.000000
0.075950 -0.996517 0.034438 355635.359090 0.997108 0.075991 -0.000128 4027098.285334 -0.002490 0.034348 0.999407 0.000000
0.066694 -0.997246 0.032445 355635.524075 0.997751 0.066876 0.004574 4027100.555006 -0.006731 0.032066 0.999463 0.000000
0.059482 -0.997832 0.028149 355635.668724 0.998223 0.059560 0.001936 4027102.811555 -0.003608 0.027983 0.999602 0.000000
0.054861 -0.998168 0.025533 355635.801577 0.998493 0.054882 0.000143 4027105.084310 -0.001544 0.025486 0.999674 0.000000
0.049328 -0.998495 0.023973 355635.922875 0.998776 0.049399 0.002371 4027107.382492 -0.003551 0.023826 0.999710 0.000000
0.044630 -0.998835 0.018349 355636.031589 0.998998 0.044684 0.002558 4027109.673929 -0.003375 0.018216 0.999828 0.000000
0.040271 -0.999021 0.018306 355636.129643 0.999189 0.040265 -0.000700 4027111.962970 -0.000037 0.018319 0.999832 0.000000
0.035973 -0.999152 0.020055 355636.217378 0.999351 0.036007 0.001339 4027114.231834 -0.002060 0.019994 0.999798 0.000000
0.032434 -0.999180 0.024221 355636.295251 0.999473 0.032392 -0.002096 4027116.474738 0.001310 0.024276 0.999704 0.000000
0.029679 -0.999283 0.023513 355636.365715 0.999527 0.029481 -0.008721 4027118.702179 0.008022 0.023761 0.999685 0.000000
0.029963 -0.999317 0.021620 355636.431973 0.999547 0.029895 -0.003457 4027120.913423 0.002808 0.021714 0.999760 0.000000
0.031043 -0.999228 0.024072 355636.499010 0.999511 0.030947 -0.004379 4027123.109741 0.003631 0.024196 0.999701 0.000000
0.030788 -0.999283 0.022054 355636.566419 0.999525 0.030751 -0.002022 4027125.299295 0.001343 0.022106 0.999755 0.000000
0.029902 -0.999388 0.018137 355636.630955 0.999553 0.029910 0.000197 4027127.489374 -0.000740 0.018123 0.999835 0.000000
0.029422 -0.999369 0.019892 355636.694310 0.999539 0.029565 0.006955 4027129.678881 -0.007539 0.019678 0.999778 0.000000
0.029783 -0.999448 0.014724 355636.757980 0.999554 0.029751 -0.002438 4027131.884545 0.001999 0.014790 0.999889 0.000000
0.031841 -0.999406 0.013216 355636.823770 0.999475 0.031758 -0.006381 4027134.069420 0.005957 0.013413 0.999892 0.000000
0.032615 -0.999398 0.011798 355636.892407 0.999443 0.032695 0.006674 4027136.275373 -0.007056 0.011574 0.999908 0.000000
0.033615 -0.999396 0.008814 355636.963626 0.999431 0.033589 -0.003128 4027138.474786 0.002830 0.008914 0.999956 0.000000
0.033465 -0.999410 0.007719 355637.035806 0.999422 0.033511 0.005791 4027140.667820 -0.006046 0.007520 0.999953 0.000000
0.032347 -0.999429 0.009724 355637.107034 0.999458 0.032405 0.005855 4027142.835754 -0.006167 0.009529 0.999936 0.000000
0.030459 -0.999413 0.015651 355637.175494 0.999536 0.030441 -0.001424 4027144.989085 0.000947 0.015687 0.999877 0.000000
0.028772 -0.999396 0.019512 355637.239207 0.999579 0.028694 -0.004251 4027147.127132 0.003689 0.019626 0.999801 0.000000
0.026451 -0.999470 0.018998 355637.297656 0.999649 0.026479 0.001192 4027149.246023 -0.001694 0.018960 0.999819 0.000000
0.023727 -0.999577 0.016833 355637.350135 0.999718 0.023725 -0.000274 4027151.338989 -0.000125 0.016835 0.999858 0.000000
0.018231 -0.999721 0.014995 355637.393793 0.999829 0.018274 0.002712 4027153.405622 -0.002985 0.014943 0.999884 0.000000
0.013844 -0.999773 0.016206 355637.426575 0.999904 0.013855 0.000518 4027155.465765 -0.000742 0.016197 0.999869 0.000000
0.010927 -0.999818 0.015652 355637.451606 0.999933 0.010984 0.003581 4027157.497425 -0.003752 0.015612 0.999871 0.000000
0.009036 -0.999826 0.016326 355637.473443 0.999958 0.009054 0.001037 4027159.517899 -0.001185 0.016316 0.999866 0.000000
0.007005 -0.999829 0.017105 355637.489896 0.999974 0.006971 -0.002065 4027161.536907 0.001945 0.017119 0.999852 0.000000
0.005387 -0.999892 0.013680 355637.503219 0.999982 0.005422 0.002563 4027163.525438 -0.002637 0.013666 0.999903 0.000000
0.004222 -0.999919 0.012016 355637.513986 0.999989 0.004249 0.002203 4027165.500213 -0.002254 0.012007 0.999925 0.000000
0.003192 -0.999967 0.007406 355637.522941 0.999976 0.003237 0.006047 4027167.455328 -0.006071 0.007386 0.999954 0.000000
0.002317 -0.999992 0.003190 355637.528526 0.999997 0.002313 -0.001215 4027169.384051 0.001207 0.003193 0.999994 0.000000
0.002368 -0.999997 -0.000427 355637.533216 0.999997 0.002368 -0.001015 4027171.293222 0.001016 -0.000424 0.999999 0.000000
0.003444 -0.999994 -0.000644 355637.538851 0.999993 0.003443 0.001586 4027173.178647 -0.001584 -0.000649 0.999999 0.000000
0.004875 -0.999986 -0.001907 355637.547773 0.999988 0.004877 -0.001031 4027175.044777 0.001040 -0.001902 0.999998 0.000000
0.005943 -0.999982 0.000975 355637.560411 0.999982 0.005943 -0.000343 4027176.892629 0.000337 0.000977 0.999999 0.000000
0.007396 -0.999972 0.000585 355637.574664 0.999972 0.007397 0.000922 4027178.693818 -0.000927 0.000578 0.999999 0.000000
0.008111 -0.999957 0.004422 355637.589508 0.999966 0.008119 0.001695 4027180.429623 -0.001731 0.004408 0.999989 0.000000
0.009587 -0.999947 0.003671 355637.605435 0.999946 0.009601 0.003944 4027182.103787 -0.003979 0.003633 0.999985 0.000000
0.011756 -0.999879 0.010157 355637.624656 0.999919 0.011805 0.004787 4027183.715587 -0.004906 0.010100 0.999937 0.000000
0.016320 -0.999804 0.011179 355637.648152 0.999866 0.016331 0.000918 4027185.281615 -0.001100 0.011163 0.999937 0.000000
0.023420 -0.999646 0.012649 355637.678496 0.999722 0.023454 0.002509 4027186.793465 -0.002805 0.012587 0.999917 0.000000
0.036326 -0.999220 0.015467 355637.721563 0.999339 0.036304 -0.001705 4027188.244748 0.001142 0.015518 0.999879 0.000000
0.053624 -0.998508 0.010301 355637.785103 0.998552 0.053576 -0.004877 4027189.632582 0.004318 0.010548 0.999935 0.000000
0.082332 -0.996548 0.010697 355637.875610 0.996585 0.082258 -0.007252 4027190.973789 0.006347 0.011258 0.999916 0.000000
0.128173 -0.991734 0.005973 355638.009431 0.991709 0.128110 -0.010049 4027192.253107 0.009201 0.007212 0.999932 0.000000
0.182883 -0.983107 0.007389 355638.203316 0.983049 0.182763 -0.014547 4027193.497957 0.012951 0.009924 0.999867 0.000000
0.243328 -0.969943 0.001437 355638.464348 0.969824 0.243274 -0.016109 4027194.698751 0.015275 0.005313 0.999869 0.000000
0.303951 -0.952686 0.001984 355638.793558 0.952615 0.303901 -0.012998 4027195.860996 0.011780 0.005841 0.999914 0.000000
0.368966 -0.929443 0.000207 355639.191758 0.929389 0.368942 -0.010876 4027196.980441 0.010032 0.004205 0.999941 0.000000
0.437617 -0.899161 -0.000752 355639.667695 0.899117 0.437604 -0.009514 4027198.062167 0.008884 0.003488 0.999954 0.000000
0.502460 -0.864595 -0.002993 355640.217157 0.864535 0.502462 -0.010584 4027199.097039 0.010655 0.002731 0.999940 0.000000
0.569340 -0.822083 -0.005667 355640.844996 0.822064 0.569367 -0.005752 4027200.089717 0.007955 -0.001384 0.999967 0.000000
0.637291 -0.770618 -0.002885 355641.550457 0.770590 0.637294 -0.006923 4027201.025844 0.007174 0.002189 0.999972 0.000000
0.704747 -0.709449 -0.003682 355642.332595 0.709429 0.704756 -0.005459 4027201.893652 0.006468 0.001235 0.999978 0.000000
0.769407 -0.638731 -0.005985 355643.196819 0.638695 0.769429 -0.006919 4027202.689597 0.009025 0.001501 0.999958 0.000000
0.829420 -0.558572 -0.007703 355644.130980 0.558511 0.829450 -0.008785 4027203.394305 0.011297 0.002984 0.999932 0.000000
0.881348 -0.472371 -0.009509 355645.146576 0.472432 0.881350 0.005548 4027204.009953 0.005760 -0.009382 0.999939 0.000000
0.924663 -0.380708 -0.007767 355646.231439 0.380764 0.924639 0.007828 4027204.525475 0.004202 -0.010196 0.999939 0.000000
0.955595 -0.294489 -0.010653 355647.375555 0.294571 0.955603 0.007169 4027204.936923 0.008069 -0.009989 0.999918 0.000000
0.972784 -0.231463 -0.010789 355648.581798 0.231523 0.972818 0.004665 4027205.265407 0.009416 -0.007036 0.999931 0.000000
0.982774 -0.184386 -0.012500 355649.831571 0.184434 0.982841 0.002761 4027205.530213 0.011776 -0.005018 0.999918 0.000000
0.988725 -0.149463 -0.009193 355651.118437 0.149535 0.988726 0.007772 4027205.747702 0.007928 -0.009059 0.999928 0.000000
0.992015 -0.126079 -0.003152 355652.449287 0.126101 0.991984 0.008094 4027205.933889 0.002106 -0.008427 0.999962 0.000000
0.994415 -0.105493 -0.003227 355653.817881 0.105515 0.994389 0.007613 4027206.093939 0.002406 -0.007911 0.999966 0.000000
0.996339 -0.085457 -0.002564 355655.230569 0.085479 0.996286 0.010344 4027206.230792 0.001670 -0.010525 0.999943 0.000000
0.997532 -0.070186 -0.002068 355656.678460 0.070190 0.997532 0.001568 4027206.343969 0.001953 -0.001710 0.999997 0.000000
0.998376 -0.056947 -0.001601 355658.162758 0.056950 0.998375 0.001844 4027206.438838 0.001493 -0.001933 0.999997 0.000000
0.999002 -0.044657 0.000726 355659.683275 0.044660 0.998992 -0.004617 4027206.516489 -0.000519 0.004645 0.999989 0.000000
0.999456 -0.032993 -0.000177 355661.242893 0.032990 0.999413 -0.009287 4027206.578128 0.000484 0.009276 0.999957 0.000000
0.999759 -0.021690 -0.003283 355662.846014 0.021652 0.999704 -0.011112 4027206.622063 0.003523 0.011038 0.999933 0.000000
0.999945 -0.010401 0.001078 355664.481658 0.010415 0.999854 -0.013534 4027206.649000 -0.000938 0.013544 0.999908 0.000000
0.999998 0.000802 -0.001745 355666.152710 -0.000824 0.999922 -0.012487 4027206.658000 0.001735 0.012488 0.999921 0.000000
