1.000000 0.000000 0.000000 0.000000 0.000000 1.000000 0.000000 0.000000 0.000000 0.000000 1.000000 0.000000
1.000000 0.000147 0.000000 -0.000269 -0.000147 1.000000 0.000000 -0.004867 0.000000 0.000000 1.000000 0.000000
1.000000 0.000098 0.000000 0.011692 -0.000098 1.000000 0.000000 -0.004913 0.000000 0.000000 1.000000 0.000000
1.000000 0.000325 0.000000 0.009573 -0.000325 1.000000 0.000000 0.007296 0.000000 0.000000 1.000000 0.000000
1.000000 0.000166 0.000000 0.011566 -0.000166 1.000000 0.000000 -0.009611 0.000000 0.000000 1.000000 0.000000
1.000000 0.000439 0.000000 0.000917 -0.000439 1.000000 0.000000 0.002290 0.000000 0.000000 1.000000 0.000000
1.000000 0.000376 0.000000 0.014177 -0.000376 1.000000 0.000000 -0.000532 0.000000 0.000000 1.000000 0.000000
1.000000 0.000403 0.000000 -0.003636 -0.000403 1.000000 0.000000 0.002039 0.000000 0.000000 1.000000 0.000000
1.000000 0.000305 0.000000 0.008441 -0.000305 1.000000 0.000000 0.003992 0.000000 0.000000 1.000000 0.000000
1.000000 0.000377 0.000000 0.017172 -0.000377 1.000000 0.000000 0.006463 0.000000 0.000000 1.000000 0.000000
1.000000 0.000129 0.000000 0.014914 -0.000129 1.000000 0.000000 0.002125 0.000000 0.000000 1.000000 0.000000
1.000000 0.000364 0.000000 -0.000049 -0.000364 1.000000 0.000000 0.005453 0.000000 0.000000 1.000000 0.000000
1.000000 0.000002 0.000000 -0.007224 -0.000002 1.000000 0.000000 0.000655 0.000000 0.000000 1.000000 0.000000
1.000000 0.000009 0.000000 -0.010135 -0.000009 1.000000 0.000000 -0.002711 0.000000 0.000000 1.000000 0.000000
1.000000 0.000404 0.000000 -0.010501 -0.000404 1.000000 0.000000 0.003733 0.000000 0.000000 1.000000 0.000000
1.000000 0.000140 0.000000 0.009312 -0.000140 1.000000 0.000000 -0.007113 0.000000 0.000000 1.000000 0.000000
1.000000 -0.000016 0.000000 -0.011070 0.000016 1.000000 0.000000 -0.000072 0.000000 0.000000 1.000000 0.000000
1.000000 0.000469 0.000000 -0.002320 -0.000469 1.000000 0.000000 0.000044 0.000000 0.000000 1.000000 0.000000
1.000000 0.000434 0.000000 0.013870 -0.000434 1.000000 0.000000 0.004433 0.000000 0.000000 1.000000 0.000000
1.000000 0.000363 0.000000 -0.003526 -0.000363 1.000000 0.000000 0.001443 0.000000 0.000000 1.000000 0.000000
1.000000 0.000035 0.000000 -0.005092 -0.000035 1.000000 0.000000 -0.002162 0.000000 0.000000 1.000000 0.000000
1.000000 0.000151 0.000000 0.009733 -0.000151 1.000000 0.000000 0.003844 0.000000 0.000000 1.000000 0.000000
1.000000 0.000175 0.000000 0.006611 -0.000175 1.000000 0.000000 -0.004369 0.000000 0.000000 1.000000 0.000000
1.000000 0.000450 0.000000 0.011050 -0.000450 1.000000 0.000000 0.007519 0.000000 0.000000 1.000000 0.000000
1.000000 0.000122 0.000000 -0.005161 -0.000122 1.000000 0.000000 -0.003175 0.000000 0.000000 1.000000 0.000000
1.000000 0.000412 0.000000 0.004347 -0.000412 1.000000 0.000000 0.000989 0.000000 0.000000 1.000000 0.000000
1.000000 0.000052 0.000000 0.008589 -0.000052 1.000000 0.000000 -0.002319 0.000000 0.000000 1.000000 0.000000
1.000000 0.000439 0.000000 0.009384 -0.000439 1.000000 0.000000 0.001102 0.000000 0.000000 1.000000 0.000000
1.000000 0.000452 0.000000 0.013682 -0.000452 1.000000 0.000000 0.002489 0.000000 0.000000 1.000000 0.000000
1.000000 0.000039 0.000000 -0.003738 -0.000039 1.000000 0.000000 -0.004075 0.000000 0.000000 1.000000 0.000000
1.000000 0.000478 0.000000 0.028453 -0.000478 1.000000 0.000000 0.021105 0.000000 0.000000 1.000000 0.000000
1.000000 0.000629 0.000000 0.054560 -0.000629 1.000000 0.000000 0.025130 0.000000 0.000000 1.000000 0.000000
1.000000 0.000669 0.000000 0.162884 -0.000669 1.000000 0.000000 0.023434 0.000000 0.000000 1.000000 0.000000
1.000000 0.000445 0.000000 0.279044 -0.000445 1.000000 0.000000 0.042584 0.000000 0.000000 1.000000 0.000000
1.000000 -0.000032 0.000000 0.377810 0.000032 1.000000 0.000000 0.043317 0.000000 0.000000 1.000000 0.000000
0.999999 -0.001065 0.000000 0.506213 0.001065 0.999999 0.000000 0.040567 0.000000 0.000000 1.000000 0.000000
1.000000 -0.000821 0.000000 0.627107 0.000821 1.000000 0.000000 0.044435 0.000000 0.000000 1.000000 0.000000
1.000000 -0.000473 0.000000 0.815308 0.000473 1.000000 0.000000 0.037514 0.000000 0.000000 1.000000 0.000000
1.000000 -0.000594 0.000000 0.987604 0.000594 1.000000 0.000000 0.041531 0.000000 0.000000 1.000000 0.000000
0.999999 -0.001266 0.000000 1.244705 0.001266 0.999999 0.000000 0.082486 0.000000 0.000000 1.000000 0.000000
1.000000 -0.000678 0.000000 1.465894 0.000678 1.000000 0.000000 0.069866 0.000000 0.000000 1.000000 0.000000
1.000000 0.000878 0.000000 1.788873 -0.000878 1.000000 0.000000 0.075525 0.000000 0.000000 1.000000 0.000000
1.000000 0.000950 0.000000 2.059833 -0.000950 1.000000 0.000000 0.086906 0.000000 0.000000 1.000000 0.000000
0.999999 0.001023 0.000000 2.352276 -0.001023 0.999999 0.000000 0.084427 0.000000 0.000000 1.000000 0.000000
1.000000 0.000890 0.000000 2.648188 -0.000890 1.000000 0.000000 0.092146 0.000000 0.000000 1.000000 0.000000
0.999999 0.001422 0.000000 3.038032 -0.001422 0.999999 0.000000 0.082095 0.000000 0.000000 1.000000 0.000000
0.999998 0.002048 0.000000 3.389193 -0.002048 0.999998 0.000000 0.082378 0.000000 0.000000 1.000000 0.000000
0.999997 0.002278 0.000000 3.667141 -0.002278 0.999997 0.000000 0.110156 0.000000 0.000000 1.000000 0.000000
0.999996 0.002706 0.000000 4.032712 -0.002706 0.999996 0.000000 0.139390 0.000000 0.000000 1.000000 0.000000
0.999995 0.003229 0.000000 4.408404 -0.003229 0.999995 0.000000 0.147455 0.000000 0.000000 1.000000 0.000000
0.999994 0.003568 0.000000 4.713391 -0.003568 0.999994 0.000000 0.127565 0.000000 0.000000 1.000000 0.000000
0.999986 0.005339 0.000000 5.129371 -0.005339 0.999986 0.000000 0.162621 0.000000 0.000000 1.000000 0.000000
0.999980 0.006312 0.000000 5.521318 -0.006312 0.999980 0.000000 0.170874 0.000000 0.000000 1.000000 0.000000
0.999975 0.007118 0.000000 5.885356 -0.007118 0.999975 0.000000 0.189475 0.000000 0.000000 1.000000 0.000000
0.999889 0.014907 0.000000 6.283078 -0.014907 0.999889 0.000000 0.200661 0.000000 0.000000 1.000000 0.000000
0.999679 0.025322 0.000000 6.729602 -0.025322 0.999679 0.000000 0.186037 0.000000 0.000000 1.000000 0.000000
0.999318 0.036937 0.000000 7.094248 -0.036937 0.999318 0.000000 0.194168 0.000000 0.000000 1.000000 0.000000
0.999057 0.043424 0.000000 7.505676 -0.043424 0.999057 0.000000 0.171766 0.000000 0.000000 1.000000 0.000000
0.998880 0.047308 0.000000 7.954333 -0.047308 0.998880 0.000000 0.139720 0.000000 0.000000 1.000000 0.000000
0.998929 0.046262 0.000000 8.354361 -0.046262 0.998929 0.000000 0.165550 0.000000 0.000000 1.000000 0.000000
0.998998 0.044758 0.000000 8.733383 -0.044758 0.998998 0.000000 0.140101 0.000000 0.000000 1.000000 0.000000
0.999062 0.043304 0.000000 9.143109 -0.043304 0.999062 0.000000 0.145849 0.000000 0.000000 1.000000 0.000000
0.999262 0.038402 0.000000 9.547645 -0.038402 0.999262 0.000000 0.166556 0.000000 0.000000 1.000000 0.000000
0.999383 0.035120 0.000000 9.904369 -0.035120 0.999383 0.000000 0.159491 0.000000 0.000000 1.000000 0.000000
0.999491 0.031896 0.000000 10.283972 -0.031896 0.999491 0.000000 0.149228 0.000000 0.000000 1.000000 0.000000
0.999608 0.027988 0.000000 10.645131 -0.027988 0.999608 0.000000 0.173617 0.000000 0.000000 1.000000 0.000000
0.999700 0.024500 0.000000 11.015945 -0.024500 0.999700 0.000000 0.185074 0.000000 0.000000 1.000000 0.000000
0.999775 0.021214 0.000000 11.343512 -0.021214 0.999775 0.000000 0.187967 0.000000 0.000000 1.000000 0.000000
0.999819 0.019040 0.000000 11.692748 -0.019040 0.999819 0.000000 0.197749 0.000000 0.000000 1.000000 0.000000
0.999882 0.015377 0.000000 12.068339 -0.015377 0.999882 0.000000 0.198870 0.000000 0.000000 1.000000 0.000000
0.999931 0.011710 0.000000 12.438127 -0.011710 0.999931 0.000000 0.217535 0.000000 0.000000 1.000000 0.000000
0.999967 0.008110 0.000000 12.775640 -0.008110 0.999967 0.000000 0.237198 0.000000 0.000000 1.000000 0.000000
0.999981 0.006087 0.000000 13.130820 -0.006087 0.999981 0.000000 0.256486 0.000000 0.000000 1.000000 0.000000
0.999999 0.001556 0.000000 13.414255 -0.001556 0.999999 0.000000 0.260329 0.000000 0.000000 1.000000 0.000000
1.000000 -0.000740 0.000000 13.729793 0.000740 1.000000 0.000000 0.243386 0.000000 0.000000 1.000000 0.000000
0.999994 -0.003403 0.000000 14.054365 0.003403 0.999994 0.000000 0.258764 0.000000 0.000000 1.000000 0.000000
0.999989 -0.004710 0.000000 14.366303 0.004710 0.999989 0.000000 0.308960 0.000000 0.000000 1.000000 0.000000
0.999964 -0.008497 0.000000 14.721294 0.008497 0.999964 0.000000 0.307381 0.000000 0.000000 1.000000 0.000000
0.999951 -0.009868 0.000000 15.044698 0.009868 0.999951 0.000000 0.334903 0.000000 0.000000 1.000000 0.000000
0.999936 -0.011302 0.000000 15.365713 0.011302 0.999936 0.000000 0.333168 0.000000 0.000000 1.000000 0.000000
0.999930 -0.011865 0.000000 15.715539 0.011865 0.999930 0.000000 0.348046 0.000000 0.000000 1.000000 0.000000
0.999915 -0.013053 0.000000 16.031577 0.013053 0.999915 0.000000 0.359287 0.000000 0.000000 1.000000 0.000000
0.999894 -0.014540 0.000000 16.355224 0.014540 0.999894 0.000000 0.367679 0.000000 0.000000 1.000000 0.000000
0.999888 -0.014964 0.000000 16.680528 0.014964 0.999888 0.000000 0.384670 0.000000 0.000000 1.000000 0.000000
0.999900 -0.014129 0.000000 16.998446 0.014129 0.999900 0.000000 0.412651 0.000000 0.000000 1.000000 0.000000
0.999891 -0.014780 0.000000 17.336972 0.014780 0.999891 0.000000 0.429318 0.000000 0.000000 1.000000 0.000000
0.999878 -0.015647 0.000000 17.684526 0.015647 0.999878 0.000000 0.430655 0.000000 0.000000 1.000000 0.000000
0.999862 -0.016618 0.000000 17.981374 0.016618 0.999862 0.000000 0.439159 0.000000 0.000000 1.000000 0.000000
0.999860 -0.016761 0.000000 18.328941 0.016761 0.999860 0.000000 0.486210 0.000000 0.000000 1.000000 0.000000
0.999830 -0.018428 0.000000 18.656156 0.018428 0.999830 0.000000 0.494904 0.000000 0.000000 1.000000 0.000000
0.999830 -0.018437 0.000000 18.987982 0.018437 0.999830 0.000000 0.526024 0.000000 0.000000 1.000000 0.000000
0.999788 -0.020577 0.000000 19.311782 0.020577 0.999788 0.000000 0.535506 0.000000 0.000000 1.000000 0.000000
0.999749 -0.022411 0.000000 19.639043 0.022411 0.999749 0.000000 0.542763 0.000000 0.000000 1.000000 0.000000
0.999727 -0.023368 0.000000 19.929547 0.023368 0.999727 0.000000 0.567206 0.000000 0.000000 1.000000 0.000000
0.999708 -0.024166 0.000000 20.270581 0.024166 0.999708 0.000000 0.594559 0.000000 0.000000 1.000000 0.000000
0.999669 -0.025723 0.000000 20.629042 0.025723 0.999669 0.000000 0.630051 0.000000 0.000000 1.000000 0.000000
0.999614 -0.027787 0.000000 20.908788 0.027787 0.999614 0.000000 0.645591 0.000000 0.000000 1.000000 0.000000
0.999591 -0.028605 0.000000 21.155785 0.028605 0.999591 0.000000 0.649304 0.000000 0.000000 1.000000 0.000000
0.999553 -0.029900 0.000000 21.442884 0.029900 0.999553 0.000000 0.670400 0.000000 0.000000 1.000000 0.000000
0.999510 -0.031288 0.000000 21.770154 0.031288 0.999510 0.000000 0.685208 0.000000 0.000000 1.000000 0.000000
0.999461 -0.032835 0.000000 22.075559 0.032835 0.999461 0.000000 0.731439 0.000000 0.000000 1.000000 0.000000
0.999441 -0.033431 0.000000 22.355463 0.033431 0.999441 0.000000 0.755909 0.000000 0.000000 1.000000 0.000000
0.999445 -0.033320 0.000000 22.653006 0.033320 0.999445 0.000000 0.768557 0.000000 0.000000 1.000000 0.000000
0.999474 -0.032430 0.000000 22.980379 0.032430 0.999474 0.000000 0.761603 0.000000 0.000000 1.000000 0.000000
0.999526 -0.030785 0.000000 23.275907 0.030785 0.999526 0.000000 0.791203 0.000000 0.000000 1.000000 0.000000
0.999551 -0.029950 0.000000 23.583991 0.029950 0.999551 0.000000 0.825875 0.000000 0.000000 1.000000 0.000000
0.999613 -0.027831 0.000000 23.862353 0.027831 0.999613 0.000000 0.846195 0.000000 0.000000 1.000000 0.000000
0.999665 -0.025890 0.000000 24.162689 0.025890 0.999665 0.000000 0.861821 0.000000 0.000000 1.000000 0.000000
0.999710 -0.024101 0.000000 24.424367 0.024101 0.999710 0.000000 0.871966 0.000000 0.000000 1.000000 0.000000
0.999721 -0.023619 0.000000 24.707006 0.023619 0.999721 0.000000 0.863734 0.000000 0.000000 1.000000 0.000000
0.999773 -0.021329 0.000000 25.038902 0.021329 0.999773 0.000000 0.878509 0.000000 0.000000 1.000000 0.000000
0.999813 -0.019354 0.000000 25.310789 0.019354 0.999813 0.000000 0.902027 0.000000 0.000000 1.000000 0.000000
0.999833 -0.018285 0.000000 25.649000 0.018285 0.999833 0.000000 0.915992 0.000000 0.000000 1.000000 0.000000
0.999882 -0.015392 0.000000 25.907802 0.015392 0.999882 0.000000 0.928289 0.000000 0.000000 1.000000 0.000000
0.999903 -0.013904 0.000000 26.155762 0.013904 0.999903 0.000000 0.944727 0.000000 0.000000 1.000000 0.000000
0.999917 -0.012902 0.000000 26.457057 0.012902 0.999917 0.000000 0.969192 0.000000 0.000000 1.000000 0.000000
0.999918 -0.012794 0.000000 26.733823 0.012794 0.999918 0.000000 0.980143 0.000000 0.000000 1.000000 0.000000
0.999928 -0.011980 0.000000 27.001901 0.011980 0.999928 0.000000 0.998158 0.000000 0.000000 1.000000 0.000000
0.999931 -0.011742 0.000000 27.265364 0.011742 0.999931 0.000000 1.026394 0.000000 0.000000 1.000000 0.000000
0.999944 -0.010627 0.000000 27.603884 0.010627 0.999944 0.000000 1.029321 0.000000 0.000000 1.000000 0.000000
0.999957 -0.009223 0.000000 27.905788 0.009223 0.999957 0.000000 1.009947 0.000000 0.000000 1.000000 0.000000
0.999967 -0.008136 0.000000 28.210990 0.008136 0.999967 0.000000 1.023238 0.000000 0.000000 1.000000 0.000000
0.999972 -0.007495 0.000000 28.516501 0.007495 0.999972 0.000000 1.032413 0.000000 0.000000 1.000000 0.000000
0.999986 -0.005253 0.000000 28.789468 0.005253 0.999986 0.000000 1.046277 0.000000 0.000000 1.000000 0.000000
0.999997 -0.002493 0.000000 29.130335 0.002493 0.999997 0.000000 1.058187 0.000000 0.000000 1.000000 0.000000
1.000000 -0.000021 0.000000 29.465568 0.000021 1.000000 0.000000 1.084139 0.000000 0.000000 1.000000 0.000000
0.999994 0.003573 0.000000 29.761353 -0.003573 0.999994 0.000000 1.057314 0.000000 0.000000 1.000000 0.000000
0.999986 0.005342 0.000000 30.056258 -0.005342 0.999986 0.000000 1.058210 0.000000 0.000000 1.000000 0.000000
0.999967 0.008122 0.000000 30.340512 -0.008122 0.999967 0.000000 1.059841 0.000000 0.000000 1.000000 0.000000
0.999942 0.010730 0.000000 30.593457 -0.010730 0.999942 0.000000 1.068968 0.000000 0.000000 1.000000 0.000000
0.999912 0.013256 0.000000 30.934428 -0.013256 0.999912 0.000000 1.055396 0.000000 0.000000 1.000000 0.000000
0.999891 0.014766 0.000000 31.263977 -0.014766 0.999891 0.000000 1.073276 0.000000 0.000000 1.000000 0.000000
0.999868 0.016245 0.000000 31.581842 -0.016245 0.999868 0.000000 1.068911 0.000000 0.000000 1.000000 0.000000
0.999847 0.017519 0.000000 31.905888 -0.017519 0.999847 0.000000 1.084884 0.000000 0.000000 1.000000 0.000000
0.999826 0.018665 0.000000 32.251758 -0.018665 0.999826 0.000000 1.079916 0.000000 0.000000 1.000000 0.000000
0.999820 0.018976 0.000000 32.551507 -0.018976 0.999820 0.000000 1.080767 0.000000 0.000000 1.000000 0.000000
0.999787 0.020629 0.000000 32.931706 -0.020629 0.999787 0.000000 1.083796 0.000000 0.000000 1.000000 0.000000
0.999779 0.021042 0.000000 33.242080 -0.021042 0.999779 0.000000 1.071238 0.000000 0.000000 1.000000 0.000000
0.999791 0.020432 0.000000 33.542742 -0.020432 0.999791 0.000000 1.083417 0.000000 0.000000 1.000000 0.000000
0.999802 0.019920 0.000000 33.871512 -0.019920 0.999802 0.000000 1.093349 0.000000 0.000000 1.000000 0.000000
0.999811 0.019461 0.000000 34.225647 -0.019461 0.999811 0.000000 1.099631 0.000000 0.000000 1.000000 0.000000
0.999800 0.020006 0.000000 34.603840 -0.020006 0.999800 0.000000 1.118541 0.000000 0.000000 1.000000 0.000000
0.999813 0.019347 0.000000 34.924021 -0.019347 0.999813 0.000000 1.123054 0.000000 0.000000 1.000000 0.000000
0.999815 0.019242 0.000000 35.247340 -0.019242 0.999815 0.000000 1.125430 0.000000 0.000000 1.000000 0.000000
0.999812 0.019385 0.000000 35.556726 -0.019385 0.999812 0.000000 1.140903 0.000000 0.000000 1.000000 0.000000
0.999846 0.017524 0.000000 35.895317 -0.017524 0.999846 0.000000 1.134332 0.000000 0.000000 1.000000 0.000000
0.999848 0.017436 0.000000 36.152226 -0.017436 0.999848 0.000000 1.131951 0.000000 0.000000 1.000000 0.000000
0.999855 0.017038 0.000000 36.458128 -0.017038 0.999855 0.000000 1.129809 0.000000 0.000000 1.000000 0.000000
0.999855 0.017029 0.000000 36.771082 -0.017029 0.999855 0.000000 1.152421 0.000000 0.000000 1.000000 0.000000
0.999872 0.016024 0.000000 37.038952 -0.016024 0.999872 0.000000 1.168336 0.000000 0.000000 1.000000 0.000000
0.999881 0.015448 0.000000 37.335587 -0.015448 0.999881 0.000000 1.161088 0.000000 0.000000 1.000000 0.000000
0.999915 0.013039 0.000000 37.676282 -0.013039 0.999915 0.000000 1.186167 0.000000 0.000000 1.000000 0.000000
0.999927 0.012124 0.000000 38.035779 -0.012124 0.999927 0.000000 1.193543 0.000000 0.000000 1.000000 0.000000
0.999938 0.011155 0.000000 38.341035 -0.011155 0.999938 0.000000 1.198121 0.000000 0.000000 1.000000 0.000000
0.999947 0.010329 0.000000 38.730154 -0.010329 0.999947 0.000000 1.215953 0.000000 0.000000 1.000000 0.000000
0.999962 0.008706 0.000000 39.095117 -0.008706 0.999962 0.000000 1.209725 0.000000 0.000000 1.000000 0.000000
0.999974 0.007185 0.000000 39.440712 -0.007185 0.999974 0.000000 1.232411 0.000000 0.000000 1.000000 0.000000
0.999979 0.006462 0.000000 39.776225 -0.006462 0.999979 0.000000 1.254318 0.000000 0.000000 1.000000 0.000000
0.999986 0.005312 0.000000 40.139948 -0.005312 0.999986 0.000000 1.264747 0.000000 0.000000 1.000000 0.000000
0.999992 0.003998 0.000000 40.451191 -0.003998 0.999992 0.000000 1.268113 0.000000 0.000000 1.000000 0.000000
0.999999 0.001334 0.000000 40.802344 -0.001334 0.999999 0.000000 1.275222 0.000000 0.000000 1.000000 0.000000
1.000000 0.000319 0.000000 41.204997 -0.000319 1.000000 0.000000 1.287587 0.000000 0.000000 1.000000 0.000000
1.000000 -0.000705 0.000000 41.546294 0.000705 1.000000 0.000000 1.308965 0.000000 0.000000 1.000000 0.000000
0.999998 -0.001843 0.000000 41.931126 0.001843 0.999998 0.000000 1.329737 0.000000 0.000000 1.000000 0.000000
0.999997 -0.002637 0.000000 42.296555 0.002637 0.999997 0.000000 1.356254 0.000000 0.000000 1.000000 0.000000
0.999994 -0.003326 0.000000 42.576383 0.003326 0.999994 0.000000 1.354819 0.000000 0.000000 1.000000 0.000000
0.999989 -0.004744 0.000000 42.954133 0.004744 0.999989 0.000000 1.382321 0.000000 0.000000 1.000000 0.000000
0.999983 -0.005751 0.000000 43.331800 0.005751 0.999983 0.000000 1.392581 0.000000 0.000000 1.000000 0.000000
0.999974 -0.007168 0.000000 43.675884 0.007168 0.999974 0.000000 1.411485 0.000000 0.000000 1.000000 0.000000
0.999973 -0.007315 0.000000 43.981834 0.007315 0.999973 0.000000 1.440325 0.000000 0.000000 1.000000 0.000000
0.999960 -0.008889 0.000000 44.271336 0.008889 0.999960 0.000000 1.425068 0.000000 0.000000 1.000000 0.000000
0.999949 -0.010070 0.000000 44.659246 0.010070 0.999949 0.000000 1.447129 0.000000 0.000000 1.000000 0.000000
0.999929 -0.011882 0.000000 45.029203 0.011882 0.999929 0.000000 1.468853 0.000000 0.000000 1.000000 0.000000
0.999926 -0.012167 0.000000 45.306261 0.012167 0.999926 0.000000 1.490654 0.000000 0.000000 1.000000 0.000000
0.999906 -0.013714 0.000000 45.633284 0.013714 0.999906 0.000000 1.511723 0.000000 0.000000 1.000000 0.000000
0.999875 -0.015810 0.000000 45.914431 0.015810 0.999875 0.000000 1.500272 0.000000 0.000000 1.000000 0.000000
0.999879 -0.015584 0.000000 46.255330 0.015584 0.999879 0.000000 1.554657 0.000000 0.000000 1.000000 0.000000
0.999855 -0.017006 0.000000 46.582065 0.017006 0.999855 0.000000 1.566742 0.000000 0.000000 1.000000 0.000000
0.999854 -0.017091 0.000000 46.923822 0.017091 0.999854 0.000000 1.598101 0.000000 0.000000 1.000000 0.000000
0.999844 -0.017657 0.000000 47.275308 0.017657 0.999844 0.000000 1.598237 0.000000 0.000000 1.000000 0.000000
0.999838 -0.018001 0.000000 47.507982 0.018001 0.999838 0.000000 1.624802 0.000000 0.000000 1.000000 0.000000
0.999817 -0.019111 0.000000 47.859232 0.019111 0.999817 0.000000 1.643787 0.000000 0.000000 1.000000 0.000000
0.999811 -0.019446 0.000000 48.125717 0.019446 0.999811 0.000000 1.682108 0.000000 0.000000 1.000000 0.000000
0.999787 -0.020622 0.000000 48.416016 0.020622 0.999787 0.000000 1.691120 0.000000 0.000000 1.000000 0.000000
0.999768 -0.021541 0.000000 48.601616 0.021541 0.999768 0.000000 1.705596 0.000000 0.000000 1.000000 0.000000
0.999752 -0.022277 0.000000 48.951225 0.022277 0.999752 0.000000 1.727109 0.000000 0.000000 1.000000 0.000000
0.999741 -0.022770 0.000000 49.255874 0.022770 0.999741 0.000000 1.738959 0.000000 0.000000 1.000000 0.000000
0.999723 -0.023537 0.000000 49.530280 0.023537 0.999723 0.000000 1.748913 0.000000 0.000000 1.000000 0.000000
0.999728 -0.023304 0.000000 49.895107 0.023304 0.999728 0.000000 1.749793 0.000000 0.000000 1.000000 0.000000
0.999732 -0.023141 0.000000 50.121663 0.023141 0.999732 0.000000 1.757467 0.000000 0.000000 1.000000 0.000000
0.999792 -0.020395 0.000000 50.370721 0.020395 0.999792 0.000000 1.775861 0.000000 0.000000 1.000000 0.000000
0.999809 -0.019552 0.000000 50.615098 0.019552 0.999809 0.000000 1.774335 0.000000 0.000000 1.000000 0.000000
0.999833 -0.018295 0.000000 50.966312 0.018295 0.999833 0.000000 1.804234 0.000000 0.000000 1.000000 0.000000
0.999820 -0.018974 0.000000 51.222274 0.018974 0.999820 0.000000 1.826581 0.000000 0.000000 1.000000 0.000000
0.999814 -0.019291 0.000000 51.534675 0.019291 0.999814 0.000000 1.845120 0.000000 0.000000 1.000000 0.000000
0.999826 -0.018659 0.000000 51.777511 0.018659 0.999826 0.000000 1.858507 0.000000 0.000000 1.000000 0.000000
0.999832 -0.018304 0.000000 52.084973 0.018304 0.999832 0.000000 1.875010 0.000000 0.000000 1.000000 0.000000
0.999818 -0.019078 0.000000 52.443418 0.019078 0.999818 0.000000 1.893354 0.000000 0.000000 1.000000 0.000000
0.999811 -0.019429 0.000000 52.700991 0.019429 0.999811 0.000000 1.914266 0.000000 0.000000 1.000000 0.000000
0.999809 -0.019519 0.000000 52.955672 0.019519 0.999809 0.000000 1.912429 0.000000 0.000000 1.000000 0.000000
0.999793 -0.020351 0.000000 53.228844 0.020351 0.999793 0.000000 1.921204 0.000000 0.000000 1.000000 0.000000
0.999781 -0.020950 0.000000 53.489681 0.020950 0.999781 0.000000 1.930942 0.000000 0.000000 1.000000 0.000000
0.999792 -0.020391 0.000000 53.770016 0.020391 0.999792 0.000000 1.950044 0.000000 0.000000 1.000000 0.000000
0.999788 -0.020584 0.000000 54.116166 0.020584 0.999788 0.000000 1.980896 0.000000 0.000000 1.000000 0.000000
0.999774 -0.021272 0.000000 54.410007 0.021272 0.999774 0.000000 2.002857 0.000000 0.000000 1.000000 0.000000
0.999770 -0.021435 0.000000 54.750247 0.021435 0.999770 0.000000 2.004308 0.000000 0.000000 1.000000 0.000000
0.999760 -0.021902 0.000000 55.010045 0.021902 0.999760 0.000000 2.032761 0.000000 0.000000 1.000000 0.000000
0.999757 -0.022028 0.000000 55.357515 0.022028 0.999757 0.000000 2.030942 0.000000 0.000000 1.000000 0.000000
0.999768 -0.021559 0.000000 55.705397 0.021559 0.999768 0.000000 2.049586 0.000000 0.000000 1.000000 0.000000
0.999752 -0.022254 0.000000 55.944352 0.022254 0.999752 0.000000 2.083900 0.000000 0.000000 1.000000 0.000000
0.999745 -0.022566 0.000000 56.250168 0.022566 0.999745 0.000000 2.106040 0.000000 0.000000 1.000000 0.000000
0.999751 -0.022329 0.000000 56.541018 0.022329 0.999751 0.000000 2.122475 0.000000 0.000000 1.000000 0.000000
0.999746 -0.022536 0.000000 56.882841 0.022536 0.999746 0.000000 2.152426 0.000000 0.000000 1.000000 0.000000
0.999724 -0.023481 0.000000 57.266345 0.023481 0.999724 0.000000 2.161797 0.000000 0.000000 1.000000 0.000000
0.999727 -0.023360 0.000000 57.519261 0.023360 0.999727 0.000000 2.165983 0.000000 0.000000 1.000000 0.000000
0.999720 -0.023652 0.000000 57.879367 0.023652 0.999720 0.000000 2.197618 0.000000 0.000000 1.000000 0.000000
0.999702 -0.024397 0.000000 58.185510 0.024397 0.999702 0.000000 2.214813 0.000000 0.000000 1.000000 0.000000
0.999702 -0.024396 0.000000 58.498040 0.024396 0.999702 0.000000 2.234475 0.000000 0.000000 1.000000 0.000000
0.999687 -0.025027 0.000000 58.824654 0.025027 0.999687 0.000000 2.255317 0.000000 0.000000 1.000000 0.000000
0.999663 -0.025942 0.000000 59.123799 0.025942 0.999663 0.000000 2.279692 0.000000 0.000000 1.000000 0.000000
0.999697 -0.024608 0.000000 59.394179 0.024608 0.999697 0.000000 2.292118 0.000000 0.000000 1.000000 0.000000
0.999637 -0.026925 0.000000 59.721589 0.026925 0.999637 0.000000 2.320574 0.000000 0.000000 1.000000 0.000000
0.999608 -0.028010 0.000000 60.035971 0.028010 0.999608 0.000000 2.340315 0.000000 0.000000 1.000000 0.000000
0.999615 -0.027751 0.000000 60.329218 0.027751 0.999615 0.000000 2.358252 0.000000 0.000000 1.000000 0.000000
0.999569 -0.029362 0.000000 60.615138 0.029362 0.999569 0.000000 2.381947 0.000000 0.000000 1.000000 0.000000
0.999537 -0.030418 0.000000 60.957383 0.030418 0.999537 0.000000 2.401793 0.000000 0.000000 1.000000 0.000000
0.999475 -0.032410 0.000000 61.223681 0.032410 0.999475 0.000000 2.418703 0.000000 0.000000 1.000000 0.000000
0.999467 -0.032653 0.000000 61.501790 0.032653 0.999467 0.000000 2.426884 0.000000 0.000000 1.000000 0.000000
0.999446 -0.033280 0.000000 61.812651 0.033280 0.999446 0.000000 2.464220 0.000000 0.000000 1.000000 0.000000
0.999429 -0.033797 0.000000 62.077121 0.033797 0.999429 0.000000 2.476199 0.000000 0.000000 1.000000 0.000000
0.999445 -0.033321 0.000000 62.424887 0.033321 0.999445 0.000000 2.490326 0.000000 0.000000 1.000000 0.000000
0.999402 -0.034575 0.000000 62.709638 0.034575 0.999402 0.000000 2.523242 0.000000 0.000000 1.000000 0.000000
0.999396 -0.034762 0.000000 62.966147 0.034762 0.999396 0.000000 2.544733 0.000000 0.000000 1.000000 0.000000
0.999405 -0.034480 0.000000 63.281930 0.034480 0.999405 0.000000 2.570642 0.000000 0.000000 1.000000 0.000000
0.999438 -0.033512 0.000000 63.605628 0.033512 0.999438 0.000000 2.579771 0.000000 0.000000 1.000000 0.000000
0.999460 -0.032845 0.000000 63.881667 0.032845 0.999460 0.000000 2.601834 0.000000 0.000000 1.000000 0.000000
0.999505 -0.031468 0.000000 64.127819 0.031468 0.999505 0.000000 2.610762 0.000000 0.000000 1.000000 0.000000
0.999512 -0.031239 0.000000 64.466473 0.031239 0.999512 0.000000 2.637802 0.000000 0.000000 1.000000 0.000000
0.999544 -0.030199 0.000000 64.738848 0.030199 0.999544 0.000000 2.653563 0.000000 0.000000 1.000000 0.000000
0.999584 -0.028824 0.000000 65.044904 0.028824 0.999584 0.000000 2.639729 0.000000 0.000000 1.000000 0.000000
0.999602 -0.028217 0.000000 65.306527 0.028217 0.999602 0.000000 2.677727 0.000000 0.000000 1.000000 0.000000
0.999625 -0.027376 0.000000 65.577210 0.027376 0.999625 0.000000 2.732369 0.000000 0.000000 1.000000 0.000000
0.999674 -0.025517 0.000000 65.896960 0.025517 0.999674 0.000000 2.734678 0.000000 0.000000 1.000000 0.000000
0.999722 -0.023566 0.000000 66.146614 0.023566 0.999722 0.000000 2.723443 0.000000 0.000000 1.000000 0.000000
0.999749 -0.022414 0.000000 66.481413 0.022414 0.999749 0.000000 2.782082 0.000000 0.000000 1.000000 0.000000
0.999756 -0.022092 0.000000 66.717627 0.022092 0.999756 0.000000 2.787536 0.000000 0.000000 1.000000 0.000000
0.999775 -0.021230 0.000000 66.990504 0.021230 0.999775 0.000000 2.772110 0.000000 0.000000 1.000000 0.000000
0.999804 -0.019790 0.000000 67.267342 0.019790 0.999804 0.000000 2.815516 0.000000 0.000000 1.000000 0.000000
0.999830 -0.018412 0.000000 67.564055 0.018412 0.999830 0.000000 2.810420 0.000000 0.000000 1.000000 0.000000
0.999846 -0.017545 0.000000 67.863145 0.017545 0.999846 0.000000 2.817008 0.000000 0.000000 1.000000 0.000000
0.999865 -0.016414 0.000000 68.169465 0.016414 0.999865 0.000000 2.840142 0.000000 0.000000 1.000000 0.000000
0.999878 -0.015647 0.000000 68.470690 0.015647 0.999878 0.000000 2.871037 0.000000 0.000000 1.000000 0.000000
0.999891 -0.014795 0.000000 68.748020 0.014795 0.999891 0.000000 2.870753 0.000000 0.000000 1.000000 0.000000
0.999924 -0.012321 0.000000 69.025552 0.012321 0.999924 0.000000 2.855174 0.000000 0.000000 1.000000 0.000000
0.999918 -0.012823 0.000000 69.349048 0.012823 0.999918 0.000000 2.891415 0.000000 0.000000 1.000000 0.000000
0.999908 -0.013530 0.000000 69.668442 0.013530 0.999908 0.000000 2.926106 0.000000 0.000000 1.000000 0.000000
0.999912 -0.013238 0.000000 69.961400 0.013238 0.999912 0.000000 2.925601 0.000000 0.000000 1.000000 0.000000
0.999919 -0.012716 0.000000 70.283136 0.012716 0.999919 0.000000 2.910275 0.000000 0.000000 1.000000 0.000000
0.999914 -0.013125 0.000000 70.534311 0.013125 0.999914 0.000000 2.933795 0.000000 0.000000 1.000000 0.000000
0.999914 -0.013132 0.000000 70.765678 0.013132 0.999914 0.000000 2.945422 0.000000 0.000000 1.000000 0.000000
0.999911 -0.013326 0.000000 71.094676 0.013326 0.999911 0.000000 2.964467 0.000000 0.000000 1.000000 0.000000
0.999914 -0.013092 0.000000 71.317661 0.013092 0.999914 0.000000 2.958781 0.000000 0.000000 1.000000 0.000000
0.999897 -0.014332 0.000000 71.615804 0.014332 0.999897 0.000000 2.985074 0.000000 0.000000 1.000000 0.000000
0.999904 -0.013839 0.000000 71.908454 0.013839 0.999904 0.000000 2.995832 0.000000 0.000000 1.000000 0.000000
0.999896 -0.014435 0.000000 72.224404 0.014435 0.999896 0.000000 3.008168 0.000000 0.000000 1.000000 0.000000
0.999901 -0.014040 0.000000 72.516564 0.014040 0.999901 0.000000 3.030606 0.000000 0.000000 1.000000 0.000000
0.999897 -0.014324 0.000000 72.842373 0.014324 0.999897 0.000000 3.030747 0.000000 0.000000 1.000000 0.000000
0.999881 -0.015427 0.000000 73.143367 0.015427 0.999881 0.000000 3.047750 0.000000 0.000000 1.000000 0.000000
0.999883 -0.015318 0.000000 73.483195 0.015318 0.999883 0.000000 3.055364 0.000000 0.000000 1.000000 0.000000
0.999866 -0.016378 0.000000 73.818447 0.016378 0.999866 0.000000 3.086855 0.000000 0.000000 1.000000 0.000000
0.999872 -0.015989 0.000000 74.084464 0.015989 0.999872 0.000000 3.084995 0.000000 0.000000 1.000000 0.000000
0.999858 -0.016874 0.000000 74.425708 0.016874 0.999858 0.000000 3.107074 0.000000 0.000000 1.000000 0.000000
0.999859 -0.016778 0.000000 74.684915 0.016778 0.999859 0.000000 3.101353 0.000000 0.000000 1.000000 0.000000
0.999835 -0.018192 0.000000 74.997379 0.018192 0.999835 0.000000 3.137217 0.000000 0.000000 1.000000 0.000000
0.999811 -0.019419 0.000000 75.317643 0.019419 0.999811 0.000000 3.162229 0.000000 0.000000 1.000000 0.000000
0.999772 -0.021373 0.000000 75.642151 0.021373 0.999772 0.000000 3.166535 0.000000 0.000000 1.000000 0.000000
0.999752 -0.022251 0.000000 75.882738 0.022251 0.999752 0.000000 3.182772 0.000000 0.000000 1.000000 0.000000
0.999718 -0.023754 0.000000 76.187577 0.023754 0.999718 0.000000 3.226407 0.000000 0.000000 1.000000 0.000000
0.999697 -0.024609 0.000000 76.521422 0.024609 0.999697 0.000000 3.237793 0.000000 0.000000 1.000000 0.000000
0.999671 -0.025640 0.000000 76.822593 0.025640 0.999671 0.000000 3.257935 0.000000 0.000000 1.000000 0.000000
0.999649 -0.026503 0.000000 77.146631 0.026503 0.999649 0.000000 3.276990 0.000000 0.000000 1.000000 0.000000
0.999617 -0.027668 0.000000 77.468921 0.027668 0.999617 0.000000 3.280032 0.000000 0.000000 1.000000 0.000000
0.999577 -0.029067 0.000000 77.732148 0.029067 0.999577 0.000000 3.306076 0.000000 0.000000 1.000000 0.000000
0.999548 -0.030049 0.000000 78.053960 0.030049 0.999548 0.000000 3.322225 0.000000 0.000000 1.000000 0.000000
0.999497 -0.031711 0.000000 78.317759 0.031711 0.999497 0.000000 3.318674 0.000000 0.000000 1.000000 0.000000
0.999460 -0.032850 0.000000 78.687970 0.032850 0.999460 0.000000 3.384440 0.000000 0.000000 1.000000 0.000000
0.999406 -0.034475 0.000000 79.036496 0.034475 0.999406 0.000000 3.419825 0.000000 0.000000 1.000000 0.000000
0.999363 -0.035701 0.000000 79.329397 0.035701 0.999363 0.000000 3.405779 0.000000 0.000000 1.000000 0.000000
0.999309 -0.037165 0.000000 79.622279 0.037165 0.999309 0.000000 3.442910 0.000000 0.000000 1.000000 0.000000
0.999276 -0.038049 0.000000 79.887477 0.038049 0.999276 0.000000 3.461251 0.000000 0.000000 1.000000 0.000000
0.999262 -0.038402 0.000000 80.183403 0.038402 0.999262 0.000000 3.491941 0.000000 0.000000 1.000000 0.000000
0.999216 -0.039592 0.000000 80.496238 0.039592 0.999216 0.000000 3.498746 0.000000 0.000000 1.000000 0.000000
0.999168 -0.040775 0.000000 80.789642 0.040775 0.999168 0.000000 3.562092 0.000000 0.000000 1.000000 0.000000
0.999110 -0.042179 0.000000 81.095566 0.042179 0.999110 0.000000 3.546504 0.000000 0.000000 1.000000 0.000000
0.999069 -0.043136 0.000000 81.393095 0.043136 0.999069 0.000000 3.583008 0.000000 0.000000 1.000000 0.000000
0.999038 -0.043848 0.000000 81.661067 0.043848 0.999038 0.000000 3.601500 0.000000 0.000000 1.000000 0.000000
0.999023 -0.044190 0.000000 82.028499 0.044190 0.999023 0.000000 3.672456 0.000000 0.000000 1.000000 0.000000
0.999003 -0.044633 0.000000 82.317040 0.044633 0.999003 0.000000 3.668998 0.000000 0.000000 1.000000 0.000000
0.999007 -0.044545 0.000000 82.654066 0.044545 0.999007 0.000000 3.682959 0.000000 0.000000 1.000000 0.000000
0.999029 -0.044059 0.000000 82.968698 0.044059 0.999029 0.000000 3.710872 0.000000 0.000000 1.000000 0.000000
0.998994 -0.044844 0.000000 83.212554 0.044844 0.998994 0.000000 3.740852 0.000000 0.000000 1.000000 0.000000
0.999027 -0.044099 0.000000 83.519567 0.044099 0.999027 0.000000 3.766202 0.000000 0.000000 1.000000 0.000000
0.999113 -0.042105 0.000000 83.877903 0.042105 0.999113 0.000000 3.795716 0.000000 0.000000 1.000000 0.000000
0.999140 -0.041465 0.000000 84.143716 0.041465 0.999140 0.000000 3.761283 0.000000 0.000000 1.000000 0.000000
0.999286 -0.037794 0.000000 84.443161 0.037794 0.999286 0.000000 3.801164 0.000000 0.000000 1.000000 0.000000
0.999436 -0.033595 0.000000 84.732021 0.033595 0.999436 0.000000 3.841433 0.000000 0.000000 1.000000 0.000000
0.999607 -0.028022 0.000000 85.041710 0.028022 0.999607 0.000000 3.895848 0.000000 0.000000 1.000000 0.000000
0.999749 -0.022404 0.000000 85.335762 0.022404 0.999749 0.000000 3.885395 0.000000 0.000000 1.000000 0.000000
0.999909 -0.013475 0.000000 85.659803 0.013475 0.999909 0.000000 3.889053 0.000000 0.000000 1.000000 0.000000
0.999996 -0.002685 0.000000 85.998094 0.002685 0.999996 0.000000 3.883198 0.000000 0.000000 1.000000 0.000000
0.999984 0.005724 0.000000 86.303813 -0.005724 0.999984 0.000000 3.878599 0.000000 0.000000 1.000000 0.000000
0.999893 0.014623 0.000000 86.642847 -0.014623 0.999893 0.000000 3.849197 0.000000 0.000000 1.000000 0.000000
0.999655 0.026250 0.000000 87.002787 -0.026250 0.999655 0.000000 3.861801 0.000000 0.000000 1.000000 0.000000
0.999297 0.037478 0.000000 87.391756 -0.037478 0.999297 0.000000 3.851834 0.000000 0.000000 1.000000 0.000000
0.998714 0.050708 0.000000 87.656569 -0.050708 0.998714 0.000000 3.847623 0.000000 0.000000 1.000000 0.000000
0.997975 0.063604 0.000000 87.958528 -0.063604 0.997975 0.000000 3.819420 0.000000 0.000000 1.000000 0.000000
0.996901 0.078666 0.000000 88.260219 -0.078666 0.996901 0.000000 3.780415 0.000000 0.000000 1.000000 0.000000
0.995739 0.092219 0.000000 88.540099 -0.092219 0.995739 0.000000 3.783727 0.000000 0.000000 1.000000 0.000000
0.993893 0.110346 0.000000 88.789946 -0.110346 0.993893 0.000000 3.746298 0.000000 0.000000 1.000000 0.000000
0.991648 0.128971 0.000000 89.131059 -0.128971 0.991648 0.000000 3.661007 0.000000 0.000000 1.000000 0.000000
0.989082 0.147363 0.000000 89.361968 -0.147363 0.989082 0.000000 3.646258 0.000000 0.000000 1.000000 0.000000
0.985771 0.168092 0.000000 89.655970 -0.168092 0.985771 0.000000 3.593860 0.000000 0.000000 1.000000 0.000000
0.981693 0.190468 0.000000 89.900229 -0.190468 0.981693 0.000000 3.533962 0.000000 0.000000 1.000000 0.000000
0.976999 0.213242 0.000000 90.137333 -0.213242 0.976999 0.000000 3.483954 0.000000 0.000000 1.000000 0.000000
0.971822 0.235716 0.000000 90.421186 -0.235716 0.971822 0.000000 3.376347 0.000000 0.000000 1.000000 0.000000
0.965342 0.260990 0.000000 90.622818 -0.260990 0.965342 0.000000 3.291729 0.000000 0.000000 1.000000 0.000000
0.958819 0.284017 0.000000 90.917187 -0.284017 0.958819 0.000000 3.217625 0.000000 0.000000 1.000000 0.000000
0.952076 0.305862 0.000000 91.145135 -0.305862 0.952076 0.000000 3.133766 0.000000 0.000000 1.000000 0.000000
0.944528 0.328431 0.000000 91.377955 -0.328431 0.944528 0.000000 3.048257 0.000000 0.000000 1.000000 0.000000
0.934791 0.355198 0.000000 91.622764 -0.355198 0.934791 0.000000 2.943770 0.000000 0.000000 1.000000 0.000000
0.925640 0.378405 0.000000 91.809051 -0.378405 0.925640 0.000000 2.811417 0.000000 0.000000 1.000000 0.000000
0.915054 0.403331 0.000000 92.085136 -0.403331 0.915054 0.000000 2.742748 0.000000 0.000000 1.000000 0.000000
0.903118 0.429393 0.000000 92.319307 -0.429393 0.903118 0.000000 2.611901 0.000000 0.000000 1.000000 0.000000
0.892203 0.451635 0.000000 92.558819 -0.451635 0.892203 0.000000 2.502329 0.000000 0.000000 1.000000 0.000000
0.880900 0.473302 0.000000 92.736130 -0.473302 0.880900 0.000000 2.370813 0.000000 0.000000 1.000000 0.000000
0.868644 0.495437 0.000000 92.974812 -0.495437 0.868644 0.000000 2.227071 0.000000 0.000000 1.000000 0.000000
0.855312 0.518114 0.000000 93.199767 -0.518114 0.855312 0.000000 2.078454 0.000000 0.000000 1.000000 0.000000
0.840642 0.541592 0.000000 93.397382 -0.541592 0.840642 0.000000 1.876048 0.000000 0.000000 1.000000 0.000000
0.825164 0.564893 0.000000 93.686575 -0.564893 0.825164 0.000000 1.697718 0.000000 0.000000 1.000000 0.000000
0.806636 0.591048 0.000000 93.888432 -0.591048 0.806636 0.000000 1.509500 0.000000 0.000000 1.000000 0.000000
0.784832 0.619709 0.000000 94.167183 -0.619709 0.784832 0.000000 1.309389 0.000000 0.000000 1.000000 0.000000
0.759345 0.650689 0.000000 94.381691 -0.650689 0.759345 0.000000 1.106001 0.000000 0.000000 1.000000 0.000000
0.734703 0.678389 0.000000 94.560269 -0.678389 0.734703 0.000000 0.902306 0.000000 0.000000 1.000000 0.000000
0.704658 0.709547 0.000000 94.759992 -0.709547 0.704658 0.000000 0.661915 0.000000 0.000000 1.000000 0.000000
0.670987 0.741469 0.000000 94.887183 -0.741469 0.670987 0.000000 0.400925 0.000000 0.000000 1.000000 0.000000
0.637245 0.770662 0.000000 95.139804 -0.770662 0.637245 0.000000 0.188096 0.000000 0.000000 1.000000 0.000000
0.602665 0.797994 0.000000 95.275386 -0.797994 0.602665 0.000000 -0.082839 0.000000 0.000000 1.000000 0.000000
0.566649 0.823959 0.000000 95.432005 -0.823959 0.566649 0.000000 -0.313569 0.000000 0.000000 1.000000 0.000000
0.531713 0.846925 0.000000 95.597135 -0.846925 0.531713 0.000000 -0.553600 0.000000 0.000000 1.000000 0.000000
0.494986 0.868901 0.000000 95.661441 -0.868901 0.494986 0.000000 -0.830502 0.000000 0.000000 1.000000 0.000000
0.459361 0.888250 0.000000 95.793429 -0.888250 0.459361 0.000000 -1.116061 0.000000 0.000000 1.000000 0.000000
0.421086 0.907021 0.000000 95.892872 -0.907021 0.421086 0.000000 -1.379366 0.000000 0.000000 1.000000 0.000000
0.383759 0.923433 0.000000 95.952320 -0.923433 0.383759 0.000000 -1.693898 0.000000 0.000000 1.000000 0.000000
0.347623 0.937634 0.000000 95.986817 -0.937634 0.347623 0.000000 -2.002519 0.000000 0.000000 1.000000 0.000000
0.312730 0.949842 0.000000 96.085899 -0.949842 0.312730 0.000000 -2.274761 0.000000 0.000000 1.000000 0.000000
0.281393 0.959592 0.000000 96.182017 -0.959592 0.281393 0.000000 -2.579982 0.000000 0.000000 1.000000 0.000000
0.257833 0.966190 0.000000 96.170697 -0.966190 0.257833 0.000000 -2.889601 0.000000 0.000000 1.000000 0.000000
0.233868 0.972268 0.000000 96.242374 -0.972268 0.233868 0.000000 -3.183731 0.000000 0.000000 1.000000 0.000000
0.211502 0.977378 0.000000 96.283931 -0.977378 0.211502 0.000000 -3.487672 0.000000 0.000000 1.000000 0.000000
0.193187 0.981162 0.000000 96.343251 -0.981162 0.193187 0.000000 -3.819472 0.000000 0.000000 1.000000 0.000000
0.174844 0.984596 0.000000 96.331203 -0.984596 0.174844 0.000000 -4.111213 0.000000 0.000000 1.000000 0.000000
0.160969 0.986959 0.000000 96.393779 -0.986959 0.160969 0.000000 -4.429862 0.000000 0.000000 1.000000 0.000000
0.148548 0.988905 0.000000 96.402805 -0.988905 0.148548 0.000000 -4.720892 0.000000 0.000000 1.000000 0.000000
