1.000000 0.000000 0.000000 0.000000 0.000000 1.000000 0.000000 0.000000 0.000000 0.000000 1.000000 0.000000
1.000000 0.000118 0.000000 -0.004480 -0.000118 1.000000 0.000000 -0.004607 0.000000 0.000000 1.000000 0.000000
1.000000 0.000088 0.000000 0.001592 -0.000088 1.000000 0.000000 -0.005430 0.000000 0.000000 1.000000 0.000000
1.000000 0.000037 0.000000 0.001775 -0.000037 1.000000 0.000000 -0.002767 0.000000 0.000000 1.000000 0.000000
1.000000 0.000021 0.000000 -0.001829 -0.000021 1.000000 0.000000 0.000544 0.000000 0.000000 1.000000 0.000000
1.000000 -0.000057 0.000000 0.001612 0.000057 1.000000 0.000000 -0.006811 0.000000 0.000000 1.000000 0.000000
1.000000 -0.000098 0.000000 0.002116 0.000098 1.000000 0.000000 -0.002501 0.000000 0.000000 1.000000 0.000000
1.000000 -0.000048 0.000000 0.001963 0.000048 1.000000 0.000000 -0.001644 0.000000 0.000000 1.000000 0.000000
1.000000 0.000032 0.000000 -0.003920 -0.000032 1.000000 0.000000 0.003079 0.000000 0.000000 1.000000 0.000000
1.000000 -0.000113 0.000000 -0.008124 0.000113 1.000000 0.000000 -0.006532 0.000000 0.000000 1.000000 0.000000
1.000000 -0.000179 0.000000 -0.001263 0.000179 1.000000 0.000000 0.006222 0.000000 0.000000 1.000000 0.000000
1.000000 -0.000011 0.000000 0.001925 0.000011 1.000000 0.000000 0.004731 0.000000 0.000000 1.000000 0.000000
1.000000 0.000069 0.000000 -0.001108 -0.000069 1.000000 0.000000 0.002965 0.000000 0.000000 1.000000 0.000000
1.000000 0.000030 0.000000 -0.003594 -0.000030 1.000000 0.000000 0.008060 0.000000 0.000000 1.000000 0.000000
1.000000 -0.000108 0.000000 -0.002414 0.000108 1.000000 0.000000 -0.005962 0.000000 0.000000 1.000000 0.000000
1.000000 0.000210 0.000000 -0.001391 -0.000210 1.000000 0.000000 -0.003938 0.000000 0.000000 1.000000 0.000000
1.000000 -0.000022 0.000000 0.001626 0.000022 1.000000 0.000000 0.003729 0.000000 0.000000 1.000000 0.000000
1.000000 -0.000020 0.000000 0.003315 0.000020 1.000000 0.000000 -0.009775 0.000000 0.000000 1.000000 0.000000
1.000000 -0.000032 0.000000 -0.000021 0.000032 1.000000 0.000000 -0.012396 0.000000 0.000000 1.000000 0.000000
1.000000 -0.000082 0.000000 0.003775 0.000082 1.000000 0.000000 0.000512 0.000000 0.000000 1.000000 0.000000
1.000000 -0.000031 0.000000 0.010165 0.000031 1.000000 0.000000 0.001909 0.000000 0.000000 1.000000 0.000000
1.000000 -0.000054 0.000000 -0.000513 0.000054 1.000000 0.000000 -0.001304 0.000000 0.000000 1.000000 0.000000
1.000000 0.000039 0.000000 -0.000851 -0.000039 1.000000 0.000000 -0.000596 0.000000 0.000000 1.000000 0.000000
1.000000 0.000026 0.000000 -0.005000 -0.000026 1.000000 0.000000 0.002915 0.000000 0.000000 1.000000 0.000000
1.000000 -0.000020 0.000000 -0.000233 0.000020 1.000000 0.000000 -0.001212 0.000000 0.000000 1.000000 0.000000
1.000000 -0.000028 0.000000 -0.007767 0.000028 1.000000 0.000000 -0.005983 0.000000 0.000000 1.000000 0.000000
1.000000 -0.000026 0.000000 -0.002187 0.000026 1.000000 0.000000 -0.004643 0.000000 0.000000 1.000000 0.000000
1.000000 0.000018 0.000000 0.002773 -0.000018 1.000000 0.000000 -0.004881 0.000000 0.000000 1.000000 0.000000
1.000000 0.000062 0.000000 0.005937 -0.000062 1.000000 0.000000 -0.000335 0.000000 0.000000 1.000000 0.000000
1.000000 -0.000126 0.000000 0.000422 0.000126 1.000000 0.000000 -0.002108 0.000000 0.000000 1.000000 0.000000
1.000000 0.000001 0.000000 -0.002264 -0.000001 1.000000 0.000000 -0.006509 0.000000 0.000000 1.000000 0.000000
1.000000 -0.000122 0.000000 -0.003060 0.000122 1.000000 0.000000 -0.003326 0.000000 0.000000 1.000000 0.000000
1.000000 -0.000094 0.000000 -0.000657 0.000094 1.000000 0.000000 -0.000370 0.000000 0.000000 1.000000 0.000000
1.000000 -0.000166 0.000000 -0.004763 0.000166 1.000000 0.000000 -0.000343 0.000000 0.000000 1.000000 0.000000
1.000000 -0.000170 0.000000 -0.000549 0.000170 1.000000 0.000000 -0.003265 0.000000 0.000000 1.000000 0.000000
1.000000 -0.000117 0.000000 0.004784 0.000117 1.000000 0.000000 -0.005249 0.000000 0.000000 1.000000 0.000000
1.000000 -0.000286 0.000000 -0.004011 0.000286 1.000000 0.000000 -0.005214 0.000000 0.000000 1.000000 0.000000
1.000000 -0.000059 0.000000 0.004656 0.000059 1.000000 0.000000 -0.000811 0.000000 0.000000 1.000000 0.000000
1.000000 -0.000006 0.000000 -0.007076 0.000006 1.000000 0.000000 -0.003960 0.000000 0.000000 1.000000 0.000000
1.000000 -0.000072 0.000000 -0.000871 0.000072 1.000000 0.000000 -0.000504 0.000000 0.000000 1.000000 0.000000
1.000000 -0.000079 0.000000 -0.006667 0.000079 1.000000 0.000000 0.000960 0.000000 0.000000 1.000000 0.000000
1.000000 -0.000014 0.000000 -0.005307 0.000014 1.000000 0.000000 -0.002047 0.000000 0.000000 1.000000 0.000000
1.000000 -0.000160 0.000000 -0.003801 0.000160 1.000000 0.000000 0.003688 0.000000 0.000000 1.000000 0.000000
1.000000 -0.000125 0.000000 -0.001407 0.000125 1.000000 0.000000 -0.003743 0.000000 0.000000 1.000000 0.000000
1.000000 -0.000093 0.000000 -0.002035 0.000093 1.000000 0.000000 0.000522 0.000000 0.000000 1.000000 0.000000
1.000000 0.000106 0.000000 -0.005164 -0.000106 1.000000 0.000000 -0.005274 0.000000 0.000000 1.000000 0.000000
1.000000 -0.000233 0.000000 -0.001742 0.000233 1.000000 0.000000 0.001682 0.000000 0.000000 1.000000 0.000000
1.000000 -0.000225 0.000000 -0.006693 0.000225 1.000000 0.000000 0.001102 0.000000 0.000000 1.000000 0.000000
1.000000 -0.000106 0.000000 -0.006610 0.000106 1.000000 0.000000 -0.006064 0.000000 0.000000 1.000000 0.000000
1.000000 -0.000156 0.000000 0.000129 0.000156 1.000000 0.000000 -0.004476 0.000000 0.000000 1.000000 0.000000
1.000000 -0.000166 0.000000 -0.009780 0.000166 1.000000 0.000000 0.002548 0.000000 0.000000 1.000000 0.000000
1.000000 0.000074 0.000000 0.003911 -0.000074 1.000000 0.000000 -0.009848 0.000000 0.000000 1.000000 0.000000
1.000000 -0.000025 0.000000 -0.000355 0.000025 1.000000 0.000000 0.005973 0.000000 0.000000 1.000000 0.000000
1.000000 -0.000095 0.000000 -0.004649 0.000095 1.000000 0.000000 -0.001092 0.000000 0.000000 1.000000 0.000000
1.000000 -0.000092 0.000000 0.002094 0.000092 1.000000 0.000000 -0.001728 0.000000 0.000000 1.000000 0.000000
1.000000 -0.000161 0.000000 0.000867 0.000161 1.000000 0.000000 -0.001984 0.000000 0.000000 1.000000 0.000000
1.000000 -0.000096 0.000000 0.001489 0.000096 1.000000 0.000000 0.002697 0.000000 0.000000 1.000000 0.000000
1.000000 0.000019 0.000000 -0.004968 -0.000019 1.000000 0.000000 0.008288 0.000000 0.000000 1.000000 0.000000
1.000000 -0.000025 0.000000 -0.003439 0.000025 1.000000 0.000000 0.003900 0.000000 0.000000 1.000000 0.000000
1.000000 -0.000284 0.000000 -0.000180 0.000284 1.000000 0.000000 -0.000569 0.000000 0.000000 1.000000 0.000000
1.000000 -0.000249 0.000000 -0.000387 0.000249 1.000000 0.000000 0.006711 0.000000 0.000000 1.000000 0.000000
1.000000 -0.000101 0.000000 -0.006360 0.000101 1.000000 0.000000 0.006779 0.000000 0.000000 1.000000 0.000000
1.000000 -0.000192 0.000000 -0.000347 0.000192 1.000000 0.000000 -0.001760 0.000000 0.000000 1.000000 0.000000
1.000000 -0.000356 0.000000 -0.011140 0.000356 1.000000 0.000000 0.005445 0.000000 0.000000 1.000000 0.000000
1.000000 -0.000186 0.000000 -0.004761 0.000186 1.000000 0.000000 0.002294 0.000000 0.000000 1.000000 0.000000
1.000000 -0.000097 0.000000 -0.003768 0.000097 1.000000 0.000000 0.005767 0.000000 0.000000 1.000000 0.000000
1.000000 -0.000150 0.000000 0.002057 0.000150 1.000000 0.000000 0.007028 0.000000 0.000000 1.000000 0.000000
1.000000 -0.000163 0.000000 -0.002940 0.000163 1.000000 0.000000 0.000509 0.000000 0.000000 1.000000 0.000000
1.000000 -0.000118 0.000000 -0.008422 0.000118 1.000000 0.000000 0.002560 0.000000 0.000000 1.000000 0.000000
1.000000 0.000059 0.000000 -0.010987 -0.000059 1.000000 0.000000 0.000361 0.000000 0.000000 1.000000 0.000000
1.000000 0.000023 0.000000 -0.007071 -0.000023 1.000000 0.000000 -0.005522 0.000000 0.000000 1.000000 0.000000
1.000000 -0.000049 0.000000 -0.000847 0.000049 1.000000 0.000000 -0.000389 0.000000 0.000000 1.000000 0.000000
1.000000 0.000009 0.000000 -0.006622 -0.000009 1.000000 0.000000 0.003206 0.000000 0.000000 1.000000 0.000000
1.000000 -0.000103 0.000000 -0.007161 0.000103 1.000000 0.000000 -0.001237 0.000000 0.000000 1.000000 0.000000
1.000000 -0.000137 0.000000 0.003187 0.000137 1.000000 0.000000 0.000010 0.000000 0.000000 1.000000 0.000000
1.000000 -0.000248 0.000000 0.000219 0.000248 1.000000 0.000000 0.002317 0.000000 0.000000 1.000000 0.000000
1.000000 -0.000147 0.000000 -0.009283 0.000147 1.000000 0.000000 -0.003468 0.000000 0.000000 1.000000 0.000000
1.000000 -0.000118 0.000000 -0.006575 0.000118 1.000000 0.000000 0.003474 0.000000 0.000000 1.000000 0.000000
1.000000 -0.000145 0.000000 -0.006543 0.000145 1.000000 0.000000 0.000529 0.000000 0.000000 1.000000 0.000000
1.000000 -0.000064 0.000000 -0.006385 0.000064 1.000000 0.000000 0.002345 0.000000 0.000000 1.000000 0.000000
1.000000 0.000016 0.000000 -0.004540 -0.000016 1.000000 0.000000 0.001339 0.000000 0.000000 1.000000 0.000000
1.000000 0.000142 0.000000 -0.003404 -0.000142 1.000000 0.000000 0.002600 0.000000 0.000000 1.000000 0.000000
1.000000 0.000096 0.000000 -0.007669 -0.000096 1.000000 0.000000 -0.002748 0.000000 0.000000 1.000000 0.000000
1.000000 0.000066 0.000000 -0.011886 -0.000066 1.000000 0.000000 0.004057 0.000000 0.000000 1.000000 0.000000
1.000000 0.000173 0.000000 -0.008854 -0.000173 1.000000 0.000000 -0.003143 0.000000 0.000000 1.000000 0.000000
1.000000 0.000131 0.000000 -0.008201 -0.000131 1.000000 0.000000 -0.010218 0.000000 0.000000 1.000000 0.000000
1.000000 0.000047 0.000000 -0.004086 -0.000047 1.000000 0.000000 -0.003401 0.000000 0.000000 1.000000 0.000000
1.000000 0.000090 0.000000 -0.004004 -0.000090 1.000000 0.000000 -0.004085 0.000000 0.000000 1.000000 0.000000
1.000000 -0.000123 0.000000 -0.013565 0.000123 1.000000 0.000000 0.001840 0.000000 0.000000 1.000000 0.000000
1.000000 -0.000046 0.000000 -0.018922 0.000046 1.000000 0.000000 -0.004842 0.000000 0.000000 1.000000 0.000000
1.000000 0.000075 0.000000 -0.006692 -0.000075 1.000000 0.000000 -0.000740 0.000000 0.000000 1.000000 0.000000
1.000000 -0.000016 0.000000 -0.004902 0.000016 1.000000 0.000000 0.001441 0.000000 0.000000 1.000000 0.000000
1.000000 0.000014 0.000000 -0.002781 -0.000014 1.000000 0.000000 0.001688 0.000000 0.000000 1.000000 0.000000
1.000000 0.000063 0.000000 -0.009535 -0.000063 1.000000 0.000000 -0.000177 0.000000 0.000000 1.000000 0.000000
1.000000 0.000044 0.000000 -0.010418 -0.000044 1.000000 0.000000 0.009084 0.000000 0.000000 1.000000 0.000000
1.000000 -0.000084 0.000000 -0.007910 0.000084 1.000000 0.000000 -0.000200 0.000000 0.000000 1.000000 0.000000
1.000000 -0.000081 0.000000 -0.008528 0.000081 1.000000 0.000000 0.000971 0.000000 0.000000 1.000000 0.000000
1.000000 -0.000196 0.000000 -0.002728 0.000196 1.000000 0.000000 -0.001630 0.000000 0.000000 1.000000 0.000000
1.000000 0.000028 0.000000 0.000406 -0.000028 1.000000 0.000000 0.000711 0.000000 0.000000 1.000000 0.000000
1.000000 -0.000103 0.000000 -0.004469 0.000103 1.000000 0.000000 0.004087 0.000000 0.000000 1.000000 0.000000
1.000000 -0.000065 0.000000 0.000022 0.000065 1.000000 0.000000 -0.005848 0.000000 0.000000 1.000000 0.000000
1.000000 0.000038 0.000000 -0.000247 -0.000038 1.000000 0.000000 0.002523 0.000000 0.000000 1.000000 0.000000
1.000000 -0.000064 0.000000 0.003269 0.000064 1.000000 0.000000 0.001367 0.000000 0.000000 1.000000 0.000000
1.000000 -0.000154 0.000000 0.002770 0.000154 1.000000 0.000000 0.004857 0.000000 0.000000 1.000000 0.000000
1.000000 -0.000254 0.000000 0.002149 0.000254 1.000000 0.000000 0.006231 0.000000 0.000000 1.000000 0.000000
1.000000 -0.000066 0.000000 -0.004425 0.000066 1.000000 0.000000 0.003910 0.000000 0.000000 1.000000 0.000000
1.000000 -0.000113 0.000000 0.000398 0.000113 1.000000 0.000000 0.004664 0.000000 0.000000 1.000000 0.000000
1.000000 -0.000084 0.000000 0.001064 0.000084 1.000000 0.000000 0.007819 0.000000 0.000000 1.000000 0.000000
1.000000 -0.000476 0.000000 0.010953 0.000476 1.000000 0.000000 0.002533 0.000000 0.000000 1.000000 0.000000
1.000000 -0.000715 0.000000 0.011555 0.000715 1.000000 0.000000 0.008714 0.000000 0.000000 1.000000 0.000000
0.999999 -0.001229 0.000000 0.015732 0.001229 0.999999 0.000000 0.010009 0.000000 0.000000 1.000000 0.000000
0.999998 -0.001912 0.000000 0.070356 0.001912 0.999998 0.000000 -0.018012 0.000000 0.000000 1.000000 0.000000
0.999986 -0.005284 0.000000 0.154680 0.005284 0.999986 0.000000 -0.001612 0.000000 0.000000 1.000000 0.000000
0.999931 -0.011762 0.000000 0.292429 0.011762 0.999931 0.000000 0.070928 0.000000 0.000000 1.000000 0.000000
0.999816 -0.019164 0.000000 0.443800 0.019164 0.999816 0.000000 0.017743 0.000000 0.000000 1.000000 0.000000
0.999558 -0.029713 0.000000 0.657698 0.029713 0.999558 0.000000 0.034820 0.000000 0.000000 1.000000 0.000000
0.999162 -0.040932 0.000000 0.970609 0.040932 0.999162 0.000000 0.031541 0.000000 0.000000 1.000000 0.000000
0.998475 -0.055197 0.000000 1.354254 0.055197 0.998475 0.000000 0.065969 0.000000 0.000000 1.000000 0.000000
0.997282 -0.073684 0.000000 1.755121 0.073684 0.997282 0.000000 0.062427 0.000000 0.000000 1.000000 0.000000
0.995579 -0.093926 0.000000 2.180491 0.093926 0.995579 0.000000 0.181282 0.000000 0.000000 1.000000 0.000000
0.993062 -0.117593 0.000000 2.747824 0.117593 0.993062 0.000000 0.253994 0.000000 0.000000 1.000000 0.000000
0.989708 -0.143101 0.000000 3.272638 0.143101 0.989708 0.000000 0.398757 0.000000 0.000000 1.000000 0.000000
0.985704 -0.168489 0.000000 3.915106 0.168489 0.985704 0.000000 0.467200 0.000000 0.000000 1.000000 0.000000
0.982417 -0.186702 0.000000 4.631558 0.186702 0.982417 0.000000 0.535909 0.000000 0.000000 1.000000 0.000000
0.980445 -0.196792 0.000000 5.464671 0.196792 0.980445 0.000000 0.651352 0.000000 0.000000 1.000000 0.000000
0.980802 -0.195008 0.000000 6.290296 0.195008 0.980802 0.000000 0.829079 0.000000 0.000000 1.000000 0.000000
0.982043 -0.188657 0.000000 7.205989 0.188657 0.982043 0.000000 1.018438 0.000000 0.000000 1.000000 0.000000
0.983745 -0.179573 0.000000 8.178650 0.179573 0.983745 0.000000 1.178391 0.000000 0.000000 1.000000 0.000000
0.985935 -0.167128 0.000000 9.261602 0.167128 0.985935 0.000000 1.389947 0.000000 0.000000 1.000000 0.000000
0.988164 -0.153402 0.000000 10.398445 0.153402 0.988164 0.000000 1.521466 0.000000 0.000000 1.000000 0.000000
0.990582 -0.136923 0.000000 11.556029 0.136923 0.990582 0.000000 1.645197 0.000000 0.000000 1.000000 0.000000
0.992755 -0.120157 0.000000 12.783680 0.120157 0.992755 0.000000 1.745827 0.000000 0.000000 1.000000 0.000000
0.994938 -0.100489 0.000000 14.087723 0.100489 0.994938 0.000000 1.887997 0.000000 0.000000 1.000000 0.000000
0.996751 -0.080551 0.000000 15.371774 0.080551 0.996751 0.000000 1.916825 0.000000 0.000000 1.000000 0.000000
0.998259 -0.058988 0.000000 16.720045 0.058988 0.998259 0.000000 1.984246 0.000000 0.000000 1.000000 0.000000
0.999156 -0.041069 0.000000 18.013526 0.041069 0.999156 0.000000 2.010877 0.000000 0.000000 1.000000 0.000000
0.999557 -0.029766 0.000000 19.396948 0.029766 0.999557 0.000000 2.023398 0.000000 0.000000 1.000000 0.000000
0.999744 -0.022608 0.000000 20.706995 0.022608 0.999744 0.000000 2.031236 0.000000 0.000000 1.000000 0.000000
0.999821 -0.018932 0.000000 22.085108 0.018932 0.999821 0.000000 2.073635 0.000000 0.000000 1.000000 0.000000
0.999912 -0.013269 0.000000 23.421043 0.013269 0.999912 0.000000 2.068750 0.000000 0.000000 1.000000 0.000000
0.999966 -0.008234 0.000000 24.804925 0.008234 0.999966 0.000000 2.079107 0.000000 0.000000 1.000000 0.000000
0.999991 -0.004310 0.000000 26.169239 0.004310 0.999991 0.000000 2.070284 0.000000 0.000000 1.000000 0.000000
1.000000 0.000537 0.000000 27.598440 -0.000537 1.000000 0.000000 2.038608 0.000000 0.000000 1.000000 0.000000
0.999984 0.005658 0.000000 28.963693 -0.005658 0.999984 0.000000 2.042511 0.000000 0.000000 1.000000 0.000000
0.999945 0.010491 0.000000 30.449380 -0.010491 0.999945 0.000000 1.979376 0.000000 0.000000 1.000000 0.000000
0.999894 0.014532 0.000000 31.855973 -0.014532 0.999894 0.000000 1.974745 0.000000 0.000000 1.000000 0.000000
0.999888 0.014935 0.000000 33.392938 -0.014935 0.999888 0.000000 1.904189 0.000000 0.000000 1.000000 0.000000
0.999862 0.016637 0.000000 34.859072 -0.016637 0.999862 0.000000 1.890712 0.000000 0.000000 1.000000 0.000000
0.999860 0.016745 0.000000 36.454006 -0.016745 0.999860 0.000000 1.785017 0.000000 0.000000 1.000000 0.000000
0.999866 0.016391 0.000000 38.061069 -0.016391 0.999866 0.000000 1.802153 0.000000 0.000000 1.000000 0.000000
0.999884 0.015240 0.000000 39.580694 -0.015240 0.999884 0.000000 1.724275 0.000000 0.000000 1.000000 0.000000
0.999882 0.015364 0.000000 41.256973 -0.015364 0.999882 0.000000 1.679045 0.000000 0.000000 1.000000 0.000000
0.999890 0.014857 0.000000 42.868358 -0.014857 0.999890 0.000000 1.631567 0.000000 0.000000 1.000000 0.000000
0.999910 0.013391 0.000000 44.555373 -0.013391 0.999910 0.000000 1.578971 0.000000 0.000000 1.000000 0.000000
0.999932 0.011701 0.000000 46.277479 -0.011701 0.999932 0.000000 1.563898 0.000000 0.000000 1.000000 0.000000
0.999951 0.009901 0.000000 47.984328 -0.009901 0.999951 0.000000 1.506499 0.000000 0.000000 1.000000 0.000000
0.999976 0.006919 0.000000 49.720803 -0.006919 0.999976 0.000000 1.515372 0.000000 0.000000 1.000000 0.000000
0.999988 0.004943 0.000000 51.471809 -0.004943 0.999988 0.000000 1.469572 0.000000 0.000000 1.000000 0.000000
0.999998 0.001858 0.000000 53.162959 -0.001858 0.999998 0.000000 1.460743 0.000000 0.000000 1.000000 0.000000
1.000000 0.000095 0.000000 54.885317 -0.000095 1.000000 0.000000 1.428188 0.000000 0.000000 1.000000 0.000000
0.999999 -0.001560 0.000000 56.615427 0.001560 0.999999 0.000000 1.428181 0.000000 0.000000 1.000000 0.000000
0.999996 -0.002827 0.000000 58.369205 0.002827 0.999996 0.000000 1.409593 0.000000 0.000000 1.000000 0.000000
0.999996 -0.002652 0.000000 60.129539 0.002652 0.999996 0.000000 1.351039 0.000000 0.000000 1.000000 0.000000
1.000000 -0.000545 0.000000 61.934126 0.000545 1.000000 0.000000 1.372350 0.000000 0.000000 1.000000 0.000000
0.999999 0.001536 0.000000 63.733745 -0.001536 0.999999 0.000000 1.325103 0.000000 0.000000 1.000000 0.000000
0.999995 0.003068 0.000000 65.495321 -0.003068 0.999995 0.000000 1.265241 0.000000 0.000000 1.000000 0.000000
0.999995 0.003312 0.000000 67.299047 -0.003312 0.999995 0.000000 1.220677 0.000000 0.000000 1.000000 0.000000
0.999996 0.002905 0.000000 69.132720 -0.002905 0.999996 0.000000 1.245915 0.000000 0.000000 1.000000 0.000000
0.999995 0.003075 0.000000 70.932730 -0.003075 0.999995 0.000000 1.196731 0.000000 0.000000 1.000000 0.000000
0.999993 0.003790 0.000000 72.757161 -0.003790 0.999993 0.000000 1.110923 0.000000 0.000000 1.000000 0.000000
0.999994 0.003564 0.000000 74.513187 -0.003564 0.999994 0.000000 1.171200 0.000000 0.000000 1.000000 0.000000
0.999998 0.001785 0.000000 76.328907 -0.001785 0.999998 0.000000 1.082685 0.000000 0.000000 1.000000 0.000000
1.000000 0.000372 0.000000 78.183436 -0.000372 1.000000 0.000000 1.025720 0.000000 0.000000 1.000000 0.000000
1.000000 -0.000300 0.000000 80.016346 0.000300 1.000000 0.000000 1.044262 0.000000 0.000000 1.000000 0.000000
1.000000 -0.000594 0.000000 81.834194 0.000594 1.000000 0.000000 1.014493 0.000000 0.000000 1.000000 0.000000
1.000000 0.000091 0.000000 83.668721 -0.000091 1.000000 0.000000 0.998076 0.000000 0.000000 1.000000 0.000000
0.999999 0.001232 0.000000 85.457608 -0.001232 0.999999 0.000000 0.962648 0.000000 0.000000 1.000000 0.000000
0.999989 0.004638 0.000000 87.215002 -0.004638 0.999989 0.000000 0.885862 0.000000 0.000000 1.000000 0.000000
0.999982 0.006032 0.000000 88.991513 -0.006032 0.999982 0.000000 0.867740 0.000000 0.000000 1.000000 0.000000
0.999987 0.005196 0.000000 90.669305 -0.005196 0.999987 0.000000 0.842815 0.000000 0.000000 1.000000 0.000000
0.999994 0.003504 0.000000 92.440696 -0.003504 0.999994 0.000000 0.787656 0.000000 0.000000 1.000000 0.000000
0.999998 0.002054 0.000000 94.145702 -0.002054 0.999998 0.000000 0.819141 0.000000 0.000000 1.000000 0.000000
0.999992 -0.004041 0.000000 95.956286 0.004041 0.999992 0.000000 0.794049 0.000000 0.000000 1.000000 0.000000
0.999967 -0.008070 0.000000 97.625101 0.008070 0.999967 0.000000 0.804684 0.000000 0.000000 1.000000 0.000000
0.999904 -0.013889 0.000000 99.303978 0.013889 0.999904 0.000000 0.795431 0.000000 0.000000 1.000000 0.000000
0.999786 -0.020710 0.000000 100.968341 0.020710 0.999786 0.000000 0.809041 0.000000 0.000000 1.000000 0.000000
0.999610 -0.027932 0.000000 102.631301 0.027932 0.999610 0.000000 0.804613 0.000000 0.000000 1.000000 0.000000
0.999456 -0.032987 0.000000 104.313025 0.032987 0.999456 0.000000 0.816558 0.000000 0.000000 1.000000 0.000000
0.999275 -0.038071 0.000000 105.905651 0.038071 0.999275 0.000000 0.848984 0.000000 0.000000 1.000000 0.000000
0.999007 -0.044561 0.000000 107.574976 0.044561 0.999007 0.000000 0.929640 0.000000 0.000000 1.000000 0.000000
0.998867 -0.047580 0.000000 109.182354 0.047580 0.998867 0.000000 0.975798 0.000000 0.000000 1.000000 0.000000
0.998642 -0.052097 0.000000 110.766356 0.052097 0.998642 0.000000 1.005862 0.000000 0.000000 1.000000 0.000000
0.998422 -0.056159 0.000000 112.262279 0.056159 0.998422 0.000000 1.049562 0.000000 0.000000 1.000000 0.000000
0.998185 -0.060214 0.000000 113.857663 0.060214 0.998185 0.000000 1.107230 0.000000 0.000000 1.000000 0.000000
0.997993 -0.063328 0.000000 115.422468 0.063328 0.997993 0.000000 1.210254 0.000000 0.000000 1.000000 0.000000
0.997783 -0.066547 0.000000 116.898451 0.066547 0.997783 0.000000 1.297121 0.000000 0.000000 1.000000 0.000000
0.997449 -0.071386 0.000000 118.361519 0.071386 0.997449 0.000000 1.373761 0.000000 0.000000 1.000000 0.000000
0.997316 -0.073222 0.000000 119.838083 0.073222 0.997316 0.000000 1.490824 0.000000 0.000000 1.000000 0.000000
0.997414 -0.071867 0.000000 121.259514 0.071867 0.997414 0.000000 1.534155 0.000000 0.000000 1.000000 0.000000
0.997688 -0.067965 0.000000 122.746475 0.067965 0.997688 0.000000 1.663578 0.000000 0.000000 1.000000 0.000000
0.998059 -0.062273 0.000000 124.282294 0.062273 0.998059 0.000000 1.707812 0.000000 0.000000 1.000000 0.000000
0.998362 -0.057213 0.000000 125.814971 0.057213 0.998362 0.000000 1.707505 0.000000 0.000000 1.000000 0.000000
0.998706 -0.050849 0.000000 127.171444 0.050849 0.998706 0.000000 1.793459 0.000000 0.000000 1.000000 0.000000
0.999061 -0.043323 0.000000 128.619004 0.043323 0.999061 0.000000 1.899001 0.000000 0.000000 1.000000 0.000000
0.999341 -0.036298 0.000000 130.097834 0.036298 0.999341 0.000000 1.895829 0.000000 0.000000 1.000000 0.000000
0.999608 -0.027990 0.000000 131.468980 0.027990 0.999608 0.000000 1.926340 0.000000 0.000000 1.000000 0.000000
0.999754 -0.022166 0.000000 132.975932 0.022166 0.999754 0.000000 1.919616 0.000000 0.000000 1.000000 0.000000
0.999879 -0.015570 0.000000 134.433316 0.015570 0.999879 0.000000 1.960778 0.000000 0.000000 1.000000 0.000000
0.999928 -0.011997 0.000000 135.952637 0.011997 0.999928 0.000000 1.923816 0.000000 0.000000 1.000000 0.000000
0.999944 -0.010628 0.000000 137.415645 0.010628 0.999944 0.000000 1.936642 0.000000 0.000000 1.000000 0.000000
0.999930 -0.011855 0.000000 138.905492 0.011855 0.999930 0.000000 1.901639 0.000000 0.000000 1.000000 0.000000
0.999938 -0.011107 0.000000 140.326071 0.011107 0.999938 0.000000 1.943392 0.000000 0.000000 1.000000 0.000000
0.999932 -0.011702 0.000000 141.798020 0.011702 0.999932 0.000000 1.909604 0.000000 0.000000 1.000000 0.000000
0.999917 -0.012896 0.000000 143.322508 0.012896 0.999917 0.000000 1.884738 0.000000 0.000000 1.000000 0.000000
0.999897 -0.014378 0.000000 144.853797 0.014378 0.999897 0.000000 1.873421 0.000000 0.000000 1.000000 0.000000
0.999894 -0.014565 0.000000 146.321809 0.014565 0.999894 0.000000 1.888808 0.000000 0.000000 1.000000 0.000000
0.999867 -0.016327 0.000000 147.641708 0.016327 0.999867 0.000000 1.863844 0.000000 0.000000 1.000000 0.000000
0.999823 -0.018801 0.000000 149.034611 0.018801 0.999823 0.000000 1.847845 0.000000 0.000000 1.000000 0.000000
0.999780 -0.020981 0.000000 150.415035 0.020981 0.999780 0.000000 1.899019 0.000000 0.000000 1.000000 0.000000
0.999762 -0.021813 0.000000 151.810655 0.021813 0.999762 0.000000 1.927519 0.000000 0.000000 1.000000 0.000000
0.999737 -0.022925 0.000000 153.222119 0.022925 0.999737 0.000000 1.961047 0.000000 0.000000 1.000000 0.000000
0.999739 -0.022825 0.000000 154.609273 0.022825 0.999739 0.000000 1.993261 0.000000 0.000000 1.000000 0.000000
0.999752 -0.022270 0.000000 156.084988 0.022270 0.999752 0.000000 2.041382 0.000000 0.000000 1.000000 0.000000
0.999763 -0.021747 0.000000 157.472575 0.021747 0.999763 0.000000 2.077929 0.000000 0.000000 1.000000 0.000000
0.999754 -0.022165 0.000000 159.089012 0.022165 0.999754 0.000000 2.096924 0.000000 0.000000 1.000000 0.000000
0.999758 -0.022007 0.000000 160.464446 0.022007 0.999758 0.000000 2.109250 0.000000 0.000000 1.000000 0.000000
0.999735 -0.023020 0.000000 162.054904 0.023020 0.999735 0.000000 2.112123 0.000000 0.000000 1.000000 0.000000
0.999722 -0.023557 0.000000 163.559927 0.023557 0.999722 0.000000 2.132597 0.000000 0.000000 1.000000 0.000000
0.999683 -0.025185 0.000000 165.141997 0.025185 0.999683 0.000000 2.157916 0.000000 0.000000 1.000000 0.000000
0.999639 -0.026884 0.000000 166.744740 0.026884 0.999639 0.000000 2.160755 0.000000 0.000000 1.000000 0.000000
0.999586 -0.028768 0.000000 168.309137 0.028768 0.999586 0.000000 2.173353 0.000000 0.000000 1.000000 0.000000
0.999539 -0.030374 0.000000 169.934594 0.030374 0.999539 0.000000 2.250656 0.000000 0.000000 1.000000 0.000000
0.999483 -0.032156 0.000000 171.495199 0.032156 0.999483 0.000000 2.272687 0.000000 0.000000 1.000000 0.000000
0.999424 -0.033949 0.000000 173.203329 0.033949 0.999424 0.000000 2.257630 0.000000 0.000000 1.000000 0.000000
0.999403 -0.034560 0.000000 174.902141 0.034560 0.999403 0.000000 2.308256 0.000000 0.000000 1.000000 0.000000
0.999357 -0.035845 0.000000 176.636842 0.035845 0.999357 0.000000 2.367600 0.000000 0.000000 1.000000 0.000000
0.999305 -0.037278 0.000000 178.363986 0.037278 0.999305 0.000000 2.396444 0.000000 0.000000 1.000000 0.000000
0.999231 -0.039203 0.000000 180.134133 0.039203 0.999231 0.000000 2.483830 0.000000 0.000000 1.000000 0.000000
0.999179 -0.040512 0.000000 181.929748 0.040512 0.999179 0.000000 2.519283 0.000000 0.000000 1.000000 0.000000
0.999122 -0.041901 0.000000 183.708459 0.041901 0.999122 0.000000 2.579015 0.000000 0.000000 1.000000 0.000000
0.999022 -0.044211 0.000000 185.563961 0.044211 0.999022 0.000000 2.623008 0.000000 0.000000 1.000000 0.000000
0.999060 -0.043347 0.000000 187.404273 0.043347 0.999060 0.000000 2.687185 0.000000 0.000000 1.000000 0.000000
0.999042 -0.043767 0.000000 189.229597 0.043767 0.999042 0.000000 2.738485 0.000000 0.000000 1.000000 0.000000
0.998978 -0.045190 0.000000 190.935143 0.045190 0.998978 0.000000 2.811715 0.000000 0.000000 1.000000 0.000000
0.998941 -0.046006 0.000000 192.764980 0.046006 0.998941 0.000000 2.859915 0.000000 0.000000 1.000000 0.000000
0.998917 -0.046517 0.000000 194.532363 0.046517 0.998917 0.000000 2.902736 0.000000 0.000000 1.000000 0.000000
0.998857 -0.047788 0.000000 196.322193 0.047788 0.998857 0.000000 2.972530 0.000000 0.000000 1.000000 0.000000
0.998818 -0.048611 0.000000 198.075654 0.048611 0.998818 0.000000 3.064555 0.000000 0.000000 1.000000 0.000000
0.998744 -0.050109 0.000000 199.755807 0.050109 0.998744 0.000000 3.158758 0.000000 0.000000 1.000000 0.000000
0.998713 -0.050723 0.000000 201.380943 0.050723 0.998713 0.000000 3.241774 0.000000 0.000000 1.000000 0.000000
0.998660 -0.051743 0.000000 202.885503 0.051743 0.998660 0.000000 3.311623 0.000000 0.000000 1.000000 0.000000
0.998570 -0.053458 0.000000 204.425881 0.053458 0.998570 0.000000 3.384608 0.000000 0.000000 1.000000 0.000000
0.998467 -0.055348 0.000000 205.923894 0.055348 0.998467 0.000000 3.488382 0.000000 0.000000 1.000000 0.000000
0.998413 -0.056318 0.000000 207.487902 0.056318 0.998413 0.000000 3.563098 0.000000 0.000000 1.000000 0.000000
0.998365 -0.057152 0.000000 209.008381 0.057152 0.998365 0.000000 3.665230 0.000000 0.000000 1.000000 0.000000
0.998351 -0.057405 0.000000 210.530378 0.057405 0.998351 0.000000 3.721051 0.000000 0.000000 1.000000 0.000000
0.998435 -0.055919 0.000000 212.082288 0.055919 0.998435 0.000000 3.776870 0.000000 0.000000 1.000000 0.000000
0.998676 -0.051441 0.000000 213.691317 0.051441 0.998676 0.000000 3.838739 0.000000 0.000000 1.000000 0.000000
0.998948 -0.045854 0.000000 215.211977 0.045854 0.998948 0.000000 3.861341 0.000000 0.000000 1.000000 0.000000
0.999238 -0.039036 0.000000 216.842752 0.039036 0.999238 0.000000 3.902968 0.000000 0.000000 1.000000 0.000000
0.999450 -0.033164 0.000000 218.450847 0.033164 0.999450 0.000000 3.927197 0.000000 0.000000 1.000000 0.000000
0.999641 -0.026794 0.000000 220.181191 0.026794 0.999641 0.000000 3.935298 0.000000 0.000000 1.000000 0.000000
0.999771 -0.021419 0.000000 221.850594 0.021419 0.999771 0.000000 3.925598 0.000000 0.000000 1.000000 0.000000
0.999749 -0.022391 0.000000 223.560720 0.022391 0.999749 0.000000 3.914526 0.000000 0.000000 1.000000 0.000000
0.999547 -0.030084 0.000000 225.258651 0.030084 0.999547 0.000000 3.897939 0.000000 0.000000 1.000000 0.000000
0.998953 -0.045739 0.000000 227.031581 0.045739 0.998953 0.000000 3.986743 0.000000 0.000000 1.000000 0.000000
0.997901 -0.064753 0.000000 228.792628 0.064753 0.997901 0.000000 4.093761 0.000000 0.000000 1.000000 0.000000
0.996728 -0.080825 0.000000 230.528129 0.080825 0.996728 0.000000 4.242012 0.000000 0.000000 1.000000 0.000000
0.994855 -0.101312 0.000000 232.275700 0.101312 0.994855 0.000000 4.403143 0.000000 0.000000 1.000000 0.000000
0.993262 -0.115886 0.000000 234.069346 0.115886 0.993262 0.000000 4.599124 0.000000 0.000000 1.000000 0.000000
0.992374 -0.123265 0.000000 235.759631 0.123265 0.992374 0.000000 4.885963 0.000000 0.000000 1.000000 0.000000
0.991886 -0.127131 0.000000 237.621283 0.127131 0.991886 0.000000 5.080175 0.000000 0.000000 1.000000 0.000000
0.991142 -0.132806 0.000000 239.414012 0.132806 0.991142 0.000000 5.297155 0.000000 0.000000 1.000000 0.000000
0.990258 -0.139248 0.000000 241.230513 0.139248 0.990258 0.000000 5.559148 0.000000 0.000000 1.000000 0.000000
0.989668 -0.143377 0.000000 243.085315 0.143377 0.989668 0.000000 5.860602 0.000000 0.000000 1.000000 0.000000
0.989223 -0.146415 0.000000 245.024789 0.146415 0.989223 0.000000 6.093620 0.000000 0.000000 1.000000 0.000000
0.988605 -0.150536 0.000000 246.967835 0.150536 0.988605 0.000000 6.387655 0.000000 0.000000 1.000000 0.000000
0.988266 -0.152743 0.000000 248.849741 0.152743 0.988266 0.000000 6.657996 0.000000 0.000000 1.000000 0.000000
0.988677 -0.150058 0.000000 250.859395 0.150058 0.988677 0.000000 6.976082 0.000000 0.000000 1.000000 0.000000
0.988970 -0.148114 0.000000 252.865566 0.148114 0.988970 0.000000 7.237777 0.000000 0.000000 1.000000 0.000000
0.989142 -0.146961 0.000000 254.903597 0.146961 0.989142 0.000000 7.535869 0.000000 0.000000 1.000000 0.000000
0.989485 -0.144638 0.000000 256.885860 0.144638 0.989485 0.000000 7.831187 0.000000 0.000000 1.000000 0.000000
0.989451 -0.144868 0.000000 258.862268 0.144868 0.989451 0.000000 8.084804 0.000000 0.000000 1.000000 0.000000
0.989157 -0.146862 0.000000 260.904672 0.146862 0.989157 0.000000 8.307434 0.000000 0.000000 1.000000 0.000000
0.989419 -0.145087 0.000000 262.953468 0.145087 0.989419 0.000000 8.611231 0.000000 0.000000 1.000000 0.000000
0.989748 -0.142824 0.000000 265.025668 0.142824 0.989748 0.000000 8.890404 0.000000 0.000000 1.000000 0.000000
0.989777 -0.142627 0.000000 267.031212 0.142627 0.989777 0.000000 9.182284 0.000000 0.000000 1.000000 0.000000
0.989902 -0.141751 0.000000 268.976993 0.141751 0.989902 0.000000 9.427271 0.000000 0.000000 1.000000 0.000000
0.990187 -0.139747 0.000000 270.929169 0.139747 0.990187 0.000000 9.761691 0.000000 0.000000 1.000000 0.000000
0.990347 -0.138614 0.000000 272.899033 0.138614 0.990347 0.000000 10.023289 0.000000 0.000000 1.000000 0.000000
0.990387 -0.138321 0.000000 274.899021 0.138321 0.990387 0.000000 10.279238 0.000000 0.000000 1.000000 0.000000
0.990318 -0.138816 0.000000 276.875299 0.138816 0.990318 0.000000 10.527740 0.000000 0.000000 1.000000 0.000000
0.989998 -0.141079 0.000000 278.795858 0.141079 0.989998 0.000000 10.740015 0.000000 0.000000 1.000000 0.000000
0.989831 -0.142247 0.000000 280.673463 0.142247 0.989831 0.000000 10.975541 0.000000 0.000000 1.000000 0.000000
0.989794 -0.142502 0.000000 282.657500 0.142502 0.989794 0.000000 11.210632 0.000000 0.000000 1.000000 0.000000
0.989773 -0.142651 0.000000 284.633513 0.142651 0.989773 0.000000 11.495940 0.000000 0.000000 1.000000 0.000000
0.989942 -0.141473 0.000000 286.571277 0.141473 0.989942 0.000000 11.753200 0.000000 0.000000 1.000000 0.000000
0.990091 -0.140426 0.000000 288.635312 0.140426 0.990091 0.000000 11.974596 0.000000 0.000000 1.000000 0.000000
0.989921 -0.141618 0.000000 290.645854 0.141618 0.989921 0.000000 12.281193 0.000000 0.000000 1.000000 0.000000
0.990144 -0.140050 0.000000 292.699991 0.140050 0.990144 0.000000 12.544363 0.000000 0.000000 1.000000 0.000000
0.990205 -0.139619 0.000000 294.710825 0.139619 0.990205 0.000000 12.746463 0.000000 0.000000 1.000000 0.000000
0.990278 -0.139099 0.000000 296.783522 0.139099 0.990278 0.000000 13.015524 0.000000 0.000000 1.000000 0.000000
0.990381 -0.138366 0.000000 298.891029 0.138366 0.990381 0.000000 13.300355 0.000000 0.000000 1.000000 0.000000
0.990824 -0.135157 0.000000 301.035687 0.135157 0.990824 0.000000 13.528383 0.000000 0.000000 1.000000 0.000000
0.991054 -0.133462 0.000000 303.141937 0.133462 0.991054 0.000000 13.807905 0.000000 0.000000 1.000000 0.000000
0.991364 -0.131136 0.000000 305.215313 0.131136 0.991364 0.000000 14.033029 0.000000 0.000000 1.000000 0.000000
0.991758 -0.128127 0.000000 307.446667 0.128127 0.991758 0.000000 14.262771 0.000000 0.000000 1.000000 0.000000
0.992237 -0.124363 0.000000 309.675117 0.124363 0.992237 0.000000 14.502246 0.000000 0.000000 1.000000 0.000000
0.992725 -0.120405 0.000000 311.793357 0.120405 0.992725 0.000000 14.758682 0.000000 0.000000 1.000000 0.000000
0.993027 -0.117889 0.000000 313.979642 0.117889 0.993027 0.000000 15.016039 0.000000 0.000000 1.000000 0.000000
0.993397 -0.114728 0.000000 316.136062 0.114728 0.993397 0.000000 15.226681 0.000000 0.000000 1.000000 0.000000
0.993705 -0.112032 0.000000 318.269792 0.112032 0.993705 0.000000 15.439757 0.000000 0.000000 1.000000 0.000000
0.994043 -0.108987 0.000000 320.439332 0.108987 0.994043 0.000000 15.624923 0.000000 0.000000 1.000000 0.000000
0.994254 -0.107042 0.000000 322.650359 0.107042 0.994254 0.000000 15.808727 0.000000 0.000000 1.000000 0.000000
0.994414 -0.105548 0.000000 324.835520 0.105548 0.994414 0.000000 16.020481 0.000000 0.000000 1.000000 0.000000
0.994579 -0.103984 0.000000 326.956604 0.103984 0.994579 0.000000 16.197832 0.000000 0.000000 1.000000 0.000000
0.994782 -0.102023 0.000000 329.131126 0.102023 0.994782 0.000000 16.409623 0.000000 0.000000 1.000000 0.000000
0.994902 -0.100842 0.000000 331.421254 0.100842 0.994902 0.000000 16.581956 0.000000 0.000000 1.000000 0.000000
0.995135 -0.098516 0.000000 333.569902 0.098516 0.995135 0.000000 16.775766 0.000000 0.000000 1.000000 0.000000
0.995215 -0.097712 0.000000 335.727695 0.097712 0.995215 0.000000 16.974671 0.000000 0.000000 1.000000 0.000000
0.995361 -0.096216 0.000000 337.962101 0.096216 0.995361 0.000000 17.140649 0.000000 0.000000 1.000000 0.000000
0.995353 -0.096296 0.000000 340.098876 0.096296 0.995353 0.000000 17.307833 0.000000 0.000000 1.000000 0.000000
0.995286 -0.096983 0.000000 342.387538 0.096983 0.995286 0.000000 17.507972 0.000000 0.000000 1.000000 0.000000
0.995153 -0.098340 0.000000 344.538677 0.098340 0.995153 0.000000 17.686972 0.000000 0.000000 1.000000 0.000000
0.995038 -0.099495 0.000000 346.722425 0.099495 0.995038 0.000000 17.851760 0.000000 0.000000 1.000000 0.000000
0.995102 -0.098849 0.000000 348.985429 0.098849 0.995102 0.000000 18.005002 0.000000 0.000000 1.000000 0.000000
0.995319 -0.096649 0.000000 351.183981 0.096649 0.995319 0.000000 18.217750 0.000000 0.000000 1.000000 0.000000
0.995665 -0.093010 0.000000 353.473940 0.093010 0.995665 0.000000 18.420904 0.000000 0.000000 1.000000 0.000000
0.996280 -0.086172 0.000000 355.591750 0.086172 0.996280 0.000000 18.526757 0.000000 0.000000 1.000000 0.000000
0.997148 -0.075469 0.000000 357.749399 0.075469 0.997148 0.000000 18.650173 0.000000 0.000000 1.000000 0.000000
0.998037 -0.062626 0.000000 359.919200 0.062626 0.998037 0.000000 18.805897 0.000000 0.000000 1.000000 0.000000
0.998929 -0.046274 0.000000 362.180342 0.046274 0.998929 0.000000 18.873291 0.000000 0.000000 1.000000 0.000000
0.999583 -0.028867 0.000000 364.350609 0.028867 0.999583 0.000000 18.920023 0.000000 0.000000 1.000000 0.000000
0.999959 -0.009090 0.000000 366.554973 0.009090 0.999959 0.000000 18.909652 0.000000 0.000000 1.000000 0.000000
0.999968 0.007985 0.000000 368.820958 -0.007985 0.999968 0.000000 18.855077 0.000000 0.000000 1.000000 0.000000
0.999713 0.023973 0.000000 370.988349 -0.023973 0.999713 0.000000 18.739992 0.000000 0.000000 1.000000 0.000000
0.999265 0.038332 0.000000 373.185569 -0.038332 0.999265 0.000000 18.640533 0.000000 0.000000 1.000000 0.000000
0.998754 0.049905 0.000000 375.414290 -0.049905 0.998754 0.000000 18.525044 0.000000 0.000000 1.000000 0.000000
0.998382 0.056855 0.000000 377.558275 -0.056855 0.998382 0.000000 18.334604 0.000000 0.000000 1.000000 0.000000
0.998201 0.059961 0.000000 379.810256 -0.059961 0.998201 0.000000 18.207772 0.000000 0.000000 1.000000 0.000000
0.998370 0.057067 0.000000 382.001277 -0.057067 0.998370 0.000000 18.038380 0.000000 0.000000 1.000000 0.000000
0.998713 0.050719 0.000000 384.262758 -0.050719 0.998713 0.000000 17.913263 0.000000 0.000000 1.000000 0.000000
0.999006 0.044575 0.000000 386.376351 -0.044575 0.999006 0.000000 17.757198 0.000000 0.000000 1.000000 0.000000
0.999337 0.036413 0.000000 388.663596 -0.036413 0.999337 0.000000 17.663537 0.000000 0.000000 1.000000 0.000000
0.999659 0.026119 0.000000 390.829221 -0.026119 0.999659 0.000000 17.609565 0.000000 0.000000 1.000000 0.000000
0.999847 0.017517 0.000000 393.086026 -0.017517 0.999847 0.000000 17.545905 0.000000 0.000000 1.000000 0.000000
0.999970 0.007760 0.000000 395.321682 -0.007760 0.999970 0.000000 17.475326 0.000000 0.000000 1.000000 0.000000
0.999999 0.001064 0.000000 397.486822 -0.001064 0.999999 0.000000 17.461390 0.000000 0.000000 1.000000 0.000000
0.999977 -0.006751 0.000000 399.797660 0.006751 0.999977 0.000000 17.464397 0.000000 0.000000 1.000000 0.000000
0.999917 -0.012863 0.000000 401.984166 0.012863 0.999917 0.000000 17.479412 0.000000 0.000000 1.000000 0.000000
0.999833 -0.018295 0.000000 404.251847 0.018295 0.999833 0.000000 17.459243 0.000000 0.000000 1.000000 0.000000
0.999761 -0.021878 0.000000 406.469417 0.021878 0.999761 0.000000 17.490523 0.000000 0.000000 1.000000 0.000000
0.999633 -0.027072 0.000000 408.723184 0.027072 0.999633 0.000000 17.514749 0.000000 0.000000 1.000000 0.000000
0.999538 -0.030394 0.000000 410.958362 0.030394 0.999538 0.000000 17.567578 0.000000 0.000000 1.000000 0.000000
0.999440 -0.033463 0.000000 413.222060 0.033463 0.999440 0.000000 17.625031 0.000000 0.000000 1.000000 0.000000
0.999341 -0.036287 0.000000 415.476996 0.036287 0.999341 0.000000 17.716204 0.000000 0.000000 1.000000 0.000000
0.999223 -0.039421 0.000000 417.702213 0.039421 0.999223 0.000000 17.706692 0.000000 0.000000 1.000000 0.000000
0.999141 -0.041434 0.000000 419.940548 0.041434 0.999141 0.000000 17.761638 0.000000 0.000000 1.000000 0.000000
0.999065 -0.043232 0.000000 422.206659 0.043232 0.999065 0.000000 17.847873 0.000000 0.000000 1.000000 0.000000
0.998952 -0.045768 0.000000 424.508728 0.045768 0.998952 0.000000 17.933998 0.000000 0.000000 1.000000 0.000000
0.998875 -0.047418 0.000000 426.757882 0.047418 0.998875 0.000000 18.012594 0.000000 0.000000 1.000000 0.000000
