1.000000 0.000000 0.000000 0.000000 0.000000 1.000000 0.000000 0.000000 0.000000 0.000000 1.000000 0.000000
1.000000 -0.000165 0.000000 -0.006984 0.000165 1.000000 0.000000 -0.000724 0.000000 0.000000 1.000000 0.000000
1.000000 -0.000014 0.000000 -0.000899 0.000014 1.000000 0.000000 -0.002886 0.000000 0.000000 1.000000 0.000000
1.000000 0.000062 0.000000 -0.008502 -0.000062 1.000000 0.000000 0.003971 0.000000 0.000000 1.000000 0.000000
1.000000 -0.000026 0.000000 -0.005170 0.000026 1.000000 0.000000 0.008905 0.000000 0.000000 1.000000 0.000000
1.000000 0.000042 0.000000 -0.001138 -0.000042 1.000000 0.000000 0.003852 0.000000 0.000000 1.000000 0.000000
1.000000 0.000138 0.000000 -0.004901 -0.000138 1.000000 0.000000 0.001105 0.000000 0.000000 1.000000 0.000000
1.000000 0.000064 0.000000 -0.003936 -0.000064 1.000000 0.000000 -0.002244 0.000000 0.000000 1.000000 0.000000
1.000000 -0.000140 0.000000 0.000037 0.000140 1.000000 0.000000 0.001296 0.000000 0.000000 1.000000 0.000000
1.000000 -0.000027 0.000000 -0.010643 0.000027 1.000000 0.000000 -0.001155 0.000000 0.000000 1.000000 0.000000
1.000000 -0.000084 0.000000 0.001285 0.000084 1.000000 0.000000 0.000444 0.000000 0.000000 1.000000 0.000000
1.000000 -0.000062 0.000000 -0.000713 0.000062 1.000000 0.000000 -0.000310 0.000000 0.000000 1.000000 0.000000
1.000000 -0.000134 0.000000 -0.000894 0.000134 1.000000 0.000000 -0.001633 0.000000 0.000000 1.000000 0.000000
1.000000 -0.000206 0.000000 0.005787 0.000206 1.000000 0.000000 0.005721 0.000000 0.000000 1.000000 0.000000
1.000000 -0.000026 0.000000 0.000099 0.000026 1.000000 0.000000 -0.007136 0.000000 0.000000 1.000000 0.000000
1.000000 -0.000074 0.000000 0.001706 0.000074 1.000000 0.000000 -0.007923 0.000000 0.000000 1.000000 0.000000
1.000000 -0.000084 0.000000 -0.002487 0.000084 1.000000 0.000000 -0.002016 0.000000 0.000000 1.000000 0.000000
1.000000 -0.000198 0.000000 0.009670 0.000198 1.000000 0.000000 -0.001355 0.000000 0.000000 1.000000 0.000000
1.000000 -0.000087 0.000000 -0.001299 0.000087 1.000000 0.000000 -0.002045 0.000000 0.000000 1.000000 0.000000
1.000000 0.000026 0.000000 0.001502 -0.000026 1.000000 0.000000 0.001693 0.000000 0.000000 1.000000 0.000000
1.000000 0.000108 0.000000 -0.006716 -0.000108 1.000000 0.000000 -0.002371 0.000000 0.000000 1.000000 0.000000
1.000000 -0.000217 0.000000 0.001139 0.000217 1.000000 0.000000 -0.001310 0.000000 0.000000 1.000000 0.000000
1.000000 -0.000006 0.000000 -0.002776 0.000006 1.000000 0.000000 0.005071 0.000000 0.000000 1.000000 0.000000
1.000000 -0.000016 0.000000 0.003682 0.000016 1.000000 0.000000 -0.000020 0.000000 0.000000 1.000000 0.000000
1.000000 0.000037 0.000000 0.001401 -0.000037 1.000000 0.000000 -0.001380 0.000000 0.000000 1.000000 0.000000
1.000000 0.000167 0.000000 0.001624 -0.000167 1.000000 0.000000 -0.007270 0.000000 0.000000 1.000000 0.000000
1.000000 -0.000053 0.000000 0.000369 0.000053 1.000000 0.000000 0.008280 0.000000 0.000000 1.000000 0.000000
1.000000 -0.000024 0.000000 0.003139 0.000024 1.000000 0.000000 0.005053 0.000000 0.000000 1.000000 0.000000
1.000000 0.000132 0.000000 -0.002380 -0.000132 1.000000 0.000000 0.005465 0.000000 0.000000 1.000000 0.000000
1.000000 0.000306 0.000000 -0.004214 -0.000306 1.000000 0.000000 0.003085 0.000000 0.000000 1.000000 0.000000
1.000000 0.000354 0.000000 -0.004551 -0.000354 1.000000 0.000000 0.002733 0.000000 0.000000 1.000000 0.000000
1.000000 -0.000183 0.000000 0.004747 0.000183 1.000000 0.000000 0.000215 0.000000 0.000000 1.000000 0.000000
1.000000 -0.000271 0.000000 0.003178 0.000271 1.000000 0.000000 -0.001158 0.000000 0.000000 1.000000 0.000000
1.000000 -0.000164 0.000000 0.004091 0.000164 1.000000 0.000000 0.008779 0.000000 0.000000 1.000000 0.000000
1.000000 -0.000155 0.000000 -0.009045 0.000155 1.000000 0.000000 0.008565 0.000000 0.000000 1.000000 0.000000
1.000000 -0.000066 0.000000 -0.000731 0.000066 1.000000 0.000000 0.008545 0.000000 0.000000 1.000000 0.000000
1.000000 -0.000172 0.000000 0.000245 0.000172 1.000000 0.000000 -0.001447 0.000000 0.000000 1.000000 0.000000
1.000000 -0.000225 0.000000 0.004192 0.000225 1.000000 0.000000 -0.002311 0.000000 0.000000 1.000000 0.000000
1.000000 -0.000270 0.000000 -0.003069 0.000270 1.000000 0.000000 0.002042 0.000000 0.000000 1.000000 0.000000
1.000000 -0.000067 0.000000 0.007137 0.000067 1.000000 0.000000 0.003373 0.000000 0.000000 1.000000 0.000000
1.000000 0.000208 0.000000 -0.005639 -0.000208 1.000000 0.000000 0.003196 0.000000 0.000000 1.000000 0.000000
1.000000 -0.000016 0.000000 -0.007674 0.000016 1.000000 0.000000 -0.010190 0.000000 0.000000 1.000000 0.000000
1.000000 0.000039 0.000000 0.001444 -0.000039 1.000000 0.000000 0.000988 0.000000 0.000000 1.000000 0.000000
1.000000 -0.000047 0.000000 -0.003662 0.000047 1.000000 0.000000 0.001583 0.000000 0.000000 1.000000 0.000000
1.000000 -0.000080 0.000000 -0.008991 0.000080 1.000000 0.000000 -0.000754 0.000000 0.000000 1.000000 0.000000
1.000000 -0.000004 0.000000 0.004774 0.000004 1.000000 0.000000 0.009292 0.000000 0.000000 1.000000 0.000000
1.000000 -0.000101 0.000000 0.010716 0.000101 1.000000 0.000000 0.000781 0.000000 0.000000 1.000000 0.000000
1.000000 -0.000136 0.000000 0.010519 0.000136 1.000000 0.000000 -0.004949 0.000000 0.000000 1.000000 0.000000
1.000000 -0.000290 0.000000 0.010589 0.000290 1.000000 0.000000 0.003815 0.000000 0.000000 1.000000 0.000000
1.000000 -0.000144 0.000000 0.004105 0.000144 1.000000 0.000000 0.006184 0.000000 0.000000 1.000000 0.000000
1.000000 0.000119 0.000000 0.002838 -0.000119 1.000000 0.000000 -0.003047 0.000000 0.000000 1.000000 0.000000
1.000000 -0.000133 0.000000 0.001960 0.000133 1.000000 0.000000 0.000093 0.000000 0.000000 1.000000 0.000000
1.000000 -0.000264 0.000000 0.001234 0.000264 1.000000 0.000000 0.001551 0.000000 0.000000 1.000000 0.000000
1.000000 -0.000064 0.000000 0.007290 0.000064 1.000000 0.000000 0.003154 0.000000 0.000000 1.000000 0.000000
1.000000 -0.000197 0.000000 0.003472 0.000197 1.000000 0.000000 0.006335 0.000000 0.000000 1.000000 0.000000
1.000000 0.000011 0.000000 0.006293 -0.000011 1.000000 0.000000 0.003598 0.000000 0.000000 1.000000 0.000000
1.000000 -0.000120 0.000000 0.005073 0.000120 1.000000 0.000000 -0.001764 0.000000 0.000000 1.000000 0.000000
1.000000 -0.000104 0.000000 0.004725 0.000104 1.000000 0.000000 -0.007213 0.000000 0.000000 1.000000 0.000000
1.000000 0.000095 0.000000 0.001655 -0.000095 1.000000 0.000000 -0.005970 0.000000 0.000000 1.000000 0.000000
1.000000 0.000027 0.000000 0.010414 -0.000027 1.000000 0.000000 -0.008497 0.000000 0.000000 1.000000 0.000000
1.000000 0.000066 0.000000 0.003357 -0.000066 1.000000 0.000000 0.002430 0.000000 0.000000 1.000000 0.000000
1.000000 -0.000008 0.000000 0.001529 0.000008 1.000000 0.000000 -0.006062 0.000000 0.000000 1.000000 0.000000
1.000000 -0.000085 0.000000 0.007780 0.000085 1.000000 0.000000 -0.006258 0.000000 0.000000 1.000000 0.000000
1.000000 -0.000061 0.000000 0.000732 0.000061 1.000000 0.000000 -0.002202 0.000000 0.000000 1.000000 0.000000
1.000000 -0.000049 0.000000 -0.004287 0.000049 1.000000 0.000000 0.002046 0.000000 0.000000 1.000000 0.000000
1.000000 0.000060 0.000000 0.003022 -0.000060 1.000000 0.000000 -0.004844 0.000000 0.000000 1.000000 0.000000
1.000000 -0.000050 0.000000 0.005346 0.000050 1.000000 0.000000 -0.005184 0.000000 0.000000 1.000000 0.000000
1.000000 0.000097 0.000000 0.001474 -0.000097 1.000000 0.000000 -0.001561 0.000000 0.000000 1.000000 0.000000
1.000000 -0.000014 0.000000 0.006455 0.000014 1.000000 0.000000 -0.001421 0.000000 0.000000 1.000000 0.000000
1.000000 -0.000116 0.000000 0.007976 0.000116 1.000000 0.000000 0.004444 0.000000 0.000000 1.000000 0.000000
1.000000 0.000108 0.000000 0.025461 -0.000108 1.000000 0.000000 -0.013054 0.000000 0.000000 1.000000 0.000000
1.000000 -0.000176 0.000000 0.054291 0.000176 1.000000 0.000000 -0.016496 0.000000 0.000000 1.000000 0.000000
1.000000 -0.000771 0.000000 0.116078 0.000771 1.000000 0.000000 0.000153 0.000000 0.000000 1.000000 0.000000
0.999997 -0.002400 0.000000 0.190012 0.002400 0.999997 0.000000 0.023495 0.000000 0.000000 1.000000 0.000000
0.999985 -0.005552 0.000000 0.310148 0.005552 0.999985 0.000000 0.051579 0.000000 0.000000 1.000000 0.000000
0.999898 -0.014262 0.000000 0.515114 0.014262 0.999898 0.000000 0.022517 0.000000 0.000000 1.000000 0.000000
0.999696 -0.024653 0.000000 0.802671 0.024653 0.999696 0.000000 0.054665 0.000000 0.000000 1.000000 0.000000
0.999236 -0.039093 0.000000 1.198745 0.039093 0.999236 0.000000 0.028871 0.000000 0.000000 1.000000 0.000000
0.998512 -0.054524 0.000000 1.665480 0.054524 0.998512 0.000000 0.091289 0.000000 0.000000 1.000000 0.000000
0.997131 -0.075695 0.000000 2.193936 0.075695 0.997131 0.000000 0.098003 0.000000 0.000000 1.000000 0.000000
0.995115 -0.098722 0.000000 2.970101 0.098722 0.995115 0.000000 0.186587 0.000000 0.000000 1.000000 0.000000
0.993403 -0.114673 0.000000 3.800448 0.114673 0.993403 0.000000 0.291655 0.000000 0.000000 1.000000 0.000000
0.992850 -0.119365 0.000000 4.734303 0.119365 0.992850 0.000000 0.333971 0.000000 0.000000 1.000000 0.000000
0.993215 -0.116292 0.000000 5.870461 0.116292 0.993215 0.000000 0.511249 0.000000 0.000000 1.000000 0.000000
0.993329 -0.115316 0.000000 7.055506 0.115316 0.993329 0.000000 0.714243 0.000000 0.000000 1.000000 0.000000
0.993195 -0.116466 0.000000 8.442642 0.116466 0.993195 0.000000 0.754400 0.000000 0.000000 1.000000 0.000000
0.993726 -0.111842 0.000000 9.875684 0.111842 0.993726 0.000000 0.977174 0.000000 0.000000 1.000000 0.000000
0.994468 -0.105042 0.000000 11.467176 0.105042 0.994468 0.000000 1.213000 0.000000 0.000000 1.000000 0.000000
0.994663 -0.103177 0.000000 13.176732 0.103177 0.994663 0.000000 1.395128 0.000000 0.000000 1.000000 0.000000
0.994932 -0.100546 0.000000 14.916526 0.100546 0.994932 0.000000 1.482127 0.000000 0.000000 1.000000 0.000000
0.995388 -0.095932 0.000000 16.768844 0.095932 0.995388 0.000000 1.723122 0.000000 0.000000 1.000000 0.000000
0.995621 -0.093480 0.000000 18.735051 0.093480 0.995621 0.000000 1.848088 0.000000 0.000000 1.000000 0.000000
0.995976 -0.089625 0.000000 20.652931 0.089625 0.995976 0.000000 1.966915 0.000000 0.000000 1.000000 0.000000
0.996277 -0.086208 0.000000 22.621797 0.086208 0.996277 0.000000 2.116169 0.000000 0.000000 1.000000 0.000000
0.996617 -0.082180 0.000000 24.623038 0.082180 0.996617 0.000000 2.239970 0.000000 0.000000 1.000000 0.000000
0.996942 -0.078150 0.000000 26.651326 0.078150 0.996942 0.000000 2.378230 0.000000 0.000000 1.000000 0.000000
0.997203 -0.074745 0.000000 28.714510 0.074745 0.997203 0.000000 2.490176 0.000000 0.000000 1.000000 0.000000
0.997552 -0.069926 0.000000 30.811771 0.069926 0.997552 0.000000 2.612761 0.000000 0.000000 1.000000 0.000000
0.997795 -0.066366 0.000000 32.972826 0.066366 0.997795 0.000000 2.707107 0.000000 0.000000 1.000000 0.000000
0.997927 -0.064361 0.000000 35.152745 0.064361 0.997927 0.000000 2.837816 0.000000 0.000000 1.000000 0.000000
0.998108 -0.061482 0.000000 37.366257 0.061482 0.998108 0.000000 2.985978 0.000000 0.000000 1.000000 0.000000
0.998192 -0.060099 0.000000 39.604021 0.060099 0.998192 0.000000 3.052076 0.000000 0.000000 1.000000 0.000000
0.998308 -0.058141 0.000000 41.835434 0.058141 0.998308 0.000000 3.121853 0.000000 0.000000 1.000000 0.000000
0.998425 -0.056109 0.000000 44.132180 0.056109 0.998425 0.000000 3.290891 0.000000 0.000000 1.000000 0.000000
0.998431 -0.056003 0.000000 46.388412 0.056003 0.998431 0.000000 3.367194 0.000000 0.000000 1.000000 0.000000
0.998444 -0.055770 0.000000 48.644932 0.055770 0.998444 0.000000 3.475485 0.000000 0.000000 1.000000 0.000000
0.998419 -0.056217 0.000000 50.952339 0.056217 0.998419 0.000000 3.550396 0.000000 0.000000 1.000000 0.000000
0.998435 -0.055924 0.000000 53.256606 0.055924 0.998435 0.000000 3.661082 0.000000 0.000000 1.000000 0.000000
0.998498 -0.054781 0.000000 55.503465 0.054781 0.998498 0.000000 3.736597 0.000000 0.000000 1.000000 0.000000
0.998658 -0.051789 0.000000 57.767798 0.051789 0.998658 0.000000 3.838659 0.000000 0.000000 1.000000 0.000000
0.998779 -0.049403 0.000000 60.116433 0.049403 0.998779 0.000000 3.924718 0.000000 0.000000 1.000000 0.000000
0.998860 -0.047729 0.000000 62.408938 0.047729 0.998860 0.000000 3.983840 0.000000 0.000000 1.000000 0.000000
0.998976 -0.045247 0.000000 64.662995 0.045247 0.998976 0.000000 4.053208 0.000000 0.000000 1.000000 0.000000
0.999088 -0.042696 0.000000 66.966796 0.042696 0.999088 0.000000 4.147335 0.000000 0.000000 1.000000 0.000000
0.999240 -0.038979 0.000000 69.191631 0.038979 0.999240 0.000000 4.200434 0.000000 0.000000 1.000000 0.000000
0.999377 -0.035290 0.000000 71.447284 0.035290 0.999377 0.000000 4.216155 0.000000 0.000000 1.000000 0.000000
0.999447 -0.033260 0.000000 73.696446 0.033260 0.999447 0.000000 4.285887 0.000000 0.000000 1.000000 0.000000
0.999450 -0.033152 0.000000 75.989588 0.033152 0.999450 0.000000 4.382795 0.000000 0.000000 1.000000 0.000000
0.999435 -0.033617 0.000000 78.292048 0.033617 0.999435 0.000000 4.439434 0.000000 0.000000 1.000000 0.000000
0.999372 -0.035447 0.000000 80.545379 0.035447 0.999372 0.000000 4.434454 0.000000 0.000000 1.000000 0.000000
0.999282 -0.037900 0.000000 82.787699 0.037900 0.999282 0.000000 4.481471 0.000000 0.000000 1.000000 0.000000
0.999086 -0.042753 0.000000 85.136762 0.042753 0.999086 0.000000 4.548050 0.000000 0.000000 1.000000 0.000000
0.998857 -0.047805 0.000000 87.472557 0.047805 0.998857 0.000000 4.580255 0.000000 0.000000 1.000000 0.000000
0.998428 -0.056046 0.000000 89.868108 0.056046 0.998428 0.000000 4.738648 0.000000 0.000000 1.000000 0.000000
0.998037 -0.062630 0.000000 92.203166 0.062630 0.998037 0.000000 4.865076 0.000000 0.000000 1.000000 0.000000
0.997769 -0.066761 0.000000 94.593909 0.066761 0.997769 0.000000 4.979430 0.000000 0.000000 1.000000 0.000000
0.997691 -0.067924 0.000000 96.976563 0.067924 0.997691 0.000000 5.071098 0.000000 0.000000 1.000000 0.000000
0.997642 -0.068638 0.000000 99.365068 0.068638 0.997642 0.000000 5.210851 0.000000 0.000000 1.000000 0.000000
0.997599 -0.069259 0.000000 101.822848 0.069259 0.997599 0.000000 5.325415 0.000000 0.000000 1.000000 0.000000
0.997515 -0.070452 0.000000 104.303830 0.070452 0.997515 0.000000 5.488618 0.000000 0.000000 1.000000 0.000000
0.997431 -0.071629 0.000000 106.767226 0.071629 0.997431 0.000000 5.648855 0.000000 0.000000 1.000000 0.000000
0.997416 -0.071839 0.000000 109.256190 0.071839 0.997416 0.000000 5.785130 0.000000 0.000000 1.000000 0.000000
0.997357 -0.072655 0.000000 111.749076 0.072655 0.997357 0.000000 5.928222 0.000000 0.000000 1.000000 0.000000
0.997243 -0.074212 0.000000 114.175847 0.074212 0.997243 0.000000 6.061235 0.000000 0.000000 1.000000 0.000000
0.997311 -0.073286 0.000000 116.662572 0.073286 0.997311 0.000000 6.268069 0.000000 0.000000 1.000000 0.000000
0.997270 -0.073844 0.000000 119.173293 0.073844 0.997270 0.000000 6.391226 0.000000 0.000000 1.000000 0.000000
0.997324 -0.073108 0.000000 121.585763 0.073108 0.997324 0.000000 6.564000 0.000000 0.000000 1.000000 0.000000
0.997282 -0.073679 0.000000 124.074103 0.073679 0.997282 0.000000 6.751465 0.000000 0.000000 1.000000 0.000000
0.997246 -0.074170 0.000000 126.610923 0.074170 0.997246 0.000000 6.860712 0.000000 0.000000 1.000000 0.000000
0.997328 -0.073055 0.000000 129.127997 0.073055 0.997328 0.000000 7.059954 0.000000 0.000000 1.000000 0.000000
0.997360 -0.072617 0.000000 131.718868 0.072617 0.997360 0.000000 7.202399 0.000000 0.000000 1.000000 0.000000
0.997401 -0.072050 0.000000 134.231957 0.072050 0.997401 0.000000 7.339157 0.000000 0.000000 1.000000 0.000000
0.997389 -0.072218 0.000000 136.846966 0.072218 0.997389 0.000000 7.459677 0.000000 0.000000 1.000000 0.000000
0.997317 -0.073199 0.000000 139.390113 0.073199 0.997317 0.000000 7.636389 0.000000 0.000000 1.000000 0.000000
0.997212 -0.074618 0.000000 141.911325 0.074618 0.997212 0.000000 7.769081 0.000000 0.000000 1.000000 0.000000
0.997220 -0.074516 0.000000 144.422406 0.074516 0.997220 0.000000 7.992060 0.000000 0.000000 1.000000 0.000000
0.997160 -0.075314 0.000000 147.058500 0.075314 0.997160 0.000000 8.140724 0.000000 0.000000 1.000000 0.000000
0.997097 -0.076144 0.000000 149.584253 0.076144 0.997097 0.000000 8.322158 0.000000 0.000000 1.000000 0.000000
0.997080 -0.076370 0.000000 152.158684 0.076370 0.997080 0.000000 8.533563 0.000000 0.000000 1.000000 0.000000
0.997088 -0.076257 0.000000 154.739083 0.076257 0.997088 0.000000 8.672224 0.000000 0.000000 1.000000 0.000000
0.997070 -0.076489 0.000000 157.189679 0.076489 0.997070 0.000000 8.860326 0.000000 0.000000 1.000000 0.000000
0.997095 -0.076168 0.000000 159.622742 0.076168 0.997095 0.000000 9.018184 0.000000 0.000000 1.000000 0.000000
0.997123 -0.075806 0.000000 162.097428 0.075806 0.997123 0.000000 9.202972 0.000000 0.000000 1.000000 0.000000
0.997155 -0.075383 0.000000 164.553010 0.075383 0.997155 0.000000 9.361766 0.000000 0.000000 1.000000 0.000000
0.997193 -0.074877 0.000000 166.966052 0.074877 0.997193 0.000000 9.547084 0.000000 0.000000 1.000000 0.000000
0.997195 -0.074842 0.000000 169.388280 0.074842 0.997195 0.000000 9.663782 0.000000 0.000000 1.000000 0.000000
0.997078 -0.076394 0.000000 171.826477 0.076394 0.997078 0.000000 9.814404 0.000000 0.000000 1.000000 0.000000
0.996932 -0.078270 0.000000 174.261241 0.078270 0.996932 0.000000 10.007272 0.000000 0.000000 1.000000 0.000000
0.996716 -0.080978 0.000000 176.681626 0.080978 0.996716 0.000000 10.163106 0.000000 0.000000 1.000000 0.000000
0.996535 -0.083169 0.000000 179.056523 0.083169 0.996535 0.000000 10.328197 0.000000 0.000000 1.000000 0.000000
0.996347 -0.085397 0.000000 181.483892 0.085397 0.996347 0.000000 10.522379 0.000000 0.000000 1.000000 0.000000
0.996083 -0.088421 0.000000 183.887294 0.088421 0.996083 0.000000 10.704133 0.000000 0.000000 1.000000 0.000000
0.996008 -0.089268 0.000000 186.291770 0.089268 0.996008 0.000000 10.873016 0.000000 0.000000 1.000000 0.000000
0.995909 -0.090358 0.000000 188.730931 0.090358 0.995909 0.000000 11.095837 0.000000 0.000000 1.000000 0.000000
0.995806 -0.091487 0.000000 191.178560 0.091487 0.995806 0.000000 11.318593 0.000000 0.000000 1.000000 0.000000
0.995853 -0.090981 0.000000 193.608235 0.090981 0.995853 0.000000 11.531421 0.000000 0.000000 1.000000 0.000000
0.996001 -0.089340 0.000000 195.931090 0.089340 0.996001 0.000000 11.719373 0.000000 0.000000 1.000000 0.000000
0.996123 -0.087967 0.000000 198.288523 0.087967 0.996123 0.000000 11.918868 0.000000 0.000000 1.000000 0.000000
0.996310 -0.085828 0.000000 200.665988 0.085828 0.996310 0.000000 12.115386 0.000000 0.000000 1.000000 0.000000
0.996581 -0.082627 0.000000 202.991349 0.082627 0.996581 0.000000 12.286750 0.000000 0.000000 1.000000 0.000000
0.996861 -0.079172 0.000000 205.302742 0.079172 0.996861 0.000000 12.407244 0.000000 0.000000 1.000000 0.000000
0.996985 -0.077599 0.000000 207.586276 0.077599 0.996985 0.000000 12.536202 0.000000 0.000000 1.000000 0.000000
0.996998 -0.077432 0.000000 209.866265 0.077432 0.996998 0.000000 12.719367 0.000000 0.000000 1.000000 0.000000
0.996746 -0.080604 0.000000 212.123360 0.080604 0.996746 0.000000 12.812195 0.000000 0.000000 1.000000 0.000000
0.996181 -0.087315 0.000000 214.383158 0.087315 0.996181 0.000000 12.983840 0.000000 0.000000 1.000000 0.000000
0.995207 -0.097793 0.000000 216.620882 0.097793 0.995207 0.000000 13.125898 0.000000 0.000000 1.000000 0.000000
0.993703 -0.112043 0.000000 218.946475 0.112043 0.993703 0.000000 13.392941 0.000000 0.000000 1.000000 0.000000
0.992226 -0.124448 0.000000 221.235372 0.124448 0.992226 0.000000 13.660824 0.000000 0.000000 1.000000 0.000000
0.990689 -0.136148 0.000000 223.500186 0.136148 0.990689 0.000000 13.923166 0.000000 0.000000 1.000000 0.000000
0.989250 -0.146236 0.000000 225.642889 0.146236 0.989250 0.000000 14.178783 0.000000 0.000000 1.000000 0.000000
0.987991 -0.154509 0.000000 227.888331 0.154509 0.987991 0.000000 14.575188 0.000000 0.000000 1.000000 0.000000
0.987059 -0.160355 0.000000 230.248684 0.160355 0.987059 0.000000 14.940246 0.000000 0.000000 1.000000 0.000000
0.986488 -0.163831 0.000000 232.565558 0.163831 0.986488 0.000000 15.363941 0.000000 0.000000 1.000000 0.000000
0.985754 -0.168195 0.000000 234.764906 0.168195 0.985754 0.000000 15.656220 0.000000 0.000000 1.000000 0.000000
0.984935 -0.172926 0.000000 237.099632 0.172926 0.984935 0.000000 16.034847 0.000000 0.000000 1.000000 0.000000
0.984356 -0.176193 0.000000 239.483751 0.176193 0.984356 0.000000 16.410985 0.000000 0.000000 1.000000 0.000000
0.983857 -0.178954 0.000000 241.739211 0.178954 0.983857 0.000000 16.824813 0.000000 0.000000 1.000000 0.000000
0.983547 -0.180653 0.000000 244.041189 0.180653 0.983547 0.000000 17.203806 0.000000 0.000000 1.000000 0.000000
0.983209 -0.182483 0.000000 246.385068 0.182483 0.983209 0.000000 17.655661 0.000000 0.000000 1.000000 0.000000
0.982751 -0.184932 0.000000 248.655087 0.184932 0.982751 0.000000 18.059278 0.000000 0.000000 1.000000 0.000000
0.982525 -0.186132 0.000000 250.929640 0.186132 0.982525 0.000000 18.454754 0.000000 0.000000 1.000000 0.000000
0.982339 -0.187110 0.000000 253.194881 0.187110 0.982339 0.000000 18.838501 0.000000 0.000000 1.000000 0.000000
0.981924 -0.189274 0.000000 255.538630 0.189274 0.981924 0.000000 19.250075 0.000000 0.000000 1.000000 0.000000
0.981608 -0.190906 0.000000 257.817842 0.190906 0.981608 0.000000 19.713052 0.000000 0.000000 1.000000 0.000000
0.981058 -0.193713 0.000000 260.145010 0.193713 0.981058 0.000000 20.138894 0.000000 0.000000 1.000000 0.000000
0.980276 -0.197632 0.000000 262.400619 0.197632 0.980276 0.000000 20.580060 0.000000 0.000000 1.000000 0.000000
0.979156 -0.203112 0.000000 264.769911 0.203112 0.979156 0.000000 21.069443 0.000000 0.000000 1.000000 0.000000
0.977997 -0.208618 0.000000 267.005106 0.208618 0.977997 0.000000 21.582519 0.000000 0.000000 1.000000 0.000000
0.977529 -0.210800 0.000000 269.430271 0.210800 0.977529 0.000000 22.084824 0.000000 0.000000 1.000000 0.000000
0.976695 -0.214630 0.000000 271.858343 0.214630 0.976695 0.000000 22.578606 0.000000 0.000000 1.000000 0.000000
0.975753 -0.218876 0.000000 274.081534 0.218876 0.975753 0.000000 23.069173 0.000000 0.000000 1.000000 0.000000
0.974789 -0.223127 0.000000 276.415795 0.223127 0.974789 0.000000 23.603383 0.000000 0.000000 1.000000 0.000000
0.974230 -0.225558 0.000000 278.715931 0.225558 0.974230 0.000000 24.042914 0.000000 0.000000 1.000000 0.000000
0.973766 -0.227550 0.000000 281.003144 0.227550 0.973766 0.000000 24.622230 0.000000 0.000000 1.000000 0.000000
0.974618 -0.223873 0.000000 283.350333 0.223873 0.974618 0.000000 25.069334 0.000000 0.000000 1.000000 0.000000
0.976622 -0.214965 0.000000 285.655903 0.214965 0.976622 0.000000 25.528714 0.000000 0.000000 1.000000 0.000000
0.979303 -0.202402 0.000000 287.973681 0.202402 0.979303 0.000000 26.036006 0.000000 0.000000 1.000000 0.000000
0.981001 -0.194002 0.000000 290.348524 0.194002 0.981001 0.000000 26.424411 0.000000 0.000000 1.000000 0.000000
0.982689 -0.185265 0.000000 292.734071 0.185265 0.982689 0.000000 26.884266 0.000000 0.000000 1.000000 0.000000
0.984461 -0.175602 0.000000 295.116878 0.175602 0.984461 0.000000 27.271239 0.000000 0.000000 1.000000 0.000000
0.985633 -0.168903 0.000000 297.426507 0.168903 0.985633 0.000000 27.606454 0.000000 0.000000 1.000000 0.000000
0.986717 -0.162449 0.000000 299.766406 0.162449 0.986717 0.000000 27.967270 0.000000 0.000000 1.000000 0.000000
0.987589 -0.157061 0.000000 302.129292 0.157061 0.987589 0.000000 28.280567 0.000000 0.000000 1.000000 0.000000
0.988362 -0.152121 0.000000 304.495865 0.152121 0.988362 0.000000 28.626195 0.000000 0.000000 1.000000 0.000000
0.988732 -0.149696 0.000000 306.905569 0.149696 0.988732 0.000000 28.950582 0.000000 0.000000 1.000000 0.000000
0.988833 -0.149025 0.000000 309.328810 0.149025 0.988833 0.000000 29.316454 0.000000 0.000000 1.000000 0.000000
0.988998 -0.147932 0.000000 311.800844 0.147932 0.988998 0.000000 29.654019 0.000000 0.000000 1.000000 0.000000
0.989401 -0.145208 0.000000 314.330184 0.145208 0.989401 0.000000 29.958610 0.000000 0.000000 1.000000 0.000000
0.989927 -0.141576 0.000000 316.793488 0.141576 0.989927 0.000000 30.216639 0.000000 0.000000 1.000000 0.000000
0.990544 -0.137197 0.000000 319.301738 0.137197 0.990544 0.000000 30.519366 0.000000 0.000000 1.000000 0.000000
0.991178 -0.132540 0.000000 321.712560 0.132540 0.991178 0.000000 30.886517 0.000000 0.000000 1.000000 0.000000
0.991964 -0.126521 0.000000 324.183145 0.126521 0.991964 0.000000 31.141282 0.000000 0.000000 1.000000 0.000000
0.992759 -0.120120 0.000000 326.613346 0.120120 0.992759 0.000000 31.413539 0.000000 0.000000 1.000000 0.000000
0.993459 -0.114189 0.000000 329.009575 0.114189 0.993459 0.000000 31.674520 0.000000 0.000000 1.000000 0.000000
0.994120 -0.108282 0.000000 331.495082 0.108282 0.994120 0.000000 31.909580 0.000000 0.000000 1.000000 0.000000
0.994824 -0.101616 0.000000 333.842107 0.101616 0.994824 0.000000 32.092978 0.000000 0.000000 1.000000 0.000000
0.995454 -0.095240 0.000000 336.267213 0.095240 0.995454 0.000000 32.276946 0.000000 0.000000 1.000000 0.000000
0.996165 -0.087497 0.000000 338.690186 0.087497 0.996165 0.000000 32.435125 0.000000 0.000000 1.000000 0.000000
0.996630 -0.082024 0.000000 341.146240 0.082024 0.996630 0.000000 32.661205 0.000000 0.000000 1.000000 0.000000
0.997148 -0.075467 0.000000 343.581594 0.075467 0.997148 0.000000 32.825218 0.000000 0.000000 1.000000 0.000000
0.997521 -0.070370 0.000000 346.046446 0.070370 0.997521 0.000000 32.915491 0.000000 0.000000 1.000000 0.000000
0.997980 -0.063535 0.000000 348.443124 0.063535 0.997980 0.000000 33.067930 0.000000 0.000000 1.000000 0.000000
0.998289 -0.058466 0.000000 350.797184 0.058466 0.998289 0.000000 33.103038 0.000000 0.000000 1.000000 0.000000
0.998541 -0.053995 0.000000 353.161286 0.053995 0.998541 0.000000 33.196603 0.000000 0.000000 1.000000 0.000000
0.998938 -0.046075 0.000000 355.542770 0.046075 0.998938 0.000000 33.253713 0.000000 0.000000 1.000000 0.000000
0.999216 -0.039587 0.000000 357.965777 0.039587 0.999216 0.000000 33.300464 0.000000 0.000000 1.000000 0.000000
0.999442 -0.033389 0.000000 360.417684 0.033389 0.999442 0.000000 33.328548 0.000000 0.000000 1.000000 0.000000
0.999534 -0.030524 0.000000 362.856393 0.030524 0.999534 0.000000 33.400598 0.000000 0.000000 1.000000 0.000000
0.999623 -0.027470 0.000000 365.288552 0.027470 0.999623 0.000000 33.421874 0.000000 0.000000 1.000000 0.000000
0.999690 -0.024918 0.000000 367.738406 0.024918 0.999690 0.000000 33.404816 0.000000 0.000000 1.000000 0.000000
0.999712 -0.023999 0.000000 370.216994 0.023999 0.999712 0.000000 33.464479 0.000000 0.000000 1.000000 0.000000
0.999745 -0.022589 0.000000 372.642979 0.022589 0.999745 0.000000 33.465771 0.000000 0.000000 1.000000 0.000000
0.999736 -0.022977 0.000000 375.088458 0.022977 0.999736 0.000000 33.494430 0.000000 0.000000 1.000000 0.000000
0.999735 -0.023025 0.000000 377.569897 0.023025 0.999735 0.000000 33.562373 0.000000 0.000000 1.000000 0.000000
0.999716 -0.023839 0.000000 380.066509 0.023839 0.999716 0.000000 33.540231 0.000000 0.000000 1.000000 0.000000
0.999696 -0.024651 0.000000 382.471767 0.024651 0.999696 0.000000 33.602628 0.000000 0.000000 1.000000 0.000000
0.999628 -0.027291 0.000000 384.913329 0.027291 0.999628 0.000000 33.629201 0.000000 0.000000 1.000000 0.000000
0.999567 -0.029421 0.000000 387.371856 0.029421 0.999567 0.000000 33.668600 0.000000 0.000000 1.000000 0.000000
0.999464 -0.032738 0.000000 389.801197 0.032738 0.999464 0.000000 33.686175 0.000000 0.000000 1.000000 0.000000
0.999274 -0.038102 0.000000 392.256272 0.038102 0.999274 0.000000 33.762631 0.000000 0.000000 1.000000 0.000000
0.999031 -0.044023 0.000000 394.707943 0.044023 0.999031 0.000000 33.824080 0.000000 0.000000 1.000000 0.000000
0.998707 -0.050837 0.000000 397.175282 0.050837 0.998707 0.000000 33.847824 0.000000 0.000000 1.000000 0.000000
0.998447 -0.055708 0.000000 399.678553 0.055708 0.998447 0.000000 33.989114 0.000000 0.000000 1.000000 0.000000
0.998108 -0.061481 0.000000 402.203923 0.061481 0.998108 0.000000 34.124308 0.000000 0.000000 1.000000 0.000000
0.997771 -0.066734 0.000000 404.703913 0.066734 0.997771 0.000000 34.309028 0.000000 0.000000 1.000000 0.000000
0.997232 -0.074357 0.000000 407.208988 0.074357 0.997232 0.000000 34.446210 0.000000 0.000000 1.000000 0.000000
0.996700 -0.081176 0.000000 409.763291 0.081176 0.996700 0.000000 34.618961 0.000000 0.000000 1.000000 0.000000
0.996174 -0.087390 0.000000 412.301473 0.087390 0.996174 0.000000 34.808370 0.000000 0.000000 1.000000 0.000000
0.995650 -0.093173 0.000000 414.810779 0.093173 0.995650 0.000000 35.006417 0.000000 0.000000 1.000000 0.000000
0.995280 -0.097040 0.000000 417.396296 0.097040 0.995280 0.000000 35.217391 0.000000 0.000000 1.000000 0.000000
0.994959 -0.100284 0.000000 419.931097 0.100284 0.994959 0.000000 35.453722 0.000000 0.000000 1.000000 0.000000
0.994804 -0.101813 0.000000 422.434291 0.101813 0.994804 0.000000 35.666768 0.000000 0.000000 1.000000 0.000000
0.994705 -0.102771 0.000000 424.990518 0.102771 0.994705 0.000000 35.855103 0.000000 0.000000 1.000000 0.000000
0.994631 -0.103485 0.000000 427.580090 0.103485 0.994631 0.000000 36.123086 0.000000 0.000000 1.000000 0.000000
0.994627 -0.103521 0.000000 430.028336 0.103521 0.994627 0.000000 36.339786 0.000000 0.000000 1.000000 0.000000
0.994541 -0.104343 0.000000 432.476803 0.104343 0.994541 0.000000 36.538238 0.000000 0.000000 1.000000 0.000000
0.994649 -0.103307 0.000000 434.844995 0.103307 0.994649 0.000000 36.752308 0.000000 0.000000 1.000000 0.000000
0.994625 -0.103543 0.000000 437.193056 0.103543 0.994625 0.000000 36.945107 0.000000 0.000000 1.000000 0.000000
0.994601 -0.103775 0.000000 439.463871 0.103775 0.994601 0.000000 37.105821 0.000000 0.000000 1.000000 0.000000
0.994603 -0.103754 0.000000 441.653013 0.103754 0.994603 0.000000 37.329276 0.000000 0.000000 1.000000 0.000000
0.994664 -0.103166 0.000000 443.771433 0.103166 0.994664 0.000000 37.513834 0.000000 0.000000 1.000000 0.000000
0.994929 -0.100575 0.000000 445.830636 0.100575 0.994929 0.000000 37.691384 0.000000 0.000000 1.000000 0.000000
0.995229 -0.097567 0.000000 447.824858 0.097567 0.995229 0.000000 37.856572 0.000000 0.000000 1.000000 0.000000
0.995783 -0.091738 0.000000 449.687503 0.091738 0.995783 0.000000 37.979404 0.000000 0.000000 1.000000 0.000000
0.996543 -0.083084 0.000000 451.472946 0.083084 0.996543 0.000000 38.125574 0.000000 0.000000 1.000000 0.000000
0.997315 -0.073232 0.000000 453.190505 0.073232 0.997315 0.000000 38.206153 0.000000 0.000000 1.000000 0.000000
0.998465 -0.055377 0.000000 454.753290 0.055377 0.998465 0.000000 38.290966 0.000000 0.000000 1.000000 0.000000
0.999621 -0.027522 0.000000 456.289218 0.027522 0.999621 0.000000 38.289244 0.000000 0.000000 1.000000 0.000000
0.999898 0.014280 0.000000 457.767242 -0.014280 0.999898 0.000000 38.270121 0.000000 0.000000 1.000000 0.000000
0.998054 0.062351 0.000000 459.118840 -0.062351 0.998054 0.000000 38.099257 0.000000 0.000000 1.000000 0.000000
0.993286 0.115687 0.000000 460.402588 -0.115687 0.993286 0.000000 37.910721 0.000000 0.000000 1.000000 0.000000
0.984005 0.178140 0.000000 461.581140 -0.178140 0.984005 0.000000 37.719483 0.000000 0.000000 1.000000 0.000000
0.968669 0.248354 0.000000 462.769905 -0.248354 0.968669 0.000000 37.370741 0.000000 0.000000 1.000000 0.000000
0.944317 0.329038 0.000000 463.841030 -0.329038 0.944317 0.000000 37.000891 0.000000 0.000000 1.000000 0.000000
0.909337 0.416060 0.000000 464.780847 -0.416060 0.909337 0.000000 36.439158 0.000000 0.000000 1.000000 0.000000
0.862663 0.505779 0.000000 465.693122 -0.505779 0.862663 0.000000 35.805053 0.000000 0.000000 1.000000 0.000000
0.801602 0.597858 0.000000 466.434478 -0.597858 0.801602 0.000000 35.180557 0.000000 0.000000 1.000000 0.000000
0.724088 0.689708 0.000000 467.129271 -0.689708 0.724088 0.000000 34.374601 0.000000 0.000000 1.000000 0.000000
0.633139 0.774038 0.000000 467.692445 -0.774038 0.633139 0.000000 33.591253 0.000000 0.000000 1.000000 0.000000
0.526148 0.850393 0.000000 468.137229 -0.850393 0.526148 0.000000 32.736208 0.000000 0.000000 1.000000 0.000000
0.409501 0.912310 0.000000 468.405998 -0.912310 0.409501 0.000000 31.803287 0.000000 0.000000 1.000000 0.000000
0.280521 0.959848 0.000000 468.564165 -0.959848 0.280521 0.000000 30.887840 0.000000 0.000000 1.000000 0.000000
0.139467 0.990227 0.000000 468.643708 -0.990227 0.139467 0.000000 29.957388 0.000000 0.000000 1.000000 0.000000
-0.007115 0.999975 0.000000 468.516882 -0.999975 -0.007115 0.000000 28.937500 0.000000 0.000000 1.000000 0.000000
-0.154944 0.987923 0.000000 468.314168 -0.987923 -0.154944 0.000000 27.975007 0.000000 0.000000 1.000000 0.000000
-0.299394 0.954130 0.000000 467.915569 -0.954130 -0.299394 0.000000 26.910474 0.000000 0.000000 1.000000 0.000000
-0.433826 0.900997 0.000000 467.351389 -0.900997 -0.433826 0.000000 25.962805 0.000000 0.000000 1.000000 0.000000
-0.548707 0.836014 0.000000 466.661382 -0.836014 -0.548707 0.000000 25.016392 0.000000 0.000000 1.000000 0.000000
-0.649839 0.760072 0.000000 465.815474 -0.760072 -0.649839 0.000000 24.253178 0.000000 0.000000 1.000000 0.000000
-0.738430 0.674330 0.000000 464.848126 -0.674330 -0.738430 0.000000 23.412184 0.000000 0.000000 1.000000 0.000000
-0.799024 0.601300 0.000000 463.845905 -0.601300 -0.799024 0.000000 22.531725 0.000000 0.000000 1.000000 0.000000
-0.835045 0.550181 0.000000 462.558749 -0.550181 -0.835045 0.000000 21.791389 0.000000 0.000000 1.000000 0.000000
-0.855255 0.518208 0.000000 461.303107 -0.518208 -0.855255 0.000000 21.159990 0.000000 0.000000 1.000000 0.000000
-0.860979 0.508640 0.000000 459.938120 -0.508640 -0.860979 0.000000 20.490683 0.000000 0.000000 1.000000 0.000000
-0.864793 0.502129 0.000000 458.540230 -0.502129 -0.864793 0.000000 19.841921 0.000000 0.000000 1.000000 0.000000
-0.864909 0.501929 0.000000 457.092740 -0.501929 -0.864909 0.000000 19.014975 0.000000 0.000000 1.000000 0.000000
-0.866195 0.499706 0.000000 455.527587 -0.499706 -0.866195 0.000000 18.250754 0.000000 0.000000 1.000000 0.000000
-0.866986 0.498332 0.000000 453.942743 -0.498332 -0.866986 0.000000 17.377007 0.000000 0.000000 1.000000 0.000000
-0.867680 0.497124 0.000000 452.250176 -0.497124 -0.867680 0.000000 16.479439 0.000000 0.000000 1.000000 0.000000
-0.867728 0.497039 0.000000 450.559728 -0.497039 -0.867728 0.000000 15.524544 0.000000 0.000000 1.000000 0.000000
-0.868489 0.495708 0.000000 448.799821 -0.495708 -0.868489 0.000000 14.519711 0.000000 0.000000 1.000000 0.000000
-0.869185 0.494488 0.000000 446.919907 -0.494488 -0.869185 0.000000 13.503348 0.000000 0.000000 1.000000 0.000000
-0.869659 0.493654 0.000000 445.009357 -0.493654 -0.869659 0.000000 12.466133 0.000000 0.000000 1.000000 0.000000
-0.869963 0.493118 0.000000 443.079708 -0.493118 -0.869963 0.000000 11.372417 0.000000 0.000000 1.000000 0.000000
-0.870660 0.491886 0.000000 441.069848 -0.491886 -0.870660 0.000000 10.268894 0.000000 0.000000 1.000000 0.000000
-0.871571 0.490269 0.000000 439.029421 -0.490269 -0.871571 0.000000 9.171896 0.000000 0.000000 1.000000 0.000000
-0.872962 0.487788 0.000000 436.917772 -0.487788 -0.872962 0.000000 8.027392 0.000000 0.000000 1.000000 0.000000
-0.874346 0.485304 0.000000 434.809781 -0.485304 -0.874346 0.000000 6.917461 0.000000 0.000000 1.000000 0.000000
-0.876886 0.480698 0.000000 432.645957 -0.480698 -0.876886 0.000000 5.723361 0.000000 0.000000 1.000000 0.000000
-0.878649 0.477468 0.000000 430.457502 -0.477468 -0.878649 0.000000 4.554853 0.000000 0.000000 1.000000 0.000000
-0.880533 0.473985 0.000000 428.232560 -0.473985 -0.880533 0.000000 3.355284 0.000000 0.000000 1.000000 0.000000
-0.882795 0.469759 0.000000 425.967582 -0.469759 -0.882795 0.000000 2.182579 0.000000 0.000000 1.000000 0.000000
-0.884226 0.467058 0.000000 423.676067 -0.467058 -0.884226 0.000000 0.984796 0.000000 0.000000 1.000000 0.000000
-0.884920 0.465742 0.000000 421.416351 -0.465742 -0.884920 0.000000 -0.174432 0.000000 0.000000 1.000000 0.000000
-0.885284 0.465051 0.000000 419.111298 -0.465051 -0.885284 0.000000 -1.345000 0.000000 0.000000 1.000000 0.000000
-0.886045 0.463600 0.000000 416.837128 -0.463600 -0.886045 0.000000 -2.526794 0.000000 0.000000 1.000000 0.000000
-0.886809 0.462137 0.000000 414.553427 -0.462137 -0.886809 0.000000 -3.678232 0.000000 0.000000 1.000000 0.000000
-0.887616 0.460585 0.000000 412.282864 -0.460585 -0.887616 0.000000 -4.828637 0.000000 0.000000 1.000000 0.000000
-0.888114 0.459624 0.000000 409.960701 -0.459624 -0.888114 0.000000 -5.961581 0.000000 0.000000 1.000000 0.000000
-0.888980 0.457946 0.000000 407.683342 -0.457946 -0.888980 0.000000 -7.154223 0.000000 0.000000 1.000000 0.000000
-0.889816 0.456319 0.000000 405.353963 -0.456319 -0.889816 0.000000 -8.323316 0.000000 0.000000 1.000000 0.000000
-0.890205 0.455560 0.000000 402.981081 -0.455560 -0.890205 0.000000 -9.499615 0.000000 0.000000 1.000000 0.000000
-0.890065 0.455833 0.000000 400.691335 -0.455833 -0.890065 0.000000 -10.668006 0.000000 0.000000 1.000000 0.000000
-0.890163 0.455642 0.000000 398.353010 -0.455642 -0.890163 0.000000 -11.838006 0.000000 0.000000 1.000000 0.000000
-0.890542 0.454902 0.000000 396.046039 -0.454902 -0.890542 0.000000 -12.952614 0.000000 0.000000 1.000000 0.000000
-0.890865 0.454267 0.000000 393.724820 -0.454267 -0.890865 0.000000 -14.118588 0.000000 0.000000 1.000000 0.000000
-0.891270 0.453473 0.000000 391.412639 -0.453473 -0.891270 0.000000 -15.274857 0.000000 0.000000 1.000000 0.000000
-0.892055 0.451926 0.000000 389.111335 -0.451926 -0.892055 0.000000 -16.424384 0.000000 0.000000 1.000000 0.000000
-0.892471 0.451106 0.000000 386.791820 -0.451106 -0.892471 0.000000 -17.612065 0.000000 0.000000 1.000000 0.000000
-0.892920 0.450216 0.000000 384.471921 -0.450216 -0.892920 0.000000 -18.738355 0.000000 0.000000 1.000000 0.000000
-0.894350 0.447368 0.000000 382.162704 -0.447368 -0.894350 0.000000 -19.836047 0.000000 0.000000 1.000000 0.000000
-0.895496 0.445069 0.000000 379.837448 -0.445069 -0.895496 0.000000 -20.920429 0.000000 0.000000 1.000000 0.000000
-0.898025 0.439945 0.000000 377.562967 -0.439945 -0.898025 0.000000 -22.000497 0.000000 0.000000 1.000000 0.000000
-0.901136 0.433536 0.000000 375.274267 -0.433536 -0.901136 0.000000 -23.072450 0.000000 0.000000 1.000000 0.000000
-0.905055 0.425296 0.000000 373.041673 -0.425296 -0.905055 0.000000 -24.108202 0.000000 0.000000 1.000000 0.000000
-0.908121 0.418707 0.000000 370.742452 -0.418707 -0.908121 0.000000 -25.102113 0.000000 0.000000 1.000000 0.000000
-0.911641 0.410988 0.000000 368.453158 -0.410988 -0.911641 0.000000 -26.145455 0.000000 0.000000 1.000000 0.000000
-0.915143 0.403130 0.000000 366.125762 -0.403130 -0.915143 0.000000 -27.124594 0.000000 0.000000 1.000000 0.000000
-0.918341 0.395790 0.000000 363.778097 -0.395790 -0.918341 0.000000 -28.077625 0.000000 0.000000 1.000000 0.000000
-0.921347 0.388740 0.000000 361.489335 -0.388740 -0.921347 0.000000 -29.000142 0.000000 0.000000 1.000000 0.000000
-0.925062 0.379817 0.000000 359.154516 -0.379817 -0.925062 0.000000 -29.964904 0.000000 0.000000 1.000000 0.000000
-0.928848 0.370462 0.000000 356.810027 -0.370462 -0.928848 0.000000 -30.849604 0.000000 0.000000 1.000000 0.000000
-0.932163 0.362039 0.000000 354.461789 -0.362039 -0.932163 0.000000 -31.724697 0.000000 0.000000 1.000000 0.000000
-0.935230 0.354041 0.000000 352.107694 -0.354041 -0.935230 0.000000 -32.549475 0.000000 0.000000 1.000000 0.000000
-0.937676 0.347510 0.000000 349.745682 -0.347510 -0.937676 0.000000 -33.438664 0.000000 0.000000 1.000000 0.000000
-0.938217 0.346047 0.000000 347.366652 -0.346047 -0.938217 0.000000 -34.214626 0.000000 0.000000 1.000000 0.000000
-0.938560 0.345115 0.000000 345.041122 -0.345115 -0.938560 0.000000 -35.006162 0.000000 0.000000 1.000000 0.000000
-0.937949 0.346772 0.000000 342.695348 -0.346772 -0.937949 0.000000 -35.850513 0.000000 0.000000 1.000000 0.000000
