0.999706 0.024233 0.000000 6.243707 -0.024233 0.999706 0.000000 -0.151828 0.000000 0.000000 1.000000 0.000000
0.999613 0.027813 0.000000 7.159000 -0.027813 0.999613 0.000000 -0.178594 0.000000 0.000000 1.000000 0.000000
0.999448 0.033216 0.000000 8.142930 -0.033216 0.999448 0.000000 -0.214535 0.000000 0.000000 1.000000 0.000000
0.999276 0.038042 0.000000 9.169531 -0.038042 0.999276 0.000000 -0.250283 0.000000 0.000000 1.000000 0.000000
0.999105 0.042289 0.000000 10.198544 -0.042289 0.999105 0.000000 -0.297002 0.000000 0.000000 1.000000 0.000000
0.998933 0.046186 0.000000 11.316028 -0.046186 0.998933 0.000000 -0.381908 0.000000 0.000000 1.000000 0.000000
0.998797 0.049035 0.000000 12.471073 -0.049035 0.998797 0.000000 -0.393607 0.000000 0.000000 1.000000 0.000000
0.998725 0.050477 0.000000 13.690527 -0.050477 0.998725 0.000000 -0.463610 0.000000 0.000000 1.000000 0.000000
0.998790 0.049169 0.000000 14.931757 -0.049169 0.998790 0.000000 -0.517228 0.000000 0.000000 1.000000 0.000000
0.998844 0.048076 0.000000 16.226401 -0.048076 0.998844 0.000000 -0.598800 0.000000 0.000000 1.000000 0.000000
0.998870 0.047535 0.000000 17.562460 -0.047535 0.998870 0.000000 -0.662058 0.000000 0.000000 1.000000 0.000000
0.998943 0.045957 0.000000 18.987484 -0.045957 0.998943 0.000000 -0.727302 0.000000 0.000000 1.000000 0.000000
0.999001 0.044687 0.000000 20.402782 -0.044687 0.999001 0.000000 -0.763890 0.000000 0.000000 1.000000 0.000000
0.999027 0.044104 0.000000 21.882103 -0.044104 0.999027 0.000000 -0.904967 0.000000 0.000000 1.000000 0.000000
0.998982 0.045108 0.000000 23.354494 -0.045108 0.998982 0.000000 -1.031598 0.000000 0.000000 1.000000 0.000000
0.998974 0.045283 0.000000 24.947593 -0.045283 0.998974 0.000000 -1.048852 0.000000 0.000000 1.000000 0.000000
0.999152 0.041170 0.000000 26.606217 -0.041170 0.999152 0.000000 -1.055847 0.000000 0.000000 1.000000 0.000000
0.999326 0.036705 0.000000 28.308783 -0.036705 0.999326 0.000000 -1.163438 0.000000 0.000000 1.000000 0.000000
0.999358 0.035824 0.000000 30.051746 -0.035824 0.999358 0.000000 -1.280813 0.000000 0.000000 1.000000 0.000000
0.999456 0.032995 0.000000 31.887586 -0.032995 0.999456 0.000000 -1.277685 0.000000 0.000000 1.000000 0.000000
0.999516 0.031117 0.000000 33.747572 -0.031117 0.999516 0.000000 -1.337778 0.000000 0.000000 1.000000 0.000000
0.999470 0.032563 0.000000 35.699806 -0.032563 0.999470 0.000000 -1.427263 0.000000 0.000000 1.000000 0.000000
0.999469 0.032594 0.000000 37.652315 -0.032594 0.999469 0.000000 -1.509593 0.000000 0.000000 1.000000 0.000000
0.999540 0.030335 0.000000 39.704000 -0.030335 0.999540 0.000000 -1.576961 0.000000 0.000000 1.000000 0.000000
0.999649 0.026505 0.000000 41.807306 -0.026505 0.999649 0.000000 -1.647753 0.000000 0.000000 1.000000 0.000000
0.999739 0.022832 0.000000 43.949798 -0.022832 0.999739 0.000000 -1.665986 0.000000 0.000000 1.000000 0.000000
0.999792 0.020394 0.000000 46.180628 -0.020394 0.999792 0.000000 -1.698613 0.000000 0.000000 1.000000 0.000000
0.999858 0.016860 0.000000 48.406577 -0.016860 0.999858 0.000000 -1.737215 0.000000 0.000000 1.000000 0.000000
0.999922 0.012514 0.000000 50.652301 -0.012514 0.999922 0.000000 -1.783439 0.000000 0.000000 1.000000 0.000000
0.999970 0.007800 0.000000 52.852865 -0.007800 0.999970 0.000000 -1.735820 0.000000 0.000000 1.000000 0.000000
0.999996 0.002821 0.000000 55.064653 -0.002821 0.999996 0.000000 -1.762116 0.000000 0.000000 1.000000 0.000000
0.999999 -0.001244 0.000000 57.206339 0.001244 0.999999 0.000000 -1.752846 0.000000 0.000000 1.000000 0.000000
0.999976 -0.006962 0.000000 59.355938 0.006962 0.999976 0.000000 -1.722603 0.000000 0.000000 1.000000 0.000000
0.999934 -0.011465 0.000000 61.523269 0.011465 0.999934 0.000000 -1.686382 0.000000 0.000000 1.000000 0.000000
0.999897 -0.014347 0.000000 63.609451 0.014347 0.999897 0.000000 -1.617936 0.000000 0.000000 1.000000 0.000000
0.999867 -0.016303 0.000000 65.746452 0.016303 0.999867 0.000000 -1.568808 0.000000 0.000000 1.000000 0.000000
0.999826 -0.018641 0.000000 67.887838 0.018641 0.999826 0.000000 -1.561430 0.000000 0.000000 1.000000 0.000000
0.999777 -0.021113 0.000000 69.976710 0.021113 0.999777 0.000000 -1.523472 0.000000 0.000000 1.000000 0.000000
0.999746 -0.022549 0.000000 72.036858 0.022549 0.999746 0.000000 -1.459583 0.000000 0.000000 1.000000 0.000000
0.999667 -0.025788 0.000000 74.053790 0.025788 0.999667 0.000000 -1.421540 0.000000 0.000000 1.000000 0.000000
0.999629 -0.027236 0.000000 76.151926 0.027236 0.999629 0.000000 -1.370673 0.000000 0.000000 1.000000 0.000000
0.999415 -0.034213 0.000000 78.293724 0.034213 0.999415 0.000000 -1.354196 0.000000 0.000000 1.000000 0.000000
0.999229 -0.039252 0.000000 80.402058 0.039252 0.999229 0.000000 -1.264735 0.000000 0.000000 1.000000 0.000000
0.999146 -0.041312 0.000000 82.411364 0.041312 0.999146 0.000000 -1.074285 0.000000 0.000000 1.000000 0.000000
0.998975 -0.045265 0.000000 84.515547 0.045265 0.998975 0.000000 -1.002185 0.000000 0.000000 1.000000 0.000000
0.998762 -0.049738 0.000000 86.638128 0.049738 0.998762 0.000000 -0.927024 0.000000 0.000000 1.000000 0.000000
0.998613 -0.052659 0.000000 88.809251 0.052659 0.998613 0.000000 -0.783911 0.000000 0.000000 1.000000 0.000000
0.998444 -0.055756 0.000000 90.956417 0.055756 0.998444 0.000000 -0.662550 0.000000 0.000000 1.000000 0.000000
0.998335 -0.057681 0.000000 93.136228 0.057681 0.998335 0.000000 -0.514066 0.000000 0.000000 1.000000 0.000000
0.998288 -0.058497 0.000000 95.320864 0.058497 0.998288 0.000000 -0.407521 0.000000 0.000000 1.000000 0.000000
0.998204 -0.059900 0.000000 97.479151 0.059900 0.998204 0.000000 -0.250674 0.000000 0.000000 1.000000 0.000000
0.997933 -0.064260 0.000000 99.698234 0.064260 0.997933 0.000000 -0.086611 0.000000 0.000000 1.000000 0.000000
0.997695 -0.067861 0.000000 101.923285 0.067861 0.997695 0.000000 0.074097 0.000000 0.000000 1.000000 0.000000
0.997506 -0.070580 0.000000 104.195319 0.070580 0.997506 0.000000 0.227698 0.000000 0.000000 1.000000 0.000000
0.997349 -0.072770 0.000000 106.424769 0.072770 0.997349 0.000000 0.414404 0.000000 0.000000 1.000000 0.000000
0.997268 -0.073865 0.000000 108.704691 0.073865 0.997268 0.000000 0.586157 0.000000 0.000000 1.000000 0.000000
0.997220 -0.074516 0.000000 111.012081 0.074516 0.997220 0.000000 0.738986 0.000000 0.000000 1.000000 0.000000
0.997356 -0.072676 0.000000 113.310776 0.072676 0.997356 0.000000 0.923331 0.000000 0.000000 1.000000 0.000000
0.997515 -0.070453 0.000000 115.615279 0.070453 0.997515 0.000000 1.058315 0.000000 0.000000 1.000000 0.000000
0.997626 -0.068859 0.000000 117.917889 0.068859 0.997626 0.000000 1.232978 0.000000 0.000000 1.000000 0.000000
0.997753 -0.067001 0.000000 120.233222 0.067001 0.997753 0.000000 1.418594 0.000000 0.000000 1.000000 0.000000
0.997833 -0.065796 0.000000 122.498748 0.065796 0.997833 0.000000 1.557648 0.000000 0.000000 1.000000 0.000000
0.997839 -0.065701 0.000000 124.739514 0.065701 0.997839 0.000000 1.724683 0.000000 0.000000 1.000000 0.000000
0.997866 -0.065288 0.000000 126.989285 0.065288 0.997866 0.000000 1.848080 0.000000 0.000000 1.000000 0.000000
0.997839 -0.065713 0.000000 129.212087 0.065713 0.997839 0.000000 2.003807 0.000000 0.000000 1.000000 0.000000
0.997855 -0.065469 0.000000 131.349273 0.065469 0.997855 0.000000 2.143381 0.000000 0.000000 1.000000 0.000000
0.997897 -0.064820 0.000000 133.452407 0.064820 0.997897 0.000000 2.251158 0.000000 0.000000 1.000000 0.000000
0.997914 -0.064557 0.000000 135.674495 0.064557 0.997914 0.000000 2.430323 0.000000 0.000000 1.000000 0.000000
0.997601 -0.069222 0.000000 137.862256 0.069222 0.997601 0.000000 2.665921 0.000000 0.000000 1.000000 0.000000
0.997364 -0.072556 0.000000 139.983464 0.072556 0.997364 0.000000 2.766747 0.000000 0.000000 1.000000 0.000000
0.997124 -0.075789 0.000000 142.260914 0.075789 0.997124 0.000000 2.976358 0.000000 0.000000 1.000000 0.000000
0.996899 -0.078690 0.000000 144.477534 0.078690 0.996899 0.000000 3.154829 0.000000 0.000000 1.000000 0.000000
0.996651 -0.081768 0.000000 146.700715 0.081768 0.996651 0.000000 3.330099 0.000000 0.000000 1.000000 0.000000
0.996356 -0.085297 0.000000 148.970373 0.085297 0.996356 0.000000 3.539766 0.000000 0.000000 1.000000 0.000000
0.995915 -0.090295 0.000000 151.225461 0.090295 0.995915 0.000000 3.740878 0.000000 0.000000 1.000000 0.000000
0.995485 -0.094921 0.000000 153.485060 0.094921 0.995485 0.000000 3.968765 0.000000 0.000000 1.000000 0.000000
0.995066 -0.099212 0.000000 155.763277 0.099212 0.995066 0.000000 4.183931 0.000000 0.000000 1.000000 0.000000
0.994649 -0.103310 0.000000 158.069977 0.103310 0.994649 0.000000 4.406519 0.000000 0.000000 1.000000 0.000000
0.994206 -0.107487 0.000000 160.334541 0.107487 0.994206 0.000000 4.632520 0.000000 0.000000 1.000000 0.000000
0.994007 -0.109316 0.000000 162.648909 0.109316 0.994007 0.000000 4.934851 0.000000 0.000000 1.000000 0.000000
0.993773 -0.111426 0.000000 164.981681 0.111426 0.993773 0.000000 5.186884 0.000000 0.000000 1.000000 0.000000
0.993321 -0.115381 0.000000 167.277445 0.115381 0.993321 0.000000 5.482808 0.000000 0.000000 1.000000 0.000000
0.992741 -0.120274 0.000000 169.615237 0.120274 0.992741 0.000000 5.793383 0.000000 0.000000 1.000000 0.000000
0.992244 -0.124308 0.000000 171.954385 0.124308 0.992244 0.000000 6.072694 0.000000 0.000000 1.000000 0.000000
0.991577 -0.129517 0.000000 174.283025 0.129517 0.991577 0.000000 6.380414 0.000000 0.000000 1.000000 0.000000
0.991069 -0.133347 0.000000 176.629682 0.133347 0.991069 0.000000 6.717078 0.000000 0.000000 1.000000 0.000000
0.990545 -0.137185 0.000000 178.952180 0.137185 0.990545 0.000000 6.997032 0.000000 0.000000 1.000000 0.000000
0.990061 -0.140640 0.000000 181.385330 0.140640 0.990061 0.000000 7.341474 0.000000 0.000000 1.000000 0.000000
0.989596 -0.143873 0.000000 183.781424 0.143873 0.989596 0.000000 7.741569 0.000000 0.000000 1.000000 0.000000
0.989109 -0.147186 0.000000 186.195089 0.147186 0.989109 0.000000 8.091606 0.000000 0.000000 1.000000 0.000000
0.988541 -0.150952 0.000000 188.603917 0.150952 0.988541 0.000000 8.475877 0.000000 0.000000 1.000000 0.000000
0.987757 -0.156002 0.000000 190.957822 0.156002 0.987757 0.000000 8.866468 0.000000 0.000000 1.000000 0.000000
0.986874 -0.161492 0.000000 193.375600 0.161492 0.986874 0.000000 9.263471 0.000000 0.000000 1.000000 0.000000
0.985827 -0.167764 0.000000 195.727071 0.167764 0.985827 0.000000 9.683403 0.000000 0.000000 1.000000 0.000000
0.985105 -0.171954 0.000000 198.012514 0.171954 0.985105 0.000000 10.075820 0.000000 0.000000 1.000000 0.000000
0.983975 -0.178305 0.000000 200.280708 0.178305 0.983975 0.000000 10.509939 0.000000 0.000000 1.000000 0.000000
0.983124 -0.182942 0.000000 202.518764 0.182942 0.983124 0.000000 10.951166 0.000000 0.000000 1.000000 0.000000
0.982286 -0.187390 0.000000 204.720381 0.187390 0.982286 0.000000 11.388310 0.000000 0.000000 1.000000 0.000000
0.981404 -0.191952 0.000000 206.895158 0.191952 0.981404 0.000000 11.768933 0.000000 0.000000 1.000000 0.000000
0.980363 -0.197202 0.000000 209.136519 0.197202 0.980363 0.000000 12.267629 0.000000 0.000000 1.000000 0.000000
0.979376 -0.202046 0.000000 211.387566 0.202046 0.979376 0.000000 12.724820 0.000000 0.000000 1.000000 0.000000
0.978306 -0.207163 0.000000 213.514182 0.207163 0.978306 0.000000 13.171085 0.000000 0.000000 1.000000 0.000000
0.977562 -0.210649 0.000000 215.780447 0.210649 0.977562 0.000000 13.664383 0.000000 0.000000 1.000000 0.000000
0.976696 -0.214627 0.000000 218.033270 0.214627 0.976696 0.000000 14.147805 0.000000 0.000000 1.000000 0.000000
0.976260 -0.216603 0.000000 220.258260 0.216603 0.976260 0.000000 14.691260 0.000000 0.000000 1.000000 0.000000
0.975789 -0.218712 0.000000 222.530782 0.218712 0.975789 0.000000 15.201909 0.000000 0.000000 1.000000 0.000000
0.975198 -0.221333 0.000000 224.831016 0.221333 0.975198 0.000000 15.719467 0.000000 0.000000 1.000000 0.000000
0.974616 -0.223881 0.000000 227.091006 0.223881 0.974616 0.000000 16.286167 0.000000 0.000000 1.000000 0.000000
0.974021 -0.226457 0.000000 229.348410 0.226457 0.974021 0.000000 16.803008 0.000000 0.000000 1.000000 0.000000
0.973185 -0.230023 0.000000 231.637244 0.230023 0.973185 0.000000 17.367815 0.000000 0.000000 1.000000 0.000000
0.972313 -0.233684 0.000000 233.914128 0.233684 0.972313 0.000000 17.904632 0.000000 0.000000 1.000000 0.000000
0.971201 -0.238261 0.000000 236.209578 0.238261 0.971201 0.000000 18.493422 0.000000 0.000000 1.000000 0.000000
0.970375 -0.241605 0.000000 238.479224 0.241605 0.970375 0.000000 19.020686 0.000000 0.000000 1.000000 0.000000
0.969056 -0.246841 0.000000 240.779263 0.246841 0.969056 0.000000 19.653745 0.000000 0.000000 1.000000 0.000000
0.967603 -0.252478 0.000000 243.043869 0.252478 0.967603 0.000000 20.274020 0.000000 0.000000 1.000000 0.000000
0.966462 -0.256809 0.000000 245.449166 0.256809 0.966462 0.000000 20.891284 0.000000 0.000000 1.000000 0.000000
0.964864 -0.262751 0.000000 247.784485 0.262751 0.964864 0.000000 21.524717 0.000000 0.000000 1.000000 0.000000
0.963781 -0.266695 0.000000 250.109127 0.266695 0.963781 0.000000 22.156327 0.000000 0.000000 1.000000 0.000000
0.962404 -0.271623 0.000000 252.501049 0.271623 0.962404 0.000000 22.847651 0.000000 0.000000 1.000000 0.000000
0.961217 -0.275792 0.000000 254.868283 0.275792 0.961217 0.000000 23.512300 0.000000 0.000000 1.000000 0.000000
0.959905 -0.280324 0.000000 257.278453 0.280324 0.959905 0.000000 24.162091 0.000000 0.000000 1.000000 0.000000
0.958897 -0.283754 0.000000 259.649322 0.283754 0.958897 0.000000 24.889334 0.000000 0.000000 1.000000 0.000000
0.958328 -0.285670 0.000000 262.078049 0.285670 0.958328 0.000000 25.591054 0.000000 0.000000 1.000000 0.000000
0.957472 -0.288526 0.000000 264.444631 0.288526 0.957472 0.000000 26.375905 0.000000 0.000000 1.000000 0.000000
0.956520 -0.291668 0.000000 266.788065 0.291668 0.956520 0.000000 27.078281 0.000000 0.000000 1.000000 0.000000
0.955295 -0.295655 0.000000 269.175669 0.295655 0.955295 0.000000 27.816361 0.000000 0.000000 1.000000 0.000000
0.954707 -0.297547 0.000000 271.424377 0.297547 0.954707 0.000000 28.521251 0.000000 0.000000 1.000000 0.000000
0.953890 -0.300157 0.000000 273.735852 0.300157 0.953890 0.000000 29.257835 0.000000 0.000000 1.000000 0.000000
0.953135 -0.302545 0.000000 276.000724 0.302545 0.953135 0.000000 29.979903 0.000000 0.000000 1.000000 0.000000
0.952544 -0.304402 0.000000 278.264780 0.304402 0.952544 0.000000 30.692878 0.000000 0.000000 1.000000 0.000000
0.951845 -0.306581 0.000000 280.493859 0.306581 0.951845 0.000000 31.399327 0.000000 0.000000 1.000000 0.000000
0.951387 -0.307997 0.000000 282.648364 0.307997 0.951387 0.000000 32.146025 0.000000 0.000000 1.000000 0.000000
0.950497 -0.310733 0.000000 284.781591 0.310733 0.950497 0.000000 32.830747 0.000000 0.000000 1.000000 0.000000
0.949465 -0.313874 0.000000 286.949013 0.313874 0.949465 0.000000 33.503516 0.000000 0.000000 1.000000 0.000000
0.948426 -0.316997 0.000000 288.959293 0.316997 0.948426 0.000000 34.219907 0.000000 0.000000 1.000000 0.000000
0.947367 -0.320150 0.000000 290.928669 0.320150 0.947367 0.000000 34.813024 0.000000 0.000000 1.000000 0.000000
0.946080 -0.323934 0.000000 292.815746 0.323934 0.946080 0.000000 35.529504 0.000000 0.000000 1.000000 0.000000
0.944264 -0.329189 0.000000 294.667366 0.329189 0.944264 0.000000 36.111481 0.000000 0.000000 1.000000 0.000000
0.942266 -0.334865 0.000000 296.523397 0.334865 0.942266 0.000000 36.825528 0.000000 0.000000 1.000000 0.000000
0.940011 -0.341143 0.000000 298.372544 0.341143 0.940011 0.000000 37.476501 0.000000 0.000000 1.000000 0.000000
0.937861 -0.347011 0.000000 300.129473 0.347011 0.937861 0.000000 38.065737 0.000000 0.000000 1.000000 0.000000
0.935485 -0.353367 0.000000 301.803946 0.353367 0.935485 0.000000 38.686209 0.000000 0.000000 1.000000 0.000000
0.933946 -0.357415 0.000000 303.569407 0.357415 0.933946 0.000000 39.346781 0.000000 0.000000 1.000000 0.000000
0.932677 -0.360713 0.000000 305.247927 0.360713 0.932677 0.000000 40.028532 0.000000 0.000000 1.000000 0.000000
0.932008 -0.362439 0.000000 306.891744 0.362439 0.932008 0.000000 40.669609 0.000000 0.000000 1.000000 0.000000
0.931452 -0.363863 0.000000 308.542947 0.363863 0.931452 0.000000 41.323300 0.000000 0.000000 1.000000 0.000000
0.931808 -0.362952 0.000000 310.093696 0.362952 0.931808 0.000000 41.914592 0.000000 0.000000 1.000000 0.000000
0.934961 -0.354749 0.000000 311.628573 0.354749 0.934961 0.000000 42.470802 0.000000 0.000000 1.000000 0.000000
0.939820 -0.341670 0.000000 313.084522 0.341670 0.939820 0.000000 42.976310 0.000000 0.000000 1.000000 0.000000
0.947876 -0.318640 0.000000 314.527992 0.318640 0.947876 0.000000 43.388586 0.000000 0.000000 1.000000 0.000000
0.959438 -0.281919 0.000000 315.822567 0.281919 0.959438 0.000000 43.789393 0.000000 0.000000 1.000000 0.000000
0.973967 -0.226689 0.000000 317.147824 0.226689 0.973967 0.000000 43.996672 0.000000 0.000000 1.000000 0.000000
0.987318 -0.158755 0.000000 318.348683 0.158755 0.987318 0.000000 44.075837 0.000000 0.000000 1.000000 0.000000
0.996644 -0.081856 0.000000 319.481532 0.081856 0.996644 0.000000 44.083614 0.000000 0.000000 1.000000 0.000000
0.999956 0.009421 0.000000 320.557375 -0.009421 0.999956 0.000000 44.006095 0.000000 0.000000 1.000000 0.000000
0.993841 0.110816 0.000000 321.625414 -0.110816 0.993841 0.000000 43.739055 0.000000 0.000000 1.000000 0.000000
0.975102 0.221757 0.000000 322.658284 -0.221757 0.975102 0.000000 43.385929 0.000000 0.000000 1.000000 0.000000
0.939251 0.343231 0.000000 323.607624 -0.343231 0.939251 0.000000 42.922031 0.000000 0.000000 1.000000 0.000000
0.884313 0.466894 0.000000 324.456832 -0.466894 0.884313 0.000000 42.277318 0.000000 0.000000 1.000000 0.000000
0.808216 0.588886 0.000000 325.215758 -0.588886 0.808216 0.000000 41.651480 0.000000 0.000000 1.000000 0.000000
0.714408 0.699729 0.000000 325.827250 -0.699729 0.714408 0.000000 40.776338 0.000000 0.000000 1.000000 0.000000
0.602045 0.798462 0.000000 326.321563 -0.798462 0.602045 0.000000 39.809137 0.000000 0.000000 1.000000 0.000000
0.480809 0.876825 0.000000 326.677385 -0.876825 0.480809 0.000000 38.834534 0.000000 0.000000 1.000000 0.000000
0.358778 0.933423 0.000000 326.955295 -0.933423 0.358778 0.000000 37.731479 0.000000 0.000000 1.000000 0.000000
0.244963 0.969532 0.000000 327.140028 -0.969532 0.244963 0.000000 36.623631 0.000000 0.000000 1.000000 0.000000
0.159636 0.987176 0.000000 327.162578 -0.987176 0.159636 0.000000 35.515343 0.000000 0.000000 1.000000 0.000000
0.110477 0.993879 0.000000 327.219609 -0.993879 0.110477 0.000000 34.375426 0.000000 0.000000 1.000000 0.000000
0.087035 0.996205 0.000000 327.480042 -0.996205 0.087035 0.000000 32.779592 0.000000 0.000000 1.000000 0.000000
0.074022 0.997257 0.000000 327.753448 -0.997257 0.074022 0.000000 31.294867 0.000000 0.000000 1.000000 0.000000
0.065002 0.997885 0.000000 327.805169 -0.997885 0.065002 0.000000 29.820195 0.000000 0.000000 1.000000 0.000000
0.055424 0.998463 0.000000 327.845475 -0.998463 0.055424 0.000000 28.428363 0.000000 0.000000 1.000000 0.000000
0.049179 0.998790 0.000000 327.931409 -0.998790 0.049179 0.000000 26.917159 0.000000 0.000000 1.000000 0.000000
0.053686 0.998558 0.000000 327.987770 -0.998558 0.053686 0.000000 25.295662 0.000000 0.000000 1.000000 0.000000
0.059734 0.998214 0.000000 328.110118 -0.998214 0.059734 0.000000 23.628667 0.000000 0.000000 1.000000 0.000000
0.062371 0.998053 0.000000 328.228252 -0.998053 0.062371 0.000000 21.974687 0.000000 0.000000 1.000000 0.000000
0.061867 0.998084 0.000000 328.320096 -0.998084 0.061867 0.000000 20.251384 0.000000 0.000000 1.000000 0.000000
0.061953 0.998079 0.000000 328.438491 -0.998079 0.061953 0.000000 18.498759 0.000000 0.000000 1.000000 0.000000
0.061544 0.998104 0.000000 328.544151 -0.998104 0.061544 0.000000 16.692319 0.000000 0.000000 1.000000 0.000000
0.061866 0.998084 0.000000 328.625050 -0.998084 0.061866 0.000000 14.814770 0.000000 0.000000 1.000000 0.000000
0.061656 0.998097 0.000000 328.755746 -0.998097 0.061656 0.000000 12.927718 0.000000 0.000000 1.000000 0.000000
0.059564 0.998224 0.000000 328.895297 -0.998224 0.059564 0.000000 11.035911 0.000000 0.000000 1.000000 0.000000
0.057865 0.998324 0.000000 329.005263 -0.998324 0.057865 0.000000 9.059644 0.000000 0.000000 1.000000 0.000000
0.057862 0.998325 0.000000 329.110253 -0.998325 0.057862 0.000000 7.016549 0.000000 0.000000 1.000000 0.000000
0.057065 0.998370 0.000000 329.230299 -0.998370 0.057065 0.000000 4.944992 0.000000 0.000000 1.000000 0.000000
0.057527 0.998344 0.000000 329.355177 -0.998344 0.057527 0.000000 2.888605 0.000000 0.000000 1.000000 0.000000
0.060522 0.998167 0.000000 329.522704 -0.998167 0.060522 0.000000 0.733927 0.000000 0.000000 1.000000 0.000000
0.061942 0.998080 0.000000 329.624178 -0.998080 0.061942 0.000000 -1.409172 0.000000 0.000000 1.000000 0.000000
0.063324 0.997993 0.000000 329.782915 -0.997993 0.063324 0.000000 -3.628743 0.000000 0.000000 1.000000 0.000000
0.063381 0.997989 0.000000 329.859602 -0.997989 0.063381 0.000000 -5.897555 0.000000 0.000000 1.000000 0.000000
0.064085 0.997944 0.000000 329.974400 -0.997944 0.064085 0.000000 -8.137231 0.000000 0.000000 1.000000 0.000000
0.064553 0.997914 0.000000 330.159084 -0.997914 0.064553 0.000000 -10.399560 0.000000 0.000000 1.000000 0.000000
0.065986 0.997821 0.000000 330.337133 -0.997821 0.065986 0.000000 -12.632661 0.000000 0.000000 1.000000 0.000000
0.066088 0.997814 0.000000 330.520820 -0.997814 0.066088 0.000000 -14.859978 0.000000 0.000000 1.000000 0.000000
0.066423 0.997792 0.000000 330.626559 -0.997792 0.066423 0.000000 -17.039231 0.000000 0.000000 1.000000 0.000000
0.066002 0.997820 0.000000 330.775945 -0.997820 0.066002 0.000000 -19.179547 0.000000 0.000000 1.000000 0.000000
0.065301 0.997866 0.000000 330.957335 -0.997866 0.065301 0.000000 -21.398375 0.000000 0.000000 1.000000 0.000000
0.065982 0.997821 0.000000 331.053044 -0.997821 0.065982 0.000000 -23.523651 0.000000 0.000000 1.000000 0.000000
0.065745 0.997836 0.000000 331.211472 -0.997836 0.065745 0.000000 -25.569268 0.000000 0.000000 1.000000 0.000000
0.065108 0.997878 0.000000 331.329818 -0.997878 0.065108 0.000000 -27.642724 0.000000 0.000000 1.000000 0.000000
0.063817 0.997962 0.000000 331.456535 -0.997962 0.063817 0.000000 -29.545953 0.000000 0.000000 1.000000 0.000000
0.062548 0.998042 0.000000 331.613936 -0.998042 0.062548 0.000000 -31.349090 0.000000 0.000000 1.000000 0.000000
0.062205 0.998063 0.000000 331.769546 -0.998063 0.062205 0.000000 -33.195491 0.000000 0.000000 1.000000 0.000000
0.063701 0.997969 0.000000 331.862251 -0.997969 0.063701 0.000000 -34.998314 0.000000 0.000000 1.000000 0.000000
0.067169 0.997742 0.000000 331.933692 -0.997742 0.067169 0.000000 -36.817132 0.000000 0.000000 1.000000 0.000000
0.071701 0.997426 0.000000 332.085139 -0.997426 0.071701 0.000000 -38.521370 0.000000 0.000000 1.000000 0.000000
0.073226 0.997315 0.000000 332.273047 -0.997315 0.073226 0.000000 -40.260209 0.000000 0.000000 1.000000 0.000000
0.074532 0.997219 0.000000 332.512065 -0.997219 0.074532 0.000000 -42.177251 0.000000 0.000000 1.000000 0.000000
0.074142 0.997248 0.000000 332.556627 -0.997248 0.074142 0.000000 -43.840259 0.000000 0.000000 1.000000 0.000000
0.075064 0.997179 0.000000 332.659863 -0.997179 0.075064 0.000000 -45.593844 0.000000 0.000000 1.000000 0.000000
0.076563 0.997065 0.000000 332.780991 -0.997065 0.076563 0.000000 -47.422754 0.000000 0.000000 1.000000 0.000000
0.075494 0.997146 0.000000 332.960381 -0.997146 0.075494 0.000000 -49.183921 0.000000 0.000000 1.000000 0.000000
0.075955 0.997111 0.000000 333.109679 -0.997111 0.075955 0.000000 -50.945147 0.000000 0.000000 1.000000 0.000000
0.075893 0.997116 0.000000 333.247666 -0.997116 0.075893 0.000000 -52.740432 0.000000 0.000000 1.000000 0.000000
0.075362 0.997156 0.000000 333.435917 -0.997156 0.075362 0.000000 -54.534847 0.000000 0.000000 1.000000 0.000000
0.076570 0.997064 0.000000 333.589228 -0.997064 0.076570 0.000000 -56.363316 0.000000 0.000000 1.000000 0.000000
0.077806 0.996968 0.000000 333.680545 -0.996968 0.077806 0.000000 -58.101150 0.000000 0.000000 1.000000 0.000000
0.075716 0.997129 0.000000 333.875909 -0.997129 0.075716 0.000000 -59.840724 0.000000 0.000000 1.000000 0.000000
0.077179 0.997017 0.000000 334.028028 -0.997017 0.077179 0.000000 -61.635351 0.000000 0.000000 1.000000 0.000000
0.076722 0.997053 0.000000 334.147429 -0.997053 0.076722 0.000000 -63.330877 0.000000 0.000000 1.000000 0.000000
0.075297 0.997161 0.000000 334.272171 -0.997161 0.075297 0.000000 -65.056035 0.000000 0.000000 1.000000 0.000000
0.074583 0.997215 0.000000 334.406996 -0.997215 0.074583 0.000000 -66.638514 0.000000 0.000000 1.000000 0.000000
0.074005 0.997258 0.000000 334.531559 -0.997258 0.074005 0.000000 -68.305906 0.000000 0.000000 1.000000 0.000000
0.072004 0.997404 0.000000 334.619717 -0.997404 0.072004 0.000000 -70.032715 0.000000 0.000000 1.000000 0.000000
0.073529 0.997293 0.000000 334.768573 -0.997293 0.073529 0.000000 -71.627300 0.000000 0.000000 1.000000 0.000000
0.070296 0.997526 0.000000 334.964530 -0.997526 0.070296 0.000000 -73.159619 0.000000 0.000000 1.000000 0.000000
0.066514 0.997785 0.000000 335.091931 -0.997785 0.066514 0.000000 -74.755227 0.000000 0.000000 1.000000 0.000000
0.065845 0.997830 0.000000 335.149885 -0.997830 0.065845 0.000000 -76.375132 0.000000 0.000000 1.000000 0.000000
0.066978 0.997754 0.000000 335.280561 -0.997754 0.066978 0.000000 -77.994445 0.000000 0.000000 1.000000 0.000000
0.067934 0.997690 0.000000 335.373998 -0.997690 0.067934 0.000000 -79.596798 0.000000 0.000000 1.000000 0.000000
0.068519 0.997650 0.000000 335.457897 -0.997650 0.068519 0.000000 -81.115593 0.000000 0.000000 1.000000 0.000000
0.067475 0.997721 0.000000 335.530981 -0.997721 0.067475 0.000000 -82.607345 0.000000 0.000000 1.000000 0.000000
0.067264 0.997735 0.000000 335.586956 -0.997735 0.067264 0.000000 -83.971560 0.000000 0.000000 1.000000 0.000000
0.067705 0.997705 0.000000 335.662725 -0.997705 0.067705 0.000000 -85.183748 0.000000 0.000000 1.000000 0.000000
0.067664 0.997708 0.000000 335.775856 -0.997708 0.067664 0.000000 -86.397782 0.000000 0.000000 1.000000 0.000000
0.069787 0.997562 0.000000 335.919081 -0.997562 0.069787 0.000000 -87.545270 0.000000 0.000000 1.000000 0.000000
0.070214 0.997532 0.000000 335.804850 -0.997532 0.070214 0.000000 -88.708399 0.000000 0.000000 1.000000 0.000000
0.070455 0.997515 0.000000 335.989606 -0.997515 0.070455 0.000000 -89.524098 0.000000 0.000000 1.000000 0.000000
0.067861 0.997695 0.000000 336.011558 -0.997695 0.067861 0.000000 -90.437387 0.000000 0.000000 1.000000 0.000000
0.070576 0.997506 0.000000 336.062968 -0.997506 0.070576 0.000000 -91.294941 0.000000 0.000000 1.000000 0.000000
0.071166 0.997464 0.000000 336.119623 -0.997464 0.071166 0.000000 -92.099150 0.000000 0.000000 1.000000 0.000000
0.070762 0.997493 0.000000 336.214782 -0.997493 0.070762 0.000000 -92.822987 0.000000 0.000000 1.000000 0.000000
0.072390 0.997376 0.000000 336.135578 -0.997376 0.072390 0.000000 -93.523306 0.000000 0.000000 1.000000 0.000000
0.072504 0.997368 0.000000 336.270973 -0.997368 0.072504 0.000000 -94.087987 0.000000 0.000000 1.000000 0.000000
0.071348 0.997452 0.000000 336.279812 -0.997452 0.071348 0.000000 -94.731034 0.000000 0.000000 1.000000 0.000000
0.073323 0.997308 0.000000 336.370018 -0.997308 0.073323 0.000000 -95.396290 0.000000 0.000000 1.000000 0.000000
0.072526 0.997367 0.000000 336.355096 -0.997367 0.072526 0.000000 -96.126119 0.000000 0.000000 1.000000 0.000000
0.075098 0.997176 0.000000 336.404985 -0.997176 0.075098 0.000000 -96.716036 0.000000 0.000000 1.000000 0.000000
0.075870 0.997118 0.000000 336.456676 -0.997118 0.075870 0.000000 -97.351714 0.000000 0.000000 1.000000 0.000000
0.075986 0.997109 0.000000 336.548025 -0.997109 0.075986 0.000000 -97.960252 0.000000 0.000000 1.000000 0.000000
0.076595 0.997062 0.000000 336.650661 -0.997062 0.076595 0.000000 -98.526558 0.000000 0.000000 1.000000 0.000000
0.077148 0.997020 0.000000 336.598446 -0.997020 0.077148 0.000000 -99.125343 0.000000 0.000000 1.000000 0.000000
0.078317 0.996929 0.000000 336.763546 -0.996929 0.078317 0.000000 -99.765578 0.000000 0.000000 1.000000 0.000000
0.080305 0.996770 0.000000 336.788501 -0.996770 0.080305 0.000000 -100.330450 0.000000 0.000000 1.000000 0.000000
0.084514 0.996422 0.000000 336.760889 -0.996422 0.084514 0.000000 -100.891798 0.000000 0.000000 1.000000 0.000000
0.086917 0.996216 0.000000 336.812483 -0.996216 0.086917 0.000000 -101.407534 0.000000 0.000000 1.000000 0.000000
0.086047 0.996291 0.000000 336.878018 -0.996291 0.086047 0.000000 -101.953211 0.000000 0.000000 1.000000 0.000000
0.083706 0.996490 0.000000 336.868839 -0.996490 0.083706 0.000000 -102.523663 0.000000 0.000000 1.000000 0.000000
0.079956 0.996798 0.000000 336.957041 -0.996798 0.079956 0.000000 -103.098194 0.000000 0.000000 1.000000 0.000000
0.075909 0.997115 0.000000 336.993430 -0.997115 0.075909 0.000000 -103.776254 0.000000 0.000000 1.000000 0.000000
0.066194 0.997807 0.000000 336.998213 -0.997807 0.066194 0.000000 -104.486654 0.000000 0.000000 1.000000 0.000000
0.048322 0.998832 0.000000 337.010763 -0.998832 0.048322 0.000000 -105.183828 0.000000 0.000000 1.000000 0.000000
0.018897 0.999821 0.000000 336.983399 -0.999821 0.018897 0.000000 -105.954238 0.000000 0.000000 1.000000 0.000000
-0.017936 0.999839 0.000000 336.959048 -0.999839 -0.017936 0.000000 -106.784760 0.000000 0.000000 1.000000 0.000000
-0.061435 0.998111 0.000000 336.835882 -0.998111 -0.061435 0.000000 -107.607574 0.000000 0.000000 1.000000 0.000000
-0.114887 0.993379 0.000000 336.704504 -0.993379 -0.114887 0.000000 -108.527706 0.000000 0.000000 1.000000 0.000000
-0.175604 0.984461 0.000000 336.515937 -0.984461 -0.175604 0.000000 -109.442203 0.000000 0.000000 1.000000 0.000000
-0.237513 0.971384 0.000000 336.268980 -0.971384 -0.237513 0.000000 -110.404722 0.000000 0.000000 1.000000 0.000000
-0.300272 0.953854 0.000000 335.987998 -0.953854 -0.300272 0.000000 -111.445504 0.000000 0.000000 1.000000 0.000000
-0.364436 0.931228 0.000000 335.520001 -0.931228 -0.364436 0.000000 -112.478850 0.000000 0.000000 1.000000 0.000000
-0.422736 0.906253 0.000000 335.038575 -0.906253 -0.422736 0.000000 -113.354130 0.000000 0.000000 1.000000 0.000000
-0.475973 0.879460 0.000000 334.402986 -0.879460 -0.475973 0.000000 -114.231955 0.000000 0.000000 1.000000 0.000000
-0.525441 0.850830 0.000000 333.719927 -0.850830 -0.525441 0.000000 -115.203012 0.000000 0.000000 1.000000 0.000000
-0.572477 0.819921 0.000000 333.043692 -0.819921 -0.572477 0.000000 -116.066532 0.000000 0.000000 1.000000 0.000000
-0.615973 0.787767 0.000000 332.317662 -0.787767 -0.615973 0.000000 -116.988660 0.000000 0.000000 1.000000 0.000000
-0.654136 0.756377 0.000000 331.477619 -0.756377 -0.654136 0.000000 -117.942049 0.000000 0.000000 1.000000 0.000000
-0.687032 0.726627 0.000000 330.518208 -0.726627 -0.687032 0.000000 -118.860063 0.000000 0.000000 1.000000 0.000000
-0.717913 0.696132 0.000000 329.564244 -0.696132 -0.717913 0.000000 -119.776953 0.000000 0.000000 1.000000 0.000000
-0.747074 0.664741 0.000000 328.505736 -0.664741 -0.747074 0.000000 -120.650196 0.000000 0.000000 1.000000 0.000000
-0.774312 0.632804 0.000000 327.329597 -0.632804 -0.774312 0.000000 -121.507843 0.000000 0.000000 1.000000 0.000000
-0.800228 0.599696 0.000000 326.142979 -0.599696 -0.800228 0.000000 -122.383573 0.000000 0.000000 1.000000 0.000000
-0.822807 0.568322 0.000000 324.858802 -0.568322 -0.822807 0.000000 -123.245593 0.000000 0.000000 1.000000 0.000000
-0.843687 0.536835 0.000000 323.503002 -0.536835 -0.843687 0.000000 -124.080415 0.000000 0.000000 1.000000 0.000000
-0.863849 0.503750 0.000000 322.049153 -0.503750 -0.863849 0.000000 -124.885189 0.000000 0.000000 1.000000 0.000000
-0.882789 0.469769 0.000000 320.551710 -0.469769 -0.882789 0.000000 -125.643117 0.000000 0.000000 1.000000 0.000000
-0.900916 0.433993 0.000000 319.034817 -0.433993 -0.900916 0.000000 -126.356026 0.000000 0.000000 1.000000 0.000000
-0.914240 0.405172 0.000000 317.539533 -0.405172 -0.914240 0.000000 -126.990893 0.000000 0.000000 1.000000 0.000000
-0.925111 0.379698 0.000000 315.929149 -0.379698 -0.925111 0.000000 -127.595038 0.000000 0.000000 1.000000 0.000000
-0.932817 0.360350 0.000000 314.350959 -0.360350 -0.932817 0.000000 -128.227213 0.000000 0.000000 1.000000 0.000000
-0.936587 0.350436 0.000000 312.742832 -0.350436 -0.936587 0.000000 -128.849579 0.000000 0.000000 1.000000 0.000000
-0.937624 0.347650 0.000000 311.091909 -0.347650 -0.937624 0.000000 -129.449447 0.000000 0.000000 1.000000 0.000000
-0.938940 0.344081 0.000000 309.374058 -0.344081 -0.938940 0.000000 -130.037740 0.000000 0.000000 1.000000 0.000000
-0.939207 0.343352 0.000000 307.663154 -0.343352 -0.939207 0.000000 -130.759106 0.000000 0.000000 1.000000 0.000000
-0.939543 0.342432 0.000000 305.935159 -0.342432 -0.939543 0.000000 -131.368932 0.000000 0.000000 1.000000 0.000000
-0.939854 0.341578 0.000000 304.221782 -0.341578 -0.939854 0.000000 -132.061516 0.000000 0.000000 1.000000 0.000000
-0.939788 0.341757 0.000000 302.413583 -0.341757 -0.939788 0.000000 -132.727559 0.000000 0.000000 1.000000 0.000000
-0.939354 0.342949 0.000000 300.549217 -0.342949 -0.939354 0.000000 -133.393956 0.000000 0.000000 1.000000 0.000000
-0.938352 0.345680 0.000000 298.693123 -0.345680 -0.938352 0.000000 -134.109814 0.000000 0.000000 1.000000 0.000000
-0.937740 0.347337 0.000000 296.790946 -0.347337 -0.937740 0.000000 -134.843912 0.000000 0.000000 1.000000 0.000000
-0.936763 0.349964 0.000000 294.852806 -0.349964 -0.936763 0.000000 -135.572584 0.000000 0.000000 1.000000 0.000000
-0.936633 0.350313 0.000000 292.889155 -0.350313 -0.936633 0.000000 -136.320001 0.000000 0.000000 1.000000 0.000000
-0.936817 0.349820 0.000000 290.921101 -0.349820 -0.936817 0.000000 -137.074465 0.000000 0.000000 1.000000 0.000000
-0.936935 0.349503 0.000000 288.922683 -0.349503 -0.936935 0.000000 -137.845647 0.000000 0.000000 1.000000 0.000000
-0.936821 0.349810 0.000000 286.896059 -0.349810 -0.936821 0.000000 -138.621043 0.000000 0.000000 1.000000 0.000000
-0.937046 0.349206 0.000000 284.764603 -0.349206 -0.937046 0.000000 -139.403784 0.000000 0.000000 1.000000 0.000000
-0.937316 0.348479 0.000000 282.691132 -0.348479 -0.937316 0.000000 -140.197821 0.000000 0.000000 1.000000 0.000000
-0.937378 0.348313 0.000000 280.552441 -0.348313 -0.937378 0.000000 -140.957561 0.000000 0.000000 1.000000 0.000000
-0.937443 0.348140 0.000000 278.347106 -0.348140 -0.937443 0.000000 -141.798224 0.000000 0.000000 1.000000 0.000000
-0.937094 0.349078 0.000000 276.136493 -0.349078 -0.937094 0.000000 -142.596751 0.000000 0.000000 1.000000 0.000000
-0.937171 0.348871 0.000000 273.961440 -0.348871 -0.937171 0.000000 -143.451406 0.000000 0.000000 1.000000 0.000000
-0.935826 0.352462 0.000000 271.806652 -0.352462 -0.935826 0.000000 -144.284793 0.000000 0.000000 1.000000 0.000000
-0.933938 0.357436 0.000000 269.516019 -0.357436 -0.933938 0.000000 -145.149521 0.000000 0.000000 1.000000 0.000000
-0.932633 0.360827 0.000000 267.250592 -0.360827 -0.932633 0.000000 -146.037124 0.000000 0.000000 1.000000 0.000000
-0.930311 0.366771 0.000000 265.035924 -0.366771 -0.930311 0.000000 -146.913753 0.000000 0.000000 1.000000 0.000000
-0.927836 0.372989 0.000000 262.814980 -0.372989 -0.927836 0.000000 -147.802074 0.000000 0.000000 1.000000 0.000000
-0.924220 0.381860 0.000000 260.547421 -0.381860 -0.924220 0.000000 -148.752728 0.000000 0.000000 1.000000 0.000000
-0.921000 0.389562 0.000000 258.291937 -0.389562 -0.921000 0.000000 -149.692235 0.000000 0.000000 1.000000 0.000000
-0.917270 0.398266 0.000000 256.122087 -0.398266 -0.917270 0.000000 -150.676710 0.000000 0.000000 1.000000 0.000000
-0.913418 0.407023 0.000000 253.898112 -0.407023 -0.913418 0.000000 -151.727281 0.000000 0.000000 1.000000 0.000000
-0.908980 0.416841 0.000000 251.717568 -0.416841 -0.908980 0.000000 -152.805227 0.000000 0.000000 1.000000 0.000000
-0.905798 0.423710 0.000000 249.486475 -0.423710 -0.905798 0.000000 -153.821751 0.000000 0.000000 1.000000 0.000000
-0.901165 0.433476 0.000000 247.276752 -0.433476 -0.901165 0.000000 -154.890925 0.000000 0.000000 1.000000 0.000000
-0.896916 0.442202 0.000000 245.079846 -0.442202 -0.896916 0.000000 -156.020871 0.000000 0.000000 1.000000 0.000000
-0.891492 0.453037 0.000000 242.893729 -0.453037 -0.891492 0.000000 -157.155327 0.000000 0.000000 1.000000 0.000000
-0.885601 0.464447 0.000000 240.686974 -0.464447 -0.885601 0.000000 -158.319976 0.000000 0.000000 1.000000 0.000000
-0.878583 0.477589 0.000000 238.542522 -0.477589 -0.878583 0.000000 -159.520111 0.000000 0.000000 1.000000 0.000000
-0.871319 0.490717 0.000000 236.374879 -0.490717 -0.871319 0.000000 -160.743267 0.000000 0.000000 1.000000 0.000000
-0.863994 0.503502 0.000000 234.241624 -0.503502 -0.863994 0.000000 -162.005882 0.000000 0.000000 1.000000 0.000000
-0.856377 0.516351 0.000000 232.084426 -0.516351 -0.856377 0.000000 -163.314148 0.000000 0.000000 1.000000 0.000000
-0.849291 0.527924 0.000000 229.909697 -0.527924 -0.849291 0.000000 -164.622675 0.000000 0.000000 1.000000 0.000000
-0.841564 0.540157 0.000000 227.845018 -0.540157 -0.841564 0.000000 -166.005451 0.000000 0.000000 1.000000 0.000000
-0.834128 0.551570 0.000000 225.765207 -0.551570 -0.834128 0.000000 -167.444796 0.000000 0.000000 1.000000 0.000000
-0.827102 0.562051 0.000000 223.680139 -0.562051 -0.827102 0.000000 -168.905119 0.000000 0.000000 1.000000 0.000000
-0.821131 0.570740 0.000000 221.544783 -0.570740 -0.821131 0.000000 -170.324639 0.000000 0.000000 1.000000 0.000000
-0.813139 0.582070 0.000000 219.536515 -0.582070 -0.813139 0.000000 -171.805863 0.000000 0.000000 1.000000 0.000000
-0.806871 0.590727 0.000000 217.467495 -0.590727 -0.806871 0.000000 -173.287531 0.000000 0.000000 1.000000 0.000000
-0.799675 0.600433 0.000000 215.494613 -0.600433 -0.799675 0.000000 -174.820221 0.000000 0.000000 1.000000 0.000000
-0.792730 0.609573 0.000000 213.509399 -0.609573 -0.792730 0.000000 -176.318149 0.000000 0.000000 1.000000 0.000000
-0.783980 0.620786 0.000000 211.656297 -0.620786 -0.783980 0.000000 -177.867979 0.000000 0.000000 1.000000 0.000000
-0.775617 0.631203 0.000000 209.715153 -0.631203 -0.775617 0.000000 -179.412723 0.000000 0.000000 1.000000 0.000000
-0.766378 0.642390 0.000000 207.788519 -0.642390 -0.766378 0.000000 -180.999459 0.000000 0.000000 1.000000 0.000000
-0.757862 0.652415 0.000000 205.945605 -0.652415 -0.757862 0.000000 -182.681531 0.000000 0.000000 1.000000 0.000000
-0.748236 0.663432 0.000000 204.103049 -0.663432 -0.748236 0.000000 -184.297859 0.000000 0.000000 1.000000 0.000000
-0.740111 0.672485 0.000000 202.271412 -0.672485 -0.740111 0.000000 -185.971321 0.000000 0.000000 1.000000 0.000000
-0.733129 0.680089 0.000000 200.529132 -0.680089 -0.733129 0.000000 -187.657581 0.000000 0.000000 1.000000 0.000000
-0.727548 0.686057 0.000000 198.745205 -0.686057 -0.727548 0.000000 -189.318073 0.000000 0.000000 1.000000 0.000000
-0.720193 0.693774 0.000000 196.922148 -0.693774 -0.720193 0.000000 -191.022732 0.000000 0.000000 1.000000 0.000000
-0.712527 0.701645 0.000000 195.120778 -0.701645 -0.712527 0.000000 -192.745077 0.000000 0.000000 1.000000 0.000000
-0.704968 0.709240 0.000000 193.458570 -0.709240 -0.704968 0.000000 -194.475455 0.000000 0.000000 1.000000 0.000000
-0.696158 0.717889 0.000000 191.790591 -0.717889 -0.696158 0.000000 -196.170195 0.000000 0.000000 1.000000 0.000000
-0.685361 0.728203 0.000000 190.127314 -0.728203 -0.685361 0.000000 -197.890892 0.000000 0.000000 1.000000 0.000000
-0.673590 0.739105 0.000000 188.543173 -0.739105 -0.673590 0.000000 -199.594621 0.000000 0.000000 1.000000 0.000000
-0.662481 0.749079 0.000000 187.058923 -0.749079 -0.662481 0.000000 -201.362960 0.000000 0.000000 1.000000 0.000000
-0.651144 0.758954 0.000000 185.599109 -0.758954 -0.651144 0.000000 -203.013185 0.000000 0.000000 1.000000 0.000000
-0.643447 0.765491 0.000000 184.222631 -0.765491 -0.643447 0.000000 -204.634474 0.000000 0.000000 1.000000 0.000000
